Instance name: /home/cuong/CLionProjects/uMV-FSTSP/Murray_Chu_2015_test_data/FSTSP/FSTSP_10_customer_problems/20140810T123443v4
Write arg val: 1

drone speed: 0.2 miles/minute
uav non-eligible customer: 4 8 
Printing tau:
0 20.1617 17.555 24.7489 26.848 22.0899 22.0816 22.3793 17.0796 19.5667 16.3153 0 
20.1617 0 8.59672 16.5872 14.8463 1.92825 1.9199 7.49765 3.32128 11.405 7.04299 20.1617 
17.555 8.59672 0 25.184 23.443 8.42508 9.39342 16.0944 11.7546 20.0018 15.6397 17.555 
24.7489 16.5872 25.184 0 20.0769 16.7589 15.7905 15.6083 13.4294 5.1822 10.0243 24.7489 
26.848 14.8463 23.443 20.0769 0 15.0179 14.0496 7.34864 11.6884 17.2947 10.5327 26.848 
22.0899 1.92825 8.42508 16.7589 15.0179 0 0.968346 7.66929 5.01036 12.5367 7.21463 22.0899 
22.0816 1.9199 9.39342 15.7905 14.0496 0.968346 0 6.70095 5.00201 12.5283 6.24629 22.0816 
22.3793 7.49765 16.0944 15.6083 7.34864 7.66929 6.70095 0 5.29976 12.8261 6.06403 22.3793 
17.0796 3.32128 11.7546 13.4294 11.6884 5.01036 5.00201 5.29976 0 8.24716 3.8851 17.0796 
19.5667 11.405 20.0018 5.1822 17.2947 12.5367 12.5283 12.8261 8.24716 0 6.76206 19.5667 
16.3153 7.04299 15.6397 10.0243 10.5327 7.21463 6.24629 6.06403 3.8851 6.76206 0 16.3153 
0 0 0 0 0 0 0 0 0 0 0 0 
Printing tau_prime:
0 25.6338 20.6951 30.2388 41.6697 27.6839 28.0835 32.1898 24.1478 25.6613 26.283 0 
25.6338 0 10.5868 25.1232 19.1891 2.28145 2.44971 9.21448 5.20038 18.3566 9.45738 25.6338 
20.6951 10.5868 0 32.2862 29.7194 11.276 12.2886 19.8012 13.8643 25.3886 18.4894 20.6951 
30.2388 25.1232 32.2862 0 23.7497 26.7584 25.9207 21.2864 19.9518 6.93179 15.9071 30.2388 
41.6697 19.1891 29.7194 23.7497 0 18.5658 17.4845 10.136 17.9521 20.7816 15.4483 41.6697 
27.6839 2.28145 11.276 26.7584 18.5658 0 1.14125 9.04478 7.08965 20.1104 10.8907 27.6839 
28.0835 2.44971 12.2886 25.9207 17.4845 1.14125 0 7.90494 6.51871 19.3468 10.0185 28.0835 
32.1898 9.21448 19.8012 21.2864 10.136 9.04478 7.90494 0 8.07267 15.8016 7.16659 32.1898 
24.1478 5.20038 13.8643 19.9518 17.9521 7.08965 6.51871 8.07267 0 13.1583 4.66638 24.1478 
25.6613 18.3566 25.3886 6.93179 20.7816 20.1104 19.3468 15.8016 13.1583 0 9.48339 25.6613 
26.283 9.45738 18.4894 15.9071 15.4483 10.8907 10.0185 7.16659 4.66638 9.48339 0 26.283 
0 0 0 0 0 0 0 0 0 0 0 0 
Warning:  Output names have been modified due to duplicate names or characters invalid in LP format.
Version identifier: 22.1.1.0 | 2022-11-28 | 9160aff4d
CPXPARAM_Emphasis_MIP                            2
CPXPARAM_MIP_Tolerances_Integrality              0
Tried aggregator 2 times.
MIP Presolve eliminated 1861 rows and 2420 columns.
MIP Presolve modified 1273 coefficients.
Aggregator did 37 substitutions.
Reduced MIP has 880 rows, 2319 columns, and 19087 nonzeros.
Reduced MIP has 2298 binaries, 0 generals, 0 SOSs, and 0 indicators.
Presolve time = 0.02 sec. (30.54 ticks)
Probing fixed 110 vars, tightened 0 bounds.
Probing changed sense of 3 constraints.
Probing time = 0.03 sec. (58.24 ticks)
Tried aggregator 2 times.
Detecting symmetries...
MIP Presolve eliminated 27 rows and 111 columns.
MIP Presolve modified 127 coefficients.
Aggregator did 3 substitutions.
Reduced MIP has 850 rows, 2205 columns, and 17393 nonzeros.
Reduced MIP has 2184 binaries, 0 generals, 0 SOSs, and 0 indicators.
Presolve time = 0.01 sec. (22.25 ticks)
Probing time = 0.01 sec. (5.62 ticks)
Clique table members: 8783.
MIP emphasis: optimality.
MIP search method: dynamic search.
Parallel mode: deterministic, using up to 20 threads.
Root relaxation solution time = 0.08 sec. (139.00 ticks)

        Nodes                                         Cuts/
   Node  Left     Objective  IInf  Best Integer    Best Bound    ItCnt     Gap

      0     0       74.9702   167                     74.9702       25         
*     0+    0                           93.1745       74.9702            19.54%
      0     0       81.6487   139       93.1745      Cuts: 47     1084   12.37%
      0     0       82.1318   166       93.1745      Cuts: 10     1380   11.85%
*     0+    0                           92.0046       82.1318            10.73%
      0     0       82.4347   190       92.0046      Cuts: 11     1517   10.40%
      0     0       82.9390   183       92.0046      Cuts: 12     1987    9.85%
      0     0       83.1554   228       92.0046      Cuts: 12     2639    9.62%
Detecting symmetries...
      0     0       83.2550   213       92.0046       Cuts: 5     2732    9.51%
      0     0       83.2583   223       92.0046       Cuts: 2     2752    9.51%
Detecting symmetries...
      0     2       83.2583   203       92.0046       83.4028     2752    9.35%
Elapsed time = 0.85 sec. (1079.23 ticks, tree = 0.02 MB, solutions = 2)
*    10+    4                           90.1439       83.4028             7.48%
    121     3       83.6550   194       90.1439       83.4028     3152    7.48%
    297     9        cutoff             90.1439       84.5801    22409    6.17%

GUB cover cuts applied:  1
Clique cuts applied:  5
Cover cuts applied:  15
Implied bound cuts applied:  4
Flow cuts applied:  2
Zero-half cuts applied:  30
Lift and project cuts applied:  6
Gomory fractional cuts applied:  3

Root node processing (before b&c):
  Real time             =    0.80 sec. (1060.95 ticks)
Parallel b&c, 20 threads:
  Real time             =    0.74 sec. (596.98 ticks)
  Sync time (average)   =    0.60 sec.
  Wait time (average)   =    0.00 sec.
                          ------------
Total (root+branch&cut) =    1.54 sec. (1657.93 ticks)
Feasible solution found!
Truck nodes:
Stage 1 at customer 0 with arrival time is: 0
Stage 1 at customer 0 with departure time is: 0
Stage 2 at customer 9 with arrival time is: 19.5667
Stage 2 at customer 9 with departure time is: 19.5667
Stage 3 at customer 3 with arrival time is: 24.7489
Stage 3 at customer 3 with departure time is: 24.7489
Stage 4 at customer 10 with arrival time is: 34.7732
Stage 4 at customer 10 with departure time is: 34.7732
Stage 5 at customer 4 with arrival time is: 45.3059
Stage 5 at customer 4 with departure time is: 45.3059
Stage 6 at customer 7 with arrival time is: 52.6545
Stage 6 at customer 7 with departure time is: 52.6545
Stage 7 at customer 8 with arrival time is: 57.9543
Stage 7 at customer 8 with departure time is: 57.9543
Stage 8 at customer 1 with arrival time is: 61.2756
Stage 8 at customer 1 with departure time is: 61.2756
Stage 9 at customer 6 with arrival time is: 63.1955
Stage 9 at customer 6 with departure time is: 63.1955
Stage 10 at customer 5 with arrival time is: 64.1638
Stage 10 at customer 5 with departure time is: 64.1638
Stage 11 at customer 2 with arrival time is: 72.5889
Stage 11 at customer 2 with departure time is: 72.5889
Stage 12 at customer 11 with arrival time is: 90.1439
Stage 12 at customer 11 with departure time is: 90.1439
Truck arcs:
Arc 1 connecting 0 and 9 with cost 19.5667 
Arc 2 connecting 9 and 3 with cost 5.1822 
Arc 3 connecting 3 and 10 with cost 10.0243 
Arc 4 connecting 10 and 4 with cost 10.5327 
Arc 5 connecting 4 and 7 with cost 7.34864 
Arc 6 connecting 7 and 8 with cost 5.29976 
Arc 7 connecting 8 and 1 with cost 3.32128 
Arc 8 connecting 1 and 6 with cost 1.9199 
Arc 9 connecting 6 and 5 with cost 0.968346 
Arc 10 connecting 5 and 2 with cost 8.42508 
Arc 11 connecting 2 and 11 with cost 17.555 
Drone served customers
Done!
-------------------------Re-calculated objective-----------------------
90.1439
------------------------------------------------------------------------
Solve time: 1.54
OBJECTIVE VALUE: 90.1439, NUMBER OF SORTIES: 0.
In write mode
