Instance name: /home/cuong/CLionProjects/uMV-FSTSP/Murray_Chu_2015_test_data/FSTSP/FSTSP_10_customer_problems/20140810T123437v9
Write arg val: 1

drone speed: 0.6 miles/minute
uav non-eligible customer: 10 
Printing tau:
0 9.54081 8.77004 13.4772 4.21868 5.66862 5.19269 4.89079 4.24731 8.15929 7.27469 0 
9.54081 0 18.3108 3.93636 13.7595 7.22991 8.18583 7.04774 13.7881 14.0919 12.0132 9.54081 
8.77004 18.3108 0 22.2472 4.55136 11.0809 10.125 11.2631 5.10923 6.13892 11.4943 8.77004 
13.4772 3.93636 22.2472 0 17.6958 11.1663 12.1222 10.9841 17.7245 18.0283 15.9496 13.4772 
4.21868 13.7595 4.55136 17.6958 0 6.52957 5.57365 6.71174 1.94864 9.26756 8.38296 4.21868 
5.66862 7.22991 11.0809 11.1663 6.52957 0 0.955922 0.777831 6.55821 13.8279 12.9433 5.66862 
5.19269 8.18583 10.125 12.1222 5.57365 0.955922 0 1.13809 5.60229 13.352 12.4674 5.19269 
4.89079 7.04774 11.2631 10.9841 6.71174 0.777831 1.13809 0 6.74038 13.0501 12.1655 4.89079 
4.24731 13.7881 5.10923 17.7245 1.94864 6.55821 5.60229 6.74038 0 11.2162 10.3316 4.24731 
8.15929 14.0919 6.13892 18.0283 9.26756 13.8279 13.352 13.0501 11.2162 0 7.2754 8.15929 
7.27469 12.0132 11.4943 15.9496 8.38296 12.9433 12.4674 12.1655 10.3316 7.2754 0 7.27469 
0 0 0 0 0 0 0 0 0 0 0 0 
Printing tau_prime:
0 5.38044 4.54556 8.09522 2.20305 3.09185 2.71053 2.77264 2.64307 4.71879 3.92347 0 
5.38044 0 9.8583 2.81169 7.1874 3.68175 4.14083 3.56048 7.01565 9.64862 6.97631 5.38044 
4.54556 9.8583 0 12.4676 2.78952 6.81212 6.2789 6.6743 3.43429 3.76225 6.38332 4.54556 
8.09522 2.81169 12.4676 0 9.72054 5.84064 6.37024 5.8678 9.39115 12.4582 9.71551 8.09522 
2.20305 7.1874 2.78952 9.72054 0 4.02264 3.49008 3.89122 0.984316 4.68384 5.49765 2.20305 
3.09185 3.68175 6.81212 5.84064 4.02264 0 0.539342 0.403494 3.56539 7.79682 6.54069 3.09185 
2.71053 4.14083 6.2789 6.37024 3.49008 0.539342 0 0.594704 3.02824 7.37407 6.33485 2.71053 
2.77264 3.56048 6.6743 5.8678 3.89122 0.403494 0.594704 0 3.52816 7.49021 6.1456 2.77264 
2.64307 7.01565 3.43429 9.39115 0.984316 3.56539 3.02824 3.52816 0 5.66711 6.29515 2.64307 
4.71879 9.64862 3.76225 12.4582 4.68384 7.79682 7.37407 7.49021 5.66711 0 3.7017 4.71879 
3.92347 6.97631 6.38332 9.71551 5.49765 6.54069 6.33485 6.1456 6.29515 3.7017 0 3.92347 
0 0 0 0 0 0 0 0 0 0 0 0 
Warning:  Output names have been modified due to duplicate names or characters invalid in LP format.
Version identifier: 22.1.1.0 | 2022-11-28 | 9160aff4d
CPXPARAM_Emphasis_MIP                            2
CPXPARAM_MIP_Tolerances_Integrality              0
Tried aggregator 2 times.
MIP Presolve eliminated 680 rows and 1204 columns.
MIP Presolve modified 2539 coefficients.
Aggregator did 24 substitutions.
Reduced MIP has 1041 rows, 3548 columns, and 34492 nonzeros.
Reduced MIP has 3527 binaries, 0 generals, 0 SOSs, and 0 indicators.
Presolve time = 0.03 sec. (48.26 ticks)
Found incumbent of value 9765.633173 after 0.04 sec. (80.18 ticks)
Probing fixed 2 vars, tightened 0 bounds.
Probing time = 0.01 sec. (27.18 ticks)
Tried aggregator 2 times.
Detecting symmetries...
MIP Presolve eliminated 17 rows and 2 columns.
MIP Presolve modified 120 coefficients.
Aggregator did 2 substitutions.
Reduced MIP has 1022 rows, 3544 columns, and 34455 nonzeros.
Reduced MIP has 3523 binaries, 0 generals, 0 SOSs, and 0 indicators.
Presolve time = 0.01 sec. (23.04 ticks)
Probing time = 0.00 sec. (6.92 ticks)
Clique table members: 17034.
MIP emphasis: optimality.
MIP search method: dynamic search.
Parallel mode: deterministic, using up to 20 threads.
Root relaxation solution time = 0.09 sec. (176.29 ticks)

        Nodes                                         Cuts/
   Node  Left     Objective  IInf  Best Integer    Best Bound    ItCnt     Gap

*     0+    0                         9765.6332        4.2187            99.96%
      0     0       32.0223   240     9765.6332       32.0223       23   99.67%
*     0+    0                           56.9009       32.0223            43.72%
      0     0       35.8053   171       56.9009      Cuts: 14     2015   37.07%
*     0+    0                           53.9236       35.8053            33.60%
      0     0       35.9046   157       53.9236      Cuts: 36     2258   33.42%
      0     0       35.9057   180       53.9236      Cuts: 29     2331   33.41%
*     0+    0                           52.7778       35.9057            31.97%
      0     0  -1.00000e+75     0       52.7778       35.9057     2331   31.97%
      0     0       35.9082   163       52.7778      Cuts: 22     2449   31.96%
      0     0       35.9082   174       52.7778  ZeroHalf: 11     2517   31.96%
Detecting symmetries...
*     0+    0                           51.9922       35.9082            30.94%
      0     0       35.9082   181       51.9922       Cuts: 3     2580   30.94%
*     0+    0                           49.7946       35.9082            27.89%
Detecting symmetries...
      0     2       35.9082   181       49.7946       35.9082     2580   27.89%
Elapsed time = 1.44 sec. (2043.56 ticks, tree = 0.02 MB, solutions = 6)
*     6+    6                           49.1226       35.9089            26.90%
    706   277       40.4718    90       49.1226       35.9089    25213   26.90%
   1615   664       42.2130    64       49.1226       35.9089    58269   26.90%
*  2025   705      integral     0       48.9514       35.9089    61441   26.64%
*  2079   683      integral     0       48.8274       35.9329    60541   26.41%
*  2588+  782                           48.4979       35.9329            25.91%
   3604   770        cutoff             48.4979       35.9329    95398   25.91%
   5546   398        cutoff             48.4979       36.1229   123196   25.52%
   5828   622        cutoff             48.4979       36.1229   155754   25.52%
*  6205+  773                           47.9195       36.1229            24.62%
   6317   889       39.9592    49       47.9195       36.1229   186258   24.62%
   6755   911       37.7931    41       47.9195       36.1229   240036   24.62%
   7119  1144       47.6255   211       47.9195       36.1229   295462   24.62%
   7392  1402       39.7299   106       47.9195       36.1229   344598   24.62%
*  7525+ 1543                           47.8586       36.8331            23.04%
   8099  1956       39.3685   194       47.8586       37.0564   494074   22.57%
Elapsed time = 4.47 sec. (5147.71 ticks, tree = 3.13 MB, solutions = 16)
*  8187+ 2047                           47.8586       37.0564            22.57%
*  8775+ 2412                           46.0021       37.0919            19.37%
*  8840+ 2145                           45.9995       37.1679            19.20%
   8856  2156       39.1776    82       45.9995       37.1679   667826   19.20%

Performing restart 1

Repeating presolve.
Tried aggregator 2 times.
MIP Presolve eliminated 17 rows and 231 columns.
MIP Presolve modified 13190 coefficients.
Aggregator did 7 substitutions.
Reduced MIP has 998 rows, 3306 columns, and 26522 nonzeros.
Reduced MIP has 3285 binaries, 0 generals, 0 SOSs, and 0 indicators.
Presolve time = 0.02 sec. (37.93 ticks)
Tried aggregator 1 time.
MIP Presolve eliminated 0 rows and 5 columns.
MIP Presolve modified 164 coefficients.
Reduced MIP has 998 rows, 3301 columns, and 26412 nonzeros.
Reduced MIP has 3280 binaries, 0 generals, 0 SOSs, and 0 indicators.
Presolve time = 0.01 sec. (21.15 ticks)
Represolve time = 0.12 sec. (197.60 ticks)
   8861     0       35.9330   204       45.9995      Cuts: 16   690861   19.13%
   8861     0       35.9638   216       45.9995      Cuts: 25   691455   19.13%
*  8861+    0                           45.9386       37.2007            19.02%
   8861     0       36.3030   190       45.9386      Cuts: 24   694367   19.02%
   8861     0       36.3604   214       45.9386      Cuts: 52   695957   19.02%
   8861     0       36.3677   242       45.9386      Cuts: 26   696278   19.02%
   8861     2       36.3677   242       45.9386       37.2007   696278   19.02%
   8862     3       36.3941   209       45.9386       37.2007   697751   19.02%
   8868     5       37.1353   187       45.9386       37.2007   700105   19.02%
   9099    40       42.4778    38       45.9386       37.2007   722594   19.02%
  10297   496       42.2042    67       45.9386       37.2007   787207   19.02%
  10681   825       39.1880   158       45.9386       37.2007   840558   19.02%
  11335  1064       40.6380    99       45.9386       37.2007   897119   19.02%
  12229  1598       42.4038   143       45.9386       37.2007  1014749   19.02%
  12700  2284       38.4363   134       45.9386       37.2007  1157973   19.02%
Elapsed time = 15.14 sec. (19412.58 ticks, tree = 16.87 MB, solutions = 19)
  13095  2493       39.2171   120       45.9386       37.2007  1211272   19.02%
  14007  3334       40.3006   120       45.9386       37.4569  1382810   18.46%
  14839  4202        cutoff             45.9386       37.6746  1542176   17.99%
  15176  4307       42.7691   129       45.9386       37.6865  1573039   17.96%
* 15429+ 4414                           45.9386       37.6911            17.95%
  16352  5260       41.3901   122       45.9386       37.7289  1734305   17.87%
* 17192+ 5700                           45.9386       38.1181            17.02%
  17304  5942       38.3888    33       45.9386       38.2419  1848930   16.75%
  17945  6377       39.1093   196       45.9386       38.3009  1937010   16.63%
  19185  7388        cutoff             45.9386       38.4366  2110243   16.33%
  19963  8089       43.7326   196       45.9386       38.5176  2209280   16.15%
  20506  8583       39.3656    82       45.9386       38.5499  2288110   16.08%
Elapsed time = 25.28 sec. (28960.83 ticks, tree = 65.40 MB, solutions = 19)
  21840  9102       38.8874   161       45.9386       38.6255  2380153   15.92%
  22407  9872       38.8017    67       45.9386       38.6385  2507455   15.89%
  22527 10419       39.4743    81       45.9386       38.7035  2589866   15.75%
  23428 10568        cutoff             45.9386       38.7912  2616779   15.56%
  24609 11108       40.7503   201       45.9386       38.8259  2704327   15.48%
  25324 12174       39.3742   247       45.9386       38.8864  2881714   15.35%
  25898 12474       39.1093    22       45.9386       38.9308  2938778   15.25%
  26966 12812        cutoff             45.9386       38.9737  2994780   15.16%
  27437 13634       44.5403   122       45.9386       39.0391  3119189   15.02%
  28012 13825       39.2509    38       45.9386       39.0660  3165946   14.96%
Elapsed time = 35.74 sec. (38512.76 ticks, tree = 107.29 MB, solutions = 19)
  28436 14280       39.2850    51       45.9386       39.1277  3249458   14.83%
  29661 14620       45.5097    61       45.9386       39.1889  3311308   14.69%
  30730 15136       42.2143    29       45.9386       39.2225  3403982   14.62%
  31125 16159       43.5495    93       45.9386       39.3035  3575295   14.44%
  31792 16280       40.2274   178       45.9386       39.3458  3597864   14.35%
  33132 16970        cutoff             45.9386       39.4140  3731672   14.20%
  34070 17706       40.5224    34       45.9386       39.4575  3855330   14.11%
  34310 17925        cutoff             45.9386       39.4900  3901736   14.04%
  34829 17971       44.1266   119       45.9386       39.5014  3925795   14.01%
  35747 18628        cutoff             45.9386       39.5038  4069574   14.01%
Elapsed time = 45.92 sec. (48067.78 ticks, tree = 152.49 MB, solutions = 19)
  36541 18796       39.7427    54       45.9386       39.6186  4112398   13.76%
  37824 19224       40.5192    46       45.9386       39.6608  4204877   13.67%
  38466 19936        cutoff             45.9386       39.7050  4356792   13.57%
  38889 20180       41.4495    59       45.9386       39.7127  4401553   13.55%
  40307 20270       42.6801    82       45.9386       39.7393  4415454   13.49%
  41780 20550       40.3006    43       45.9386       39.7878  4462614   13.39%
  42566 21352    infeasible             45.9386       39.8290  4617450   13.30%
  42827 22122        cutoff             45.9386       39.8482  4767044   13.26%
  43958 22169       44.8208   114       45.9386       39.8639  4790496   13.22%
  45853 22882    infeasible             45.9386       39.8791  4938885   13.19%
Elapsed time = 56.04 sec. (57612.46 ticks, tree = 180.13 MB, solutions = 19)
  47262 23541       40.5129    58       45.9386       39.9444  5051257   13.05%
  47838 24244       42.5381   112       45.9386       39.9444  5162750   13.05%
  48190 24518        cutoff             45.9386       39.9444  5226796   13.05%
  49075 24630       40.2679   104       45.9386       40.0283  5242180   12.87%
  50126 24874       42.0432   169       45.9386       40.0688  5302703   12.78%
  51008 25419       40.7880    75       45.9386       40.1354  5413545   12.63%
  51675 25865       45.4709    96       45.9386       40.1796  5517008   12.54%
  52000 26169       40.3006    40       45.9386       40.2170  5583703   12.45%
  52887 26229       45.4348    35       45.9386       40.2418  5597174   12.40%
* 53843+26543                           45.2000       40.2418            10.97%
* 53890+26542                           44.5363       40.2418             9.64%
  54032 26404        cutoff             44.5363       40.2418  5645137    9.64%
Elapsed time = 66.61 sec. (67162.10 ticks, tree = 208.48 MB, solutions = 19)
* 54257+26542                           44.5263       40.2424             9.62%
  55279 26831       42.4389    16       44.5263       40.2966  5746269    9.50%
  56780 21739       41.0852   133       44.5263       40.3006  5825866    9.49%
  57579 22307       43.3884   129       44.5263       40.3006  6029889    9.49%
  57932 22390       41.0039    99       44.5263       40.3006  6070795    9.49%
  58168 22605       42.8132   211       44.5263       40.3006  6152418    9.49%

Performing restart 2

Repeating presolve.
Tried aggregator 2 times.
MIP Presolve eliminated 1 rows and 72 columns.
MIP Presolve modified 47 coefficients.
Aggregator did 1 substitutions.
Reduced MIP has 996 rows, 3228 columns, and 27429 nonzeros.
Reduced MIP has 3207 binaries, 0 generals, 0 SOSs, and 0 indicators.
Presolve time = 0.01 sec. (20.36 ticks)
Tried aggregator 1 time.
MIP Presolve eliminated 0 rows and 1 columns.
Reduced MIP has 996 rows, 3227 columns, and 27422 nonzeros.
Reduced MIP has 3206 binaries, 0 generals, 0 SOSs, and 0 indicators.
Presolve time = 0.01 sec. (15.65 ticks)
Represolve time = 0.16 sec. (224.57 ticks)
  58240     0       36.4426   215       44.5263      Cuts: 19  6211615    9.49%
  58240     0       36.4459   240       44.5263      Cuts: 14  6211712    9.49%
  58240     0       36.5956   210       44.5263      Cuts: 16  6212248    9.49%
* 58240+    0                           44.5263       40.3006             9.49%
  58240     0       36.6000   236       44.5263      Cuts: 19  6212388    9.49%
  58240     0       36.6091   229       44.5263      Cuts: 40  6212576    9.49%
  58240     0       36.6109   240       44.5263      Cuts: 26  6212673    9.49%
  58240     0       36.6117   252       44.5263      Cuts: 19  6212756    9.49%
  58240     0       36.6135   253       44.5263      Cuts: 22  6212859    9.49%
  58240     0       36.6155   270       44.5263      Cuts: 15  6212976    9.49%
  58240     2       36.6155   270       44.5263       40.3006  6212976    9.49%
  58249     8       43.3929    15       44.5263       40.3006  6216079    9.49%
  58309     8       44.1850    32       44.5263       40.3006  6219757    9.49%
  58337     4       43.9942    15       44.5263       40.3006  6225311    9.49%
  58344     8       36.6826   216       44.5263       40.3006  6224610    9.49%
Elapsed time = 90.75 sec. (120627.64 ticks, tree = 0.02 MB, solutions = 23)
  58347     4       37.7931    50       44.5263       40.3006  6228472    9.49%
  58387    14       43.8432    48       44.5263       40.3006  6233996    9.49%
  58454    19       37.9616   148       44.5263       40.3006  6245279    9.49%
  58537    77       41.0429    36       44.5263       40.3006  6273920    9.49%
  58580   107       41.9982    83       44.5263       40.3006  6295256    9.49%
  58699   139       42.9879    60       44.5263       40.3006  6310685    9.49%
  58851   243       38.0077    50       44.5263       40.3006  6344476    9.49%
  58990   295       37.8331    39       44.5263       40.3006  6384477    9.49%
  59115   335       36.9955   185       44.5263       40.3006  6412056    9.49%
  59246   383       41.2008   103       44.5263       40.3006  6441948    9.49%
Elapsed time = 98.53 sec. (130260.42 ticks, tree = 0.35 MB, solutions = 23)
  59391   478       38.3426    75       44.5263       40.3006  6496421    9.49%
  59601   517       36.9857   174       44.5263       40.3006  6524609    9.49%
  59831   601       37.5614   110       44.5263       40.3006  6560406    9.49%
  60030   739        cutoff             44.5263       40.3006  6613080    9.49%
  60174   859       41.5120   163       44.5263       40.3006  6661990    9.49%
  60322  1032       38.0187    47       44.5263       40.3006  6749428    9.49%
  60502  1047       40.6650   224       44.5263       40.3006  6754005    9.49%
  60737  1112       43.6329    83       44.5263       40.3006  6808719    9.49%
  61047  1208       43.8655    37       44.5263       40.3006  6849130    9.49%
  62080  1933       38.9368   110       44.5263       40.3006  7088813    9.49%
Elapsed time = 109.06 sec. (142709.44 ticks, tree = 2.76 MB, solutions = 23)
  63255  2778       43.7305    67       44.5263       40.3006  7389806    9.49%
  64653  3591       40.1160   161       44.5263       40.3006  7679459    9.49%
  65664  4164       42.9105   128       44.5263       40.3006  7885400    9.49%
  67210  4998       41.5702   142       44.5263       40.3006  8169575    9.49%
  68902  5852       39.7353    30       44.5263       40.3006  8448920    9.49%
  70794  6519       40.1850    31       44.5263       40.3006  8729112    9.49%
  72843  7509       43.8548    62       44.5263       40.3006  9094405    9.49%
  75002  8446        cutoff             44.5263       40.3006  9417447    9.49%
  76446  9126       40.6650    30       44.5263       40.3006  9704543    9.49%
  78514  9890       43.4246    58       44.5263       40.3006 10024224    9.49%
Elapsed time = 139.82 sec. (180880.24 ticks, tree = 17.90 MB, solutions = 23)
  80770 10667       40.3385    53       44.5263       40.3006 10354651    9.49%
  83046 11181       40.5016    97       44.5263       40.3006 10591561    9.49%
  85317 11992       42.1440   186       44.5263       40.3309 10934767    9.42%
  87670 12566       40.8013   221       44.5263       40.4368 11207453    9.18%
  90103 13190        cutoff             44.5263       40.5480 11660124    8.93%
  92609 13832        cutoff             44.5263       40.6792 12117086    8.64%
  95074 14309       41.0716   173       44.5263       40.7811 12422917    8.41%
  97178 14759       41.5134    79       44.5263       40.9159 12680675    8.11%
  99541 14933        cutoff             44.5263       41.0490 12956992    7.81%
 102092 15258        cutoff             44.5263       41.1496 13196936    7.58%
Elapsed time = 171.03 sec. (219043.01 ticks, tree = 28.17 MB, solutions = 23)
 104557 15703       41.5207    52       44.5263       41.2317 13534294    7.40%
 107364 16178       41.7483   302       44.5263       41.3277 13881961    7.18%
 109819 16612        cutoff             44.5263       41.4303 14211968    6.95%
 112105 16647       41.9990    70       44.5263       41.5430 14436614    6.70%
 115013 16963        cutoff             44.5263       41.6292 14703816    6.51%
 117787 17376       43.2238   156       44.5263       41.7205 15022897    6.30%
 120693 17645        cutoff             44.5263       41.7935 15304801    6.14%
 123743 17932       42.2490   151       44.5263       41.8692 15544737    5.97%
 126922 18164       42.2688    57       44.5263       41.9892 15806839    5.70%
 129125 18264        cutoff             44.5263       42.0758 16188395    5.50%
Elapsed time = 202.29 sec. (257211.35 ticks, tree = 34.61 MB, solutions = 23)
 132003 18294        cutoff             44.5263       42.1644 16240802    5.30%
 135240 18458        cutoff             44.5263       42.2840 16600004    5.04%
 138554 18532        cutoff             44.5263       42.3614 16939989    4.86%
 142043 18632        cutoff             44.5263       42.4372 17210249    4.69%
 145561 18668        cutoff             44.5263       42.5723 17398716    4.39%
 149236 18490       43.2639    83       44.5263       42.6584 17703437    4.19%
 152603 18246        cutoff             44.5263       42.7386 17995188    4.01%
 155602 18243       43.5845   133       44.5263       42.8438 18070113    3.78%
 159638 17618        cutoff             44.5263       42.9708 18474370    3.49%
 163660 17106        cutoff             44.5263       43.0778 18701276    3.25%
Elapsed time = 233.10 sec. (295366.99 ticks, tree = 32.10 MB, solutions = 23)
 167803 16527       43.4144   259       44.5263       43.1797 18987641    3.02%
*170738 15867      integral     0       43.4820       43.2881 19164139    0.45%
 172214   905        cutoff             43.4820       43.3183 19269955    0.38%

Clique cuts applied:  35
Cover cuts applied:  7
Implied bound cuts applied:  2
Flow cuts applied:  1
Mixed integer rounding cuts applied:  9
Zero-half cuts applied:  43
Lift and project cuts applied:  14
Gomory fractional cuts applied:  5

Root node processing (before b&c):
  Real time             =    1.41 sec. (2019.39 ticks)
Parallel b&c, 20 threads:
  Real time             =  238.12 sec. (302908.69 ticks)
  Sync time (average)   =   68.43 sec.
  Wait time (average)   =    0.04 sec.
                          ------------
Total (root+branch&cut) =  239.53 sec. (304928.08 ticks)
Feasible solution found!
Truck nodes:
Stage 1 at customer 0 with arrival time is: 0
Stage 1 at customer 0 with departure time is: 0
Stage 2 at customer 10 with arrival time is: 7.27469
Stage 2 at customer 10 with departure time is: 7.75366
Stage 3 at customer 9 with arrival time is: 15.0291
Stage 3 at customer 9 with departure time is: 17.0291
Stage 4 at customer 2 with arrival time is: 23.168
Stage 4 at customer 2 with departure time is: 23.226
Stage 5 at customer 8 with arrival time is: 28.3352
Stage 5 at customer 8 with departure time is: 28.3352
Stage 6 at customer 4 with arrival time is: 30.2838
Stage 6 at customer 4 with departure time is: 30.2838
Stage 7 at customer 6 with arrival time is: 35.8575
Stage 7 at customer 6 with departure time is: 36.8575
Stage 8 at customer 5 with arrival time is: 37.8134
Stage 8 at customer 5 with departure time is: 37.8134
Stage 9 at customer 7 with arrival time is: 38.5912
Stage 9 at customer 7 with departure time is: 38.5912
Stage 10 at customer 11 with arrival time is: 43.482
Stage 10 at customer 11 with departure time is: 43.482
Truck arcs:
Arc 1 connecting 0 and 10 with cost 7.27469 
Arc 2 connecting 10 and 9 with cost 7.2754 
Arc 3 connecting 9 and 2 with cost 6.13892 
Arc 4 connecting 2 and 8 with cost 5.10923 
Arc 5 connecting 8 and 4 with cost 1.94864 
Arc 6 connecting 4 and 6 with cost 5.57365 
Arc 7 connecting 6 and 5 with cost 0.955922 
Arc 8 connecting 5 and 7 with cost 0.777831 
Arc 9 connecting 7 and 11 with cost 4.89079 
Drone served customers
Drone flies from stage 1 to stage 3
Drone flies from stage 3 to stage 7
Drone flies from stage 1 to stage 3 to serve customer 1
Drone flies from stage 3 to stage 7 to serve customer 3
1
Customer 1 served by drone.
Y_val: 1
W_val: 1
Drone fly from 0 at stage 1 to serve 1 and then fly back to 9 at stage 3. 
Truck travel time from stage 1 to 3 is: 14.5501
Start arc cost: 5.38044, end arc cost: 9.64862. Total drone travel time: 15.0291
Drone arrival time: 15.0291
Truck arrival time: 15.0291
Truck departure time = max(d/a, t/a) plus (sl/sr): 17.0291
1
Customer 3 served by drone.
Y_val: 1
W_val: 1
Drone fly from 9 at stage 3 to serve 3 and then fly back to 6 at stage 7. 
Truck travel time from stage 3 to 7 is: 18.7704
Start arc cost: 12.4582, end arc cost: 6.37024. Total drone travel time: 18.8284
Drone arrival time: 35.8575
Truck arrival time: 35.8575
Truck departure time = max(d/a, t/a) plus (sl/sr): 36.8575
Done!
-------------------------Re-calculated objective-----------------------
43.482
------------------------------------------------------------------------
Solve time: 239.532
OBJECTIVE VALUE: 43.482, NUMBER OF SORTIES: 2.
In write mode
