Instance name: /home/cuong/CLionProjects/uMV-FSTSP/Murray_Chu_2015_test_data/FSTSP/FSTSP_10_customer_problems/20140810T123437v11
Write arg val: 1

drone speed: 0.6 miles/minute
uav non-eligible customer: 10 
Printing tau:
0 14.2149 7.45597 18.1512 10.5846 15.145 14.669 14.3671 12.5333 1.31706 6.43835 0 
14.2149 0 18.3108 3.93636 13.7595 7.22991 8.18583 7.04774 13.7881 14.0919 12.0132 14.2149 
7.45597 18.3108 0 22.2472 4.55136 11.0809 10.125 11.2631 5.10923 6.13892 11.4943 7.45597 
18.1512 3.93636 22.2472 0 17.6958 11.1663 12.1222 10.9841 17.7245 18.0283 15.9496 18.1512 
10.5846 13.7595 4.55136 17.6958 0 6.52957 5.57365 6.71174 1.94864 9.26756 8.38296 10.5846 
15.145 7.22991 11.0809 11.1663 6.52957 0 0.955922 0.777831 6.55821 13.8279 12.9433 15.145 
14.669 8.18583 10.125 12.1222 5.57365 0.955922 0 1.13809 5.60229 13.352 12.4674 14.669 
14.3671 7.04774 11.2631 10.9841 6.71174 0.777831 1.13809 0 6.74038 13.0501 12.1655 14.3671 
12.5333 13.7881 5.10923 17.7245 1.94864 6.55821 5.60229 6.74038 0 11.2162 10.3316 12.5333 
1.31706 14.0919 6.13892 18.0283 9.26756 13.8279 13.352 13.0501 11.2162 0 7.2754 1.31706 
6.43835 12.0132 11.4943 15.9496 8.38296 12.9433 12.4674 12.1655 10.3316 7.2754 0 6.43835 
0 0 0 0 0 0 0 0 0 0 0 0 
Printing tau_prime:
0 9.81661 4.55002 12.627 5.35211 8.23243 7.83887 7.90477 6.33597 0.788193 3.43673 0 
9.81661 0 9.8583 2.81169 7.1874 3.68175 4.14083 3.56048 7.01565 9.64862 6.97631 9.81661 
4.55002 9.8583 0 12.4676 2.78952 6.81212 6.2789 6.6743 3.43429 3.76225 6.38332 4.55002 
12.627 2.81169 12.4676 0 9.72054 5.84064 6.37024 5.8678 9.39115 12.4582 9.71551 12.627 
5.35211 7.1874 2.78952 9.72054 0 4.02264 3.49008 3.89122 0.984316 4.68384 5.49765 5.35211 
8.23243 3.68175 6.81212 5.84064 4.02264 0 0.539342 0.403494 3.56539 7.79682 6.54069 8.23243 
7.83887 4.14083 6.2789 6.37024 3.49008 0.539342 0 0.594704 3.02824 7.37407 6.33485 7.83887 
7.90477 3.56048 6.6743 5.8678 3.89122 0.403494 0.594704 0 3.52816 7.49021 6.1456 7.90477 
6.33597 7.01565 3.43429 9.39115 0.984316 3.56539 3.02824 3.52816 0 5.66711 6.29515 6.33597 
0.788193 9.64862 3.76225 12.4582 4.68384 7.79682 7.37407 7.49021 5.66711 0 3.7017 0.788193 
3.43673 6.97631 6.38332 9.71551 5.49765 6.54069 6.33485 6.1456 6.29515 3.7017 0 3.43673 
0 0 0 0 0 0 0 0 0 0 0 0 
Warning:  Output names have been modified due to duplicate names or characters invalid in LP format.
Version identifier: 22.1.1.0 | 2022-11-28 | 9160aff4d
CPXPARAM_Emphasis_MIP                            2
CPXPARAM_MIP_Tolerances_Integrality              0
Tried aggregator 2 times.
MIP Presolve eliminated 680 rows and 1204 columns.
MIP Presolve modified 2524 coefficients.
Aggregator did 24 substitutions.
Reduced MIP has 1041 rows, 3548 columns, and 34503 nonzeros.
Reduced MIP has 3527 binaries, 0 generals, 0 SOSs, and 0 indicators.
Presolve time = 0.02 sec. (45.59 ticks)
Found incumbent of value 9983.911515 after 0.04 sec. (80.13 ticks)
Probing fixed 5 vars, tightened 0 bounds.
Probing time = 0.02 sec. (47.86 ticks)
Tried aggregator 2 times.
Detecting symmetries...
MIP Presolve eliminated 17 rows and 5 columns.
MIP Presolve modified 120 coefficients.
Aggregator did 2 substitutions.
Reduced MIP has 1022 rows, 3541 columns, and 34442 nonzeros.
Reduced MIP has 3520 binaries, 0 generals, 0 SOSs, and 0 indicators.
Presolve time = 0.01 sec. (23.05 ticks)
Probing time = 0.00 sec. (6.99 ticks)
Clique table members: 17035.
MIP emphasis: optimality.
MIP search method: dynamic search.
Parallel mode: deterministic, using up to 20 threads.
Root relaxation solution time = 0.08 sec. (183.40 ticks)

        Nodes                                         Cuts/
   Node  Left     Objective  IInf  Best Integer    Best Bound    ItCnt     Gap

*     0+    0                         9983.9115        1.3171            99.99%
      0     0       37.6647   303     9983.9115       37.6647       25   99.62%
*     0+    0                           48.4055       37.6647            22.19%
      0     0       37.9575   256       48.4055      Cuts: 18     2988   21.58%
*     0+    0                           42.8958       37.9575            11.51%
      0     0       38.0302   245       42.8958      Cuts: 24     3585   11.34%
Detecting symmetries...

Repeating presolve.
Tried aggregator 2 times.
MIP Presolve eliminated 107 rows and 1050 columns.
MIP Presolve modified 1094 coefficients.
Aggregator did 13 substitutions.
Reduced MIP has 902 rows, 2478 columns, and 24862 nonzeros.
Reduced MIP has 2457 binaries, 0 generals, 0 SOSs, and 0 indicators.
Presolve time = 0.02 sec. (37.90 ticks)
Probing fixed 76 vars, tightened 0 bounds.
Probing changed sense of 4 constraints.
Probing time = 0.05 sec. (120.38 ticks)
Tried aggregator 2 times.
MIP Presolve eliminated 12 rows and 76 columns.
MIP Presolve modified 10 coefficients.
Aggregator did 2 substitutions.
Reduced MIP has 888 rows, 2400 columns, and 23831 nonzeros.
Reduced MIP has 2379 binaries, 0 generals, 0 SOSs, and 0 indicators.
Presolve time = 0.01 sec. (16.02 ticks)
Probing fixed 109 vars, tightened 0 bounds.
Probing changed sense of 2 constraints.
Probing time = 0.04 sec. (98.41 ticks)
Tried aggregator 2 times.
MIP Presolve eliminated 24 rows and 109 columns.
MIP Presolve modified 101 coefficients.
Aggregator did 6 substitutions.
Reduced MIP has 858 rows, 2285 columns, and 22619 nonzeros.
Reduced MIP has 2264 binaries, 0 generals, 0 SOSs, and 0 indicators.
Presolve time = 0.01 sec. (18.13 ticks)
Probing time = 0.01 sec. (6.91 ticks)
Tried aggregator 2 times.
Detecting symmetries...
MIP Presolve eliminated 1 rows and 0 columns.
MIP Presolve modified 1 coefficients.
Aggregator did 1 substitutions.
Reduced MIP has 856 rows, 2284 columns, and 22616 nonzeros.
Reduced MIP has 2263 binaries, 0 generals, 0 SOSs, and 0 indicators.
Presolve time = 0.01 sec. (13.88 ticks)
Represolve time = 0.19 sec. (350.13 ticks)
Probing time = 0.01 sec. (7.11 ticks)
Clique table members: 14415.
MIP emphasis: optimality.
MIP search method: dynamic search.
Parallel mode: deterministic, using up to 20 threads.
Root relaxation solution time = 0.07 sec. (150.51 ticks)

        Nodes                                         Cuts/
   Node  Left     Objective  IInf  Best Integer    Best Bound    ItCnt     Gap

*     0+    0                           42.8958       38.0302            11.34%
      0     0       38.3533   133       42.8958       38.3533     3610   10.59%
      0     0       38.3538   175       42.8958      Cuts: 16     3750   10.59%
      0     0       38.3551   119       42.8958      Cuts: 13     3845   10.59%
      0     0       38.3552   124       42.8958      Cuts: 15     3906    9.00%
      0     0       38.3822   205       42.8958      Cuts: 11     4114    9.00%
      0     0        cutoff             42.8958       42.8958     4114    0.00%
Elapsed time = 1.38 sec. (2330.97 ticks, tree = 0.01 MB, solutions = 3)

Clique cuts applied:  3
Implied bound cuts applied:  3
Zero-half cuts applied:  12
Gomory fractional cuts applied:  1

Root node processing (before b&c):
  Real time             =    1.38 sec. (2331.25 ticks)
Parallel b&c, 20 threads:
  Real time             =    0.00 sec. (0.00 ticks)
  Sync time (average)   =    0.00 sec.
  Wait time (average)   =    0.00 sec.
                          ------------
Total (root+branch&cut) =    1.38 sec. (2331.25 ticks)
Feasible solution found!
Truck nodes:
Stage 1 at customer 0 with arrival time is: 0
Stage 1 at customer 0 with departure time is: 0
Stage 2 at customer 10 with arrival time is: 6.43835
Stage 2 at customer 10 with departure time is: 6.43835
Stage 3 at customer 7 with arrival time is: 18.6038
Stage 3 at customer 7 with departure time is: 20.6038
Stage 4 at customer 5 with arrival time is: 21.3817
Stage 4 at customer 5 with departure time is: 21.3817
Stage 5 at customer 6 with arrival time is: 22.3376
Stage 5 at customer 6 with departure time is: 22.3376
Stage 6 at customer 8 with arrival time is: 27.9399
Stage 6 at customer 8 with departure time is: 27.9399
Stage 7 at customer 4 with arrival time is: 29.8885
Stage 7 at customer 4 with departure time is: 29.8885
Stage 8 at customer 2 with arrival time is: 34.4399
Stage 8 at customer 2 with departure time is: 35.4399
Stage 9 at customer 9 with arrival time is: 41.5788
Stage 9 at customer 9 with departure time is: 41.5788
Stage 10 at customer 11 with arrival time is: 42.8958
Stage 10 at customer 11 with departure time is: 42.8958
Truck arcs:
Arc 1 connecting 0 and 10 with cost 6.43835 
Arc 2 connecting 10 and 7 with cost 12.1655 
Arc 3 connecting 7 and 5 with cost 0.777831 
Arc 4 connecting 5 and 6 with cost 0.955922 
Arc 5 connecting 6 and 8 with cost 5.60229 
Arc 6 connecting 8 and 4 with cost 1.94864 
Arc 7 connecting 4 and 2 with cost 4.55136 
Arc 8 connecting 2 and 9 with cost 6.13892 
Arc 9 connecting 9 and 11 with cost 1.31706 
Drone served customers
Drone flies from stage 1 to stage 3
Drone flies from stage 3 to stage 8
Drone flies from stage 3 to stage 8 to serve customer 1
Drone flies from stage 1 to stage 3 to serve customer 3
1
Customer 1 served by drone.
Y_val: 1
W_val: 1
Drone fly from 7 at stage 3 to serve 1 and then fly back to 2 at stage 8. 
Truck travel time from stage 3 to 8 is: 13.836
Start arc cost: 3.56048, end arc cost: 9.8583. Total drone travel time: 13.4188
Drone arrival time: 34.0226
Truck arrival time: 34.4399
Truck departure time = max(d/a, t/a) plus (sl/sr): 35.4399
1
Customer 3 served by drone.
Y_val: 1
W_val: 1
Drone fly from 0 at stage 1 to serve 3 and then fly back to 7 at stage 3. 
Truck travel time from stage 1 to 3 is: 18.6038
Start arc cost: 12.627, end arc cost: 5.8678. Total drone travel time: 18.4948
Drone arrival time: 18.4948
Truck arrival time: 18.6038
Truck departure time = max(d/a, t/a) plus (sl/sr): 20.6038
Done!
-------------------------Re-calculated objective-----------------------
42.8958
------------------------------------------------------------------------
Solve time: 1.382
OBJECTIVE VALUE: 42.8958, NUMBER OF SORTIES: 2.
In write mode
