Instance name: /home/cuong/CLionProjects/uMV-FSTSP/Murray_Chu_2015_test_data/FSTSP/FSTSP_10_customer_problems/20140810T123437v4
Write arg val: 1

drone speed: 0.2 miles/minute
uav non-eligible customer: 10 
Printing tau:
0 20.6149 13.856 24.5512 16.9846 21.545 21.069 20.7671 18.9333 7.71706 12.8383 0 
20.6149 0 18.3108 3.93636 13.7595 7.22991 8.18583 7.04774 13.7881 14.0919 12.0132 20.6149 
13.856 18.3108 0 22.2472 4.55136 11.0809 10.125 11.2631 5.10923 6.13892 11.4943 13.856 
24.5512 3.93636 22.2472 0 17.6958 11.1663 12.1222 10.9841 17.7245 18.0283 15.9496 24.5512 
16.9846 13.7595 4.55136 17.6958 0 6.52957 5.57365 6.71174 1.94864 9.26756 8.38296 16.9846 
21.545 7.22991 11.0809 11.1663 6.52957 0 0.955922 0.777831 6.55821 13.8279 12.9433 21.545 
21.069 8.18583 10.125 12.1222 5.57365 0.955922 0 1.13809 5.60229 13.352 12.4674 21.069 
20.7671 7.04774 11.2631 10.9841 6.71174 0.777831 1.13809 0 6.74038 13.0501 12.1655 20.7671 
18.9333 13.7881 5.10923 17.7245 1.94864 6.55821 5.60229 6.74038 0 11.2162 10.3316 18.9333 
7.71706 14.0919 6.13892 18.0283 9.26756 13.8279 13.352 13.0501 11.2162 0 7.2754 7.71706 
12.8383 12.0132 11.4943 15.9496 8.38296 12.9433 12.4674 12.1655 10.3316 7.2754 0 12.8383 
0 0 0 0 0 0 0 0 0 0 0 0 
Printing tau_prime:
0 33.5676 16.4061 40.1267 21.1881 29.3107 28.2706 28.6311 23.3597 11.2113 18.2122 0 
33.5676 0 23.0027 6.5606 16.7706 8.59075 9.66193 8.30778 16.3699 22.5134 16.2781 33.5676 
16.4061 23.0027 0 29.091 6.50889 15.8949 14.6508 15.5734 8.01334 8.77857 14.8944 16.4061 
40.1267 6.5606 29.091 0 22.6813 13.6282 14.8639 13.6915 21.9127 29.0691 22.6695 40.1267 
21.1881 16.7706 6.50889 22.6813 0 9.38617 8.14351 9.0795 2.29674 10.9289 12.8279 21.1881 
29.3107 8.59075 15.8949 13.6282 9.38617 0 1.25846 0.941487 8.31925 18.1926 15.2616 29.3107 
28.2706 9.66193 14.6508 14.8639 8.14351 1.25846 0 1.38764 7.06588 17.2062 14.7813 28.2706 
28.6311 8.30778 15.5734 13.6915 9.0795 0.941487 1.38764 0 8.23237 17.4772 14.3397 28.6311 
23.3597 16.3699 8.01334 21.9127 2.29674 8.31925 7.06588 8.23237 0 13.2233 14.6887 23.3597 
11.2113 22.5134 8.77857 29.0691 10.9289 18.1926 17.2062 17.4772 13.2233 0 8.63729 11.2113 
18.2122 16.2781 14.8944 22.6695 12.8279 15.2616 14.7813 14.3397 14.6887 8.63729 0 18.2122 
0 0 0 0 0 0 0 0 0 0 0 0 
Warning:  Output names have been modified due to duplicate names or characters invalid in LP format.
Version identifier: 22.1.1.0 | 2022-11-28 | 9160aff4d
CPXPARAM_Emphasis_MIP                            2
CPXPARAM_MIP_Tolerances_Integrality              0
Tried aggregator 2 times.
MIP Presolve eliminated 1296 rows and 1857 columns.
MIP Presolve modified 1850 coefficients.
Aggregator did 40 substitutions.
Reduced MIP has 997 rows, 2879 columns, and 26987 nonzeros.
Reduced MIP has 2858 binaries, 0 generals, 0 SOSs, and 0 indicators.
Presolve time = 0.03 sec. (48.83 ticks)
Probing time = 0.01 sec. (6.43 ticks)
Cover probing fixed 3 vars, tightened 0 bounds.
Tried aggregator 2 times.
Detecting symmetries...
MIP Presolve eliminated 17 rows and 3 columns.
MIP Presolve modified 119 coefficients.
Aggregator did 2 substitutions.
Reduced MIP has 978 rows, 2874 columns, and 26912 nonzeros.
Reduced MIP has 2853 binaries, 0 generals, 0 SOSs, and 0 indicators.
Presolve time = 0.01 sec. (16.58 ticks)
Probing time = 0.01 sec. (6.25 ticks)
Clique table members: 8209.
MIP emphasis: optimality.
MIP search method: dynamic search.
Parallel mode: deterministic, using up to 20 threads.
Root relaxation solution time = 0.10 sec. (155.73 ticks)

        Nodes                                         Cuts/
   Node  Left     Objective  IInf  Best Integer    Best Bound    ItCnt     Gap

      0     0       53.9984   288                     53.9984       22         
*     0+    0                           75.0284       53.9984            28.03%
      0     0       58.6305   181       75.0284      Cuts: 24     3145   21.86%
*     0+    0                           73.4883       58.6305            20.22%
      0     0       58.7794   233       73.4883      Cuts: 31     5264   20.02%
      0     0       59.1803   197       73.4883      Cuts: 18     7147   19.47%
*     0+    0                           71.8453       59.1803            17.63%
      0     0       59.3086   239       71.8453      Cuts: 22     7878   17.45%
      0     0       59.4229   241       71.8453      Cuts: 18     8255   17.29%
Detecting symmetries...
      0     0       59.6342   268       71.8453      Cuts: 17     9742   17.00%
      0     0       59.6746   256       71.8453      Cuts: 24    10509   16.94%
      0     0       59.6746   256       71.8453       Cuts: 5    10640   16.94%
*     0+    0                           68.8684       59.6746            13.35%
      0     0       59.6977   278       68.8684   ZeroHalf: 6    11301   13.32%
*     0+    0                           67.4640       59.6977            11.51%
      0     0       59.7018   261       67.4640       Cuts: 3    11452   11.51%
      0     0       59.7364   302       67.4640       Cuts: 9    12289   11.45%
      0     0       59.7535   312       67.4640       Cuts: 9    13116   11.43%
      0     0       59.8009   275       67.4640       Cuts: 8    13946   11.36%
      0     0       59.8037   280       67.4640       Cuts: 8    14124   11.35%
Detecting symmetries...
      0     2       59.8037   274       67.4640       59.8037    14152   11.35%
Elapsed time = 2.27 sec. (3459.99 ticks, tree = 0.02 MB, solutions = 5)
      2     4       62.0480   128       67.4640       59.8089    15340   11.35%
     74     3       60.1647   270       67.4640       59.8089    15882   11.35%
    129     4       61.9916   114       67.4640       60.3946    30006   10.48%
    238     9       66.7922   143       67.4640       61.5889    48968    8.71%
    307    10       66.7237   125       67.4640       64.9470    63555    3.73%

GUB cover cuts applied:  4
Clique cuts applied:  3
Cover cuts applied:  10
Implied bound cuts applied:  34
Zero-half cuts applied:  32
Lift and project cuts applied:  2
Gomory fractional cuts applied:  5

Root node processing (before b&c):
  Real time             =    2.23 sec. (3377.52 ticks)
Parallel b&c, 20 threads:
  Real time             =    1.01 sec. (1522.83 ticks)
  Sync time (average)   =    0.83 sec.
  Wait time (average)   =    0.00 sec.
                          ------------
Total (root+branch&cut) =    3.24 sec. (4900.35 ticks)
Feasible solution found!
Truck nodes:
Stage 1 at customer 0 with arrival time is: 0
Stage 1 at customer 0 with departure time is: 0
Stage 2 at customer 9 with arrival time is: 7.71706
Stage 2 at customer 9 with departure time is: 7.71706
Stage 3 at customer 2 with arrival time is: 13.856
Stage 3 at customer 2 with departure time is: 13.856
Stage 4 at customer 4 with arrival time is: 18.4073
Stage 4 at customer 4 with departure time is: 18.4073
Stage 5 at customer 8 with arrival time is: 20.356
Stage 5 at customer 8 with departure time is: 20.356
Stage 6 at customer 6 with arrival time is: 25.9583
Stage 6 at customer 6 with departure time is: 25.9583
Stage 7 at customer 5 with arrival time is: 26.9142
Stage 7 at customer 5 with departure time is: 26.9142
Stage 8 at customer 7 with arrival time is: 27.692
Stage 8 at customer 7 with departure time is: 27.692
Stage 9 at customer 3 with arrival time is: 38.6761
Stage 9 at customer 3 with departure time is: 38.6761
Stage 10 at customer 1 with arrival time is: 42.6125
Stage 10 at customer 1 with departure time is: 42.6125
Stage 11 at customer 10 with arrival time is: 54.6257
Stage 11 at customer 10 with departure time is: 54.6257
Stage 12 at customer 11 with arrival time is: 67.464
Stage 12 at customer 11 with departure time is: 67.464
Truck arcs:
Arc 1 connecting 0 and 9 with cost 7.71706 
Arc 2 connecting 9 and 2 with cost 6.13892 
Arc 3 connecting 2 and 4 with cost 4.55136 
Arc 4 connecting 4 and 8 with cost 1.94864 
Arc 5 connecting 8 and 6 with cost 5.60229 
Arc 6 connecting 6 and 5 with cost 0.955922 
Arc 7 connecting 5 and 7 with cost 0.777831 
Arc 8 connecting 7 and 3 with cost 10.9841 
Arc 9 connecting 3 and 1 with cost 3.93636 
Arc 10 connecting 1 and 10 with cost 12.0132 
Arc 11 connecting 10 and 11 with cost 12.8383 
Drone served customers
Done!
-------------------------Re-calculated objective-----------------------
67.464
------------------------------------------------------------------------
Solve time: 3.24
OBJECTIVE VALUE: 67.464, NUMBER OF SORTIES: 0.
In write mode
