Instance name: /home/cuong/CLionProjects/uMV-FSTSP/Murray_Chu_2015_test_data/FSTSP/FSTSP_10_customer_problems/20140810T123443v3
Write arg val: 1

drone speed: 0.2 miles/minute
uav non-eligible customer: 4 8 
Printing tau:
0 13.7617 11.155 18.3489 20.448 15.6899 15.6816 15.9793 10.6796 13.1667 9.91531 0 
13.7617 0 8.59672 16.5872 14.8463 1.92825 1.9199 7.49765 3.32128 11.405 7.04299 13.7617 
11.155 8.59672 0 25.184 23.443 8.42508 9.39342 16.0944 11.7546 20.0018 15.6397 11.155 
18.3489 16.5872 25.184 0 20.0769 16.7589 15.7905 15.6083 13.4294 5.1822 10.0243 18.3489 
20.448 14.8463 23.443 20.0769 0 15.0179 14.0496 7.34864 11.6884 17.2947 10.5327 20.448 
15.6899 1.92825 8.42508 16.7589 15.0179 0 0.968346 7.66929 5.01036 12.5367 7.21463 15.6899 
15.6816 1.9199 9.39342 15.7905 14.0496 0.968346 0 6.70095 5.00201 12.5283 6.24629 15.6816 
15.9793 7.49765 16.0944 15.6083 7.34864 7.66929 6.70095 0 5.29976 12.8261 6.06403 15.9793 
10.6796 3.32128 11.7546 13.4294 11.6884 5.01036 5.00201 5.29976 0 8.24716 3.8851 10.6796 
13.1667 11.405 20.0018 5.1822 17.2947 12.5367 12.5283 12.8261 8.24716 0 6.76206 13.1667 
9.91531 7.04299 15.6397 10.0243 10.5327 7.21463 6.24629 6.06403 3.8851 6.76206 0 9.91531 
0 0 0 0 0 0 0 0 0 0 0 0 
Printing tau_prime:
0 16.3507 15.4179 21.6289 31.0453 18.5855 18.7253 21.765 13.8572 15.9559 15.6274 0 
16.3507 0 10.5868 25.1232 19.1891 2.28145 2.44971 9.21448 5.20038 18.3566 9.45738 16.3507 
15.4179 10.5868 0 32.2862 29.7194 11.276 12.2886 19.8012 13.8643 25.3886 18.4894 15.4179 
21.6289 25.1232 32.2862 0 23.7497 26.7584 25.9207 21.2864 19.9518 6.93179 15.9071 21.6289 
31.0453 19.1891 29.7194 23.7497 0 18.5658 17.4845 10.136 17.9521 20.7816 15.4483 31.0453 
18.5855 2.28145 11.276 26.7584 18.5658 0 1.14125 9.04478 7.08965 20.1104 10.8907 18.5855 
18.7253 2.44971 12.2886 25.9207 17.4845 1.14125 0 7.90494 6.51871 19.3468 10.0185 18.7253 
21.765 9.21448 19.8012 21.2864 10.136 9.04478 7.90494 0 8.07267 15.8016 7.16659 21.765 
13.8572 5.20038 13.8643 19.9518 17.9521 7.08965 6.51871 8.07267 0 13.1583 4.66638 13.8572 
15.9559 18.3566 25.3886 6.93179 20.7816 20.1104 19.3468 15.8016 13.1583 0 9.48339 15.9559 
15.6274 9.45738 18.4894 15.9071 15.4483 10.8907 10.0185 7.16659 4.66638 9.48339 0 15.6274 
0 0 0 0 0 0 0 0 0 0 0 0 
Warning:  Output names have been modified due to duplicate names or characters invalid in LP format.
Version identifier: 22.1.1.0 | 2022-11-28 | 9160aff4d
CPXPARAM_Emphasis_MIP                            2
CPXPARAM_MIP_Tolerances_Integrality              0
Tried aggregator 2 times.
MIP Presolve eliminated 1536 rows and 2333 columns.
MIP Presolve modified 1365 coefficients.
Aggregator did 34 substitutions.
Reduced MIP has 956 rows, 2409 columns, and 20492 nonzeros.
Reduced MIP has 2388 binaries, 0 generals, 0 SOSs, and 0 indicators.
Presolve time = 0.02 sec. (33.63 ticks)
Probing fixed 165 vars, tightened 0 bounds.
Probing changed sense of 4 constraints.
Probing time = 0.03 sec. (65.11 ticks)
Tried aggregator 2 times.
Detecting symmetries...
MIP Presolve eliminated 50 rows and 168 columns.
MIP Presolve modified 151 coefficients.
Aggregator did 13 substitutions.
Reduced MIP has 893 rows, 2228 columns, and 18300 nonzeros.
Reduced MIP has 2207 binaries, 0 generals, 0 SOSs, and 0 indicators.
Presolve time = 0.02 sec. (27.79 ticks)
Probing time = 0.01 sec. (6.01 ticks)
Clique table members: 9377.
MIP emphasis: optimality.
MIP search method: dynamic search.
Parallel mode: deterministic, using up to 20 threads.
Root relaxation solution time = 0.08 sec. (137.86 ticks)

        Nodes                                         Cuts/
   Node  Left     Objective  IInf  Best Integer    Best Bound    ItCnt     Gap

      0     0       61.9073   178                     61.9073       20         
*     0+    0                           77.3439       61.9073            19.96%
      0     0       68.5463   166       77.3439      Cuts: 23      903   11.37%
      0     0       69.8823   184       77.3439      Cuts: 17     1556    9.65%
      0     0       70.2680   231       77.3439      Cuts: 23     1862    9.15%
      0     0       70.5869   213       77.3439       Cuts: 6     2017    8.74%
      0     0       70.7134   229       77.3439       Cuts: 7     2230    8.57%
Detecting symmetries...
      0     0       70.7290   210       77.3439   ZeroHalf: 2     2320    8.55%
      0     0       70.7665   227       77.3439       Cuts: 4     2393    8.50%
      0     0       70.8070   244       77.3439   ZeroHalf: 2     2471    8.45%
      0     0       70.9487   233       77.3439   ZeroHalf: 3     2700    8.27%
      0     0       71.0784   241       77.3439   ZeroHalf: 4     2758    8.10%
      0     0       71.3185   230       77.3439       Cuts: 6     2912    7.79%
      0     0       71.3188   240       77.3439       Cuts: 2     2939    7.79%
      0     0       71.3188   227       77.3439   ZeroHalf: 1     2949    7.79%
      0     0       71.3370   216       77.3439   ZeroHalf: 1     2968    7.77%
Detecting symmetries...
      0     2       71.3370   216       77.3439       71.3370     2968    7.77%
Elapsed time = 0.88 sec. (1265.97 ticks, tree = 0.02 MB, solutions = 1)
     80    14        cutoff             77.3439       73.0526    17764    5.55%
    185     6       76.8030   186       77.3439       76.1259    31849    1.57%

Clique cuts applied:  6
Cover cuts applied:  2
Implied bound cuts applied:  15
Flow cuts applied:  3
Zero-half cuts applied:  25
Lift and project cuts applied:  2
Gomory fractional cuts applied:  3

Root node processing (before b&c):
  Real time             =    0.86 sec. (1246.89 ticks)
Parallel b&c, 20 threads:
  Real time             =    0.50 sec. (512.14 ticks)
  Sync time (average)   =    0.39 sec.
  Wait time (average)   =    0.00 sec.
                          ------------
Total (root+branch&cut) =    1.36 sec. (1759.03 ticks)
Feasible solution found!
Truck nodes:
Stage 1 at customer 0 with arrival time is: 0
Stage 1 at customer 0 with departure time is: 0
Stage 2 at customer 2 with arrival time is: 11.155
Stage 2 at customer 2 with departure time is: 11.155
Stage 3 at customer 5 with arrival time is: 19.5801
Stage 3 at customer 5 with departure time is: 19.5801
Stage 4 at customer 6 with arrival time is: 20.5484
Stage 4 at customer 6 with departure time is: 20.5484
Stage 5 at customer 1 with arrival time is: 22.4684
Stage 5 at customer 1 with departure time is: 22.4684
Stage 6 at customer 8 with arrival time is: 25.7896
Stage 6 at customer 8 with departure time is: 25.7896
Stage 7 at customer 7 with arrival time is: 31.0894
Stage 7 at customer 7 with departure time is: 31.0894
Stage 8 at customer 4 with arrival time is: 38.438
Stage 8 at customer 4 with departure time is: 38.438
Stage 9 at customer 10 with arrival time is: 48.9707
Stage 9 at customer 10 with departure time is: 48.9707
Stage 10 at customer 3 with arrival time is: 58.995
Stage 10 at customer 3 with departure time is: 58.995
Stage 11 at customer 9 with arrival time is: 64.1772
Stage 11 at customer 9 with departure time is: 64.1772
Stage 12 at customer 11 with arrival time is: 77.3439
Stage 12 at customer 11 with departure time is: 77.3439
Truck arcs:
Arc 1 connecting 0 and 2 with cost 11.155 
Arc 2 connecting 2 and 5 with cost 8.42508 
Arc 3 connecting 5 and 6 with cost 0.968346 
Arc 4 connecting 6 and 1 with cost 1.9199 
Arc 5 connecting 1 and 8 with cost 3.32128 
Arc 6 connecting 8 and 7 with cost 5.29976 
Arc 7 connecting 7 and 4 with cost 7.34864 
Arc 8 connecting 4 and 10 with cost 10.5327 
Arc 9 connecting 10 and 3 with cost 10.0243 
Arc 10 connecting 3 and 9 with cost 5.1822 
Arc 11 connecting 9 and 11 with cost 13.1667 
Drone served customers
Done!
-------------------------Re-calculated objective-----------------------
77.3439
------------------------------------------------------------------------
Solve time: 1.363
OBJECTIVE VALUE: 77.3439, NUMBER OF SORTIES: 0.
In write mode
