Instance name: /home/cuong/CLionProjects/uMV-FSTSP/Murray_Chu_2015_test_data/FSTSP/FSTSP_10_customer_problems/20140810T123440v1
Write arg val: 1

drone speed: 0.2 miles/minute
uav non-eligible customer: 4 5 
Printing tau:
0 1.83841 6.19937 11.3367 8.63802 7.16529 3.81739 8.77996 4.16976 6.36627 5.10809 0 
1.83841 0 7.41815 13.1751 7.41924 8.38408 3.41898 9.99874 2.95098 5.14749 6.9465 1.83841 
6.19937 7.41815 0 14.3533 14.8374 5.76971 3.99917 6.42059 10.3691 12.5656 10.5246 6.19937 
11.3367 13.1751 14.3533 0 6.71587 15.3192 15.1541 16.9338 12.258 15.4145 6.22861 11.3367 
8.63802 7.41924 14.8374 6.71587 0 15.8033 10.8382 17.418 5.54215 8.69866 4.31275 8.63802 
7.16529 8.38408 5.76971 15.3192 15.8033 0 7.0349 1.61466 11.3351 13.5316 11.4906 7.16529 
3.81739 3.41898 3.99917 15.1541 10.8382 7.0349 0 7.68579 6.36995 8.56647 8.92548 3.81739 
8.77996 9.99874 6.42059 16.9338 17.418 1.61466 7.68579 0 12.9497 15.1462 13.1052 8.77996 
4.16976 2.95098 10.3691 12.258 5.54215 11.3351 6.36995 12.9497 0 3.15652 6.0294 4.16976 
6.36627 5.14749 12.5656 15.4145 8.69866 13.5316 8.56647 15.1462 3.15652 0 9.18592 6.36627 
5.10809 6.9465 10.5246 6.22861 4.31275 11.4906 8.92548 13.1052 6.0294 9.18592 0 5.10809 
0 0 0 0 0 0 0 0 0 0 0 0 
Printing tau_prime:
0 2.59946 7.90094 16.4573 11.5451 9.25667 5.19259 11.3071 5.03263 8.9099 7.88816 0 
2.59946 0 8.78275 17.5467 11.593 11.5383 4.65561 13.5679 3.64183 6.6156 8.96786 2.59946 
7.90094 8.78275 0 23.5383 19.4222 6.89429 4.9433 8.15504 12.3704 14.9175 15.3409 7.90094 
16.4573 17.5467 23.5383 0 7.93526 20.4328 21.6299 21.8114 15.1901 18.2879 8.61635 16.4573 
11.5451 11.593 19.4222 7.93526 0 18.6977 16.1877 20.5464 8.38988 10.5953 5.11496 11.5451 
9.25667 11.5383 6.89429 20.4328 18.6977 0 10.1477 2.05169 14.2211 18.1171 13.7238 9.25667 
5.19259 4.65561 4.9433 21.6299 16.1877 10.1477 0 11.9236 8.24651 10.1003 13.0302 5.19259 
11.3071 13.5679 8.15504 21.8114 20.5464 2.05169 11.9236 0 16.2718 20.1574 15.5136 11.3071 
5.03263 3.64183 12.3704 15.1901 8.38988 14.2211 8.24651 16.2718 0 4.53203 7.10808 5.03263 
8.9099 6.6156 14.9175 18.2879 10.5953 18.1171 10.1003 20.1574 4.53203 0 11.0897 8.9099 
7.88816 8.96786 15.3409 8.61635 5.11496 13.7238 13.0302 15.5136 7.10808 11.0897 0 7.88816 
0 0 0 0 0 0 0 0 0 0 0 0 
Warning:  Output names have been modified due to duplicate names or characters invalid in LP format.
Version identifier: 22.1.1.0 | 2022-11-28 | 9160aff4d
CPXPARAM_Emphasis_MIP                            2
CPXPARAM_MIP_Tolerances_Integrality              0
Tried aggregator 2 times.
MIP Presolve eliminated 1048 rows and 1862 columns.
MIP Presolve modified 1563 coefficients.
Aggregator did 38 substitutions.
Reduced MIP has 996 rows, 2876 columns, and 26506 nonzeros.
Reduced MIP has 2855 binaries, 0 generals, 0 SOSs, and 0 indicators.
Presolve time = 0.02 sec. (47.77 ticks)
Probing fixed 3 vars, tightened 0 bounds.
Probing time = 0.02 sec. (31.07 ticks)
Tried aggregator 2 times.
Detecting symmetries...
MIP Presolve eliminated 18 rows and 3 columns.
MIP Presolve modified 119 coefficients.
Aggregator did 2 substitutions.
Reduced MIP has 976 rows, 2871 columns, and 26458 nonzeros.
Reduced MIP has 2850 binaries, 0 generals, 0 SOSs, and 0 indicators.
Presolve time = 0.01 sec. (17.40 ticks)
Probing time = 0.00 sec. (6.61 ticks)
Clique table members: 12772.
MIP emphasis: optimality.
MIP search method: dynamic search.
Parallel mode: deterministic, using up to 20 threads.
Root relaxation solution time = 0.10 sec. (154.28 ticks)

        Nodes                                         Cuts/
   Node  Left     Objective  IInf  Best Integer    Best Bound    ItCnt     Gap

      0     0       32.4124   161                     32.4124       25         
      0     0       36.3566   138                    Cuts: 54     1008         
      0     0       39.0656   201                    Cuts: 35     1667         
      0     0       39.2698   287                    Cuts: 29     2772         
      0     0       39.2949   279                    Cuts: 11     3002         
*     0+    0                           83.1412       39.2949            52.74%
*     0+    0                           78.7961       39.2949            50.13%
*     0+    0                           63.3820       39.2949            38.00%
      0     0  -1.00000e+75     0       63.3820       39.2949     3002   38.00%
      0     0       39.3127   276       63.3820      Cuts: 10     3144   37.97%
Detecting symmetries...
      0     0       39.3344   292       63.3820       Cuts: 8     3341   37.94%
      0     0       39.3346   287       63.3820    Cliques: 2     3358   37.94%
      0     0       39.3408   286       63.3820       Cuts: 2     3436   37.93%
      0     0       39.3489   279       63.3820       Cuts: 4     3530   37.92%
      0     0       39.3689   321       63.3820       Cuts: 4     3730   37.89%
      0     0       39.3706   308       63.3820   ZeroHalf: 1     3757   37.88%
      0     0       39.3706   317       63.3820       Cuts: 2     3768   37.88%
*     0+    0                           60.7007       39.3706            35.14%
Detecting symmetries...
      0     2       39.3706   316       60.7007       39.3706     3768   35.14%
Elapsed time = 1.40 sec. (1951.88 ticks, tree = 0.02 MB, solutions = 4)
      3     5       46.0615    73       60.7007       39.3738     7148   35.13%
*     5+    3                           59.7407       39.3738            34.09%
*    28+   11                           55.8691       39.3738            29.52%
    455    22       46.9114    38       55.8691       39.6066    39102   29.11%
    749    82    infeasible             55.8691       39.9287    78512   28.53%
*   899    60      integral     0       53.5822       39.9287    86037   25.48%
   1355    39       47.4504    97       53.5822       40.1220   117815   25.12%
   1695   193        cutoff             53.5822       40.5819   186678   24.26%
   1957   308       50.3244    14       53.5822       40.5819   228297   24.26%
   2045   370       49.2675   122       53.5822       40.6194   249188   24.19%
   2236   494       52.0543    27       53.5822       40.6257   304297   24.18%
   3087   919       44.3887   109       53.5822       41.5544   497536   22.45%
Elapsed time = 4.35 sec. (4973.51 ticks, tree = 0.97 MB, solutions = 9)
*  3106  1012      integral     0       53.4514       41.8201   531560   21.76%
*  3526  1121      integral     0       52.7834       41.9493   575913   20.53%
   4536  1562       49.3115    64       52.7834       43.0152   819868   18.51%
   5252  1827       44.3054   160       52.7834       44.0062   956879   16.63%
*  6428+ 2429                           52.7834       44.7580            15.20%
   6705  2521       51.6454   105       52.7834       44.7580  1252048   15.20%

Performing restart 1

Repeating presolve.
Tried aggregator 2 times.
MIP Presolve eliminated 25 rows and 72 columns.
MIP Presolve modified 10013 coefficients.
Aggregator did 3 substitutions.
Reduced MIP has 948 rows, 2796 columns, and 20735 nonzeros.
Reduced MIP has 2775 binaries, 0 generals, 0 SOSs, and 0 indicators.
Presolve time = 0.02 sec. (31.67 ticks)
Tried aggregator 2 times.
MIP Presolve eliminated 5 rows and 40 columns.
MIP Presolve modified 160 coefficients.
Aggregator did 1 substitutions.
Reduced MIP has 942 rows, 2755 columns, and 20306 nonzeros.
Reduced MIP has 2734 binaries, 0 generals, 0 SOSs, and 0 indicators.
Presolve time = 0.01 sec. (14.17 ticks)
Tried aggregator 1 time.
Reduced MIP has 942 rows, 2755 columns, and 20306 nonzeros.
Reduced MIP has 2734 binaries, 0 generals, 0 SOSs, and 0 indicators.
Presolve time = 0.01 sec. (12.22 ticks)
Represolve time = 0.15 sec. (232.28 ticks)
   6777     0       39.4066   323       52.7834      Cuts: 21  1356232   15.20%
   6777     0       39.4749   316       52.7834      Cuts: 27  1356474   15.20%
   6777     0       39.5216   352       52.7834      Cuts: 26  1356710   15.20%
   6777     0       39.5442   352       52.7834      Cuts: 26  1356852   15.20%
   6777     0       39.5875   352       52.7834      Cuts: 32  1357086   15.20%
   6777     2       39.5875   352       52.7834       44.7580  1357086   15.20%
   6779     3       39.6001   303       52.7834       44.7580  1357276   15.20%
   6789     3       39.6430   314       52.7834       44.7580  1357899   15.20%
   6823     5       46.8836   105       52.7834       44.7580  1363231   15.20%
*  6854+   13                           52.1282       44.7580            14.14%
*  7207    22      integral     0       52.0476       44.7580  1387189   14.01%
   7308    14        cutoff             52.0476       44.7580  1388792   14.01%
   7707    84       49.6902   123       52.0476       44.7580  1426719   14.01%
Elapsed time = 14.80 sec. (19540.96 ticks, tree = 0.12 MB, solutions = 13)
   8979   367       49.5475    35       52.0476       44.7580  1518610   14.01%
  10078   551       48.1449   104       52.0476       44.7580  1594246   14.01%
  11157  1148        cutoff             52.0476       44.7580  1707086   14.01%
  12569  1725        cutoff             52.0476       44.7580  1839112   14.01%
  13797  1843       47.8284    84       52.0476       44.7580  1915084   14.01%
  14940  1977       51.9692   161       52.0476       44.7580  2006990   14.01%
* 16028  1705      integral     0       49.4304       44.7580  2068826    9.45%
  16052   538        cutoff             49.4304       44.7580  2079852    9.45%
  16223     5        cutoff             49.4304       46.0401  2100827    6.86%

Clique cuts applied:  22
Cover cuts applied:  19
Implied bound cuts applied:  13
Zero-half cuts applied:  31
Lift and project cuts applied:  10
Gomory fractional cuts applied:  6

Root node processing (before b&c):
  Real time             =    1.31 sec. (1922.86 ticks)
Parallel b&c, 20 threads:
  Real time             =   22.65 sec. (25715.83 ticks)
  Sync time (average)   =    8.87 sec.
  Wait time (average)   =    0.01 sec.
                          ------------
Total (root+branch&cut) =   23.95 sec. (27638.70 ticks)
Feasible solution found!
Truck nodes:
Stage 1 at customer 0 with arrival time is: 0
Stage 1 at customer 0 with departure time is: 0
Stage 2 at customer 5 with arrival time is: 7.16529
Stage 2 at customer 5 with departure time is: 7.16529
Stage 3 at customer 7 with arrival time is: 8.77996
Stage 3 at customer 7 with departure time is: 8.77996
Stage 4 at customer 6 with arrival time is: 16.4657
Stage 4 at customer 6 with departure time is: 17.4657
Stage 5 at customer 1 with arrival time is: 20.8847
Stage 5 at customer 1 with departure time is: 20.8847
Stage 6 at customer 8 with arrival time is: 23.8357
Stage 6 at customer 8 with departure time is: 24.8357
Stage 7 at customer 4 with arrival time is: 30.3778
Stage 7 at customer 4 with departure time is: 30.3778
Stage 8 at customer 3 with arrival time is: 37.0937
Stage 8 at customer 3 with departure time is: 37.0937
Stage 9 at customer 10 with arrival time is: 43.3223
Stage 9 at customer 10 with departure time is: 44.3223
Stage 10 at customer 11 with arrival time is: 49.4304
Stage 10 at customer 11 with departure time is: 49.4304
Truck arcs:
Arc 1 connecting 0 and 5 with cost 7.16529 
Arc 2 connecting 5 and 7 with cost 1.61466 
Arc 3 connecting 7 and 6 with cost 7.68579 
Arc 4 connecting 6 and 1 with cost 3.41898 
Arc 5 connecting 1 and 8 with cost 2.95098 
Arc 6 connecting 8 and 4 with cost 5.54215 
Arc 7 connecting 4 and 3 with cost 6.71587 
Arc 8 connecting 3 and 10 with cost 6.22861 
Arc 9 connecting 10 and 11 with cost 5.10809 
Drone served customers
Drone flies from stage 1 to stage 4
Drone flies from stage 6 to stage 9
Drone flies from stage 1 to stage 4 to serve customer 2
Drone flies from stage 6 to stage 9 to serve customer 9
1
Customer 2 served by drone.
Y_val: 1
W_val: 1
Drone fly from 0 at stage 1 to serve 2 and then fly back to 6 at stage 4. 
Truck travel time from stage 1 to 4 is: 16.4657
Start arc cost: 7.90094, end arc cost: 4.9433. Total drone travel time: 12.8442
Drone arrival time: 12.8442
Truck arrival time: 16.4657
Truck departure time = max(d/a, t/a) plus (sl/sr): 17.4657
1
Customer 9 served by drone.
Y_val: 1
W_val: 1
Drone fly from 8 at stage 6 to serve 9 and then fly back to 10 at stage 9. 
Truck travel time from stage 6 to 9 is: 18.4866
Start arc cost: 4.53203, end arc cost: 11.0897. Total drone travel time: 15.6217
Drone arrival time: 40.4574
Truck arrival time: 43.3223
Truck departure time = max(d/a, t/a) plus (sl/sr): 44.3223
Done!
-------------------------Re-calculated objective-----------------------
49.4304
------------------------------------------------------------------------
Solve time: 23.958
OBJECTIVE VALUE: 49.4304, NUMBER OF SORTIES: 2.
In write mode
