Instance name: /home/cuong/CLionProjects/uMV-FSTSP/Murray_Chu_2015_test_data/FSTSP/FSTSP_10_customer_problems/20140810T123437v7
Write arg val: 1

drone speed: 0.4 miles/minute
uav non-eligible customer: 10 
Printing tau:
0 14.2149 7.45597 18.1512 10.5846 15.145 14.669 14.3671 12.5333 1.31706 6.43835 0 
14.2149 0 18.3108 3.93636 13.7595 7.22991 8.18583 7.04774 13.7881 14.0919 12.0132 14.2149 
7.45597 18.3108 0 22.2472 4.55136 11.0809 10.125 11.2631 5.10923 6.13892 11.4943 7.45597 
18.1512 3.93636 22.2472 0 17.6958 11.1663 12.1222 10.9841 17.7245 18.0283 15.9496 18.1512 
10.5846 13.7595 4.55136 17.6958 0 6.52957 5.57365 6.71174 1.94864 9.26756 8.38296 10.5846 
15.145 7.22991 11.0809 11.1663 6.52957 0 0.955922 0.777831 6.55821 13.8279 12.9433 15.145 
14.669 8.18583 10.125 12.1222 5.57365 0.955922 0 1.13809 5.60229 13.352 12.4674 14.669 
14.3671 7.04774 11.2631 10.9841 6.71174 0.777831 1.13809 0 6.74038 13.0501 12.1655 14.3671 
12.5333 13.7881 5.10923 17.7245 1.94864 6.55821 5.60229 6.74038 0 11.2162 10.3316 12.5333 
1.31706 14.0919 6.13892 18.0283 9.26756 13.8279 13.352 13.0501 11.2162 0 7.2754 1.31706 
6.43835 12.0132 11.4943 15.9496 8.38296 12.9433 12.4674 12.1655 10.3316 7.2754 0 6.43835 
0 0 0 0 0 0 0 0 0 0 0 0 
Printing tau_prime:
0 13.7433 6.37003 17.6777 7.49295 11.5254 10.9744 11.0667 8.87036 1.10347 4.81142 0 
13.7433 0 13.8016 3.93636 10.0624 5.15445 5.79716 4.98467 9.82192 13.5081 9.76684 13.7433 
6.37003 13.8016 0 17.4546 3.90533 9.53697 8.79045 9.34402 4.808 5.26714 8.93665 6.37003 
17.6777 3.93636 17.4546 0 13.6088 8.1769 8.91833 8.21492 13.1476 17.4415 13.6017 17.6777 
7.49295 10.0624 3.90533 13.6088 0 5.6317 4.88611 5.4477 1.37804 6.55737 7.69671 7.49295 
11.5254 5.15445 9.53697 8.1769 5.6317 0 0.755079 0.564892 4.99155 10.9155 9.15697 11.5254 
10.9744 5.79716 8.79045 8.91833 4.88611 0.755079 0 0.832586 4.23953 10.3237 8.86878 10.9744 
11.0667 4.98467 9.34402 8.21492 5.4477 0.564892 0.832586 0 4.93942 10.4863 8.60384 11.0667 
8.87036 9.82192 4.808 13.1476 1.37804 4.99155 4.23953 4.93942 0 7.93396 8.8132 8.87036 
1.10347 13.5081 5.26714 17.4415 6.55737 10.9155 10.3237 10.4863 7.93396 0 5.18237 1.10347 
4.81142 9.76684 8.93665 13.6017 7.69671 9.15697 8.86878 8.60384 8.8132 5.18237 0 4.81142 
0 0 0 0 0 0 0 0 0 0 0 0 
Warning:  Output names have been modified due to duplicate names or characters invalid in LP format.
Version identifier: 22.1.1.0 | 2022-11-28 | 9160aff4d
CPXPARAM_Emphasis_MIP                            2
CPXPARAM_MIP_Tolerances_Integrality              0
Tried aggregator 2 times.
MIP Presolve eliminated 676 rows and 1265 columns.
MIP Presolve modified 2015 coefficients.
Aggregator did 32 substitutions.
Reduced MIP has 1037 rows, 3479 columns, and 34585 nonzeros.
Reduced MIP has 3458 binaries, 0 generals, 0 SOSs, and 0 indicators.
Presolve time = 0.02 sec. (47.09 ticks)
Probing fixed 21 vars, tightened 0 bounds.
Probing time = 0.03 sec. (61.89 ticks)
Tried aggregator 2 times.
Detecting symmetries...
MIP Presolve eliminated 19 rows and 21 columns.
MIP Presolve modified 119 coefficients.
Aggregator did 3 substitutions.
Reduced MIP has 1015 rows, 3455 columns, and 34399 nonzeros.
Reduced MIP has 3434 binaries, 0 generals, 0 SOSs, and 0 indicators.
Presolve time = 0.01 sec. (21.94 ticks)
Probing time = 0.00 sec. (7.15 ticks)
Clique table members: 16035.
MIP emphasis: optimality.
MIP search method: dynamic search.
Parallel mode: deterministic, using up to 20 threads.
Root relaxation solution time = 0.12 sec. (184.29 ticks)

        Nodes                                         Cuts/
   Node  Left     Objective  IInf  Best Integer    Best Bound    ItCnt     Gap

      0     0       37.7432   225                     37.7432       32         
*     0+    0                        12923.5888       37.7432            99.71%
      0     0       37.9368   155    12923.5888      Cuts: 16     1784   99.71%
*     0+    0                           61.8802       37.9368            38.69%
      0     0       39.3480   249       61.8802      Cuts: 33     3349   36.41%
      0     0       39.4908   295       61.8802      Cuts: 13     3641   36.18%
*     0+    0                           60.8630       39.4908            35.12%
      0     0  -1.00000e+75     0       60.8630       39.4908     3641   35.12%
*     0+    0                           56.7616       39.4908            30.43%
      0     0       40.3720   272       56.7616      Cuts: 14     4312   28.87%
      0     0       40.4920   246       56.7616      Cuts: 23     4579   28.66%
Detecting symmetries...
      0     0       40.6131   262       56.7616       Cuts: 8     4885   28.45%
      0     0       40.6289   326       56.7616      Cuts: 24     5065   28.42%
      0     0       40.6363   341       56.7616       Cuts: 7     5154   28.41%
      0     0       40.6381   337       56.7616   ZeroHalf: 1     5230   28.41%
      0     0       40.6685   336       56.7616   ZeroHalf: 5     5398   28.35%
      0     0       40.6727   384       56.7616       Cuts: 8     5503   28.34%
*     0+    0                           54.1017       40.6727            24.82%
Detecting symmetries...
      0     2       40.6727   376       54.1017       40.6727     5503   24.82%
Elapsed time = 1.84 sec. (2979.68 ticks, tree = 0.02 MB, solutions = 5)
      7     9       45.0288    29       54.1017       40.6741     9980   24.82%
*    14+    7                           52.6563       40.6741            22.76%
*    30+   14                           49.5813       41.1581            16.99%
     88    31       46.7476    45       49.5813       41.2459    41492   16.81%
    170    62       45.3186    40       49.5813       41.2957    61843   16.71%
    391   136       45.3186    22       49.5813       41.2957    84343   16.71%
    602   261        cutoff             49.5813       41.2957   119492   16.71%
    940   434       44.4331    14       49.5813       41.2957   175192   16.71%
   1173   597       44.2040   124       49.5813       41.2957   222618   16.71%
   1479   678       47.9970    36       49.5813       41.2957   252566   16.71%
   1814   790       47.1829    22       49.5813       41.2957   282792   16.71%
   2820  1148       46.4115    19       49.5813       43.6619   398119   11.94%
Elapsed time = 4.72 sec. (6091.59 ticks, tree = 6.24 MB, solutions = 8)
   3605  1677        cutoff             49.5813       44.4350   548733   10.38%
   5081  2210       46.4343    50       49.5813       44.5780   716573   10.09%
   6028  2576       47.1415    39       49.5813       44.6604   814905    9.92%
   6947  2880       45.4342    29       49.5813       45.0520   927792    9.14%

Performing restart 1

Repeating presolve.
Tried aggregator 2 times.
MIP Presolve eliminated 19 rows and 340 columns.
MIP Presolve modified 13174 coefficients.
Aggregator did 10 substitutions.
Reduced MIP has 986 rows, 3105 columns, and 25829 nonzeros.
Reduced MIP has 3084 binaries, 0 generals, 0 SOSs, and 0 indicators.
Presolve time = 0.02 sec. (41.02 ticks)
Tried aggregator 2 times.
MIP Presolve eliminated 0 rows and 50 columns.
MIP Presolve modified 144 coefficients.
Aggregator did 8 substitutions.
Reduced MIP has 978 rows, 3047 columns, and 25407 nonzeros.
Reduced MIP has 3026 binaries, 0 generals, 0 SOSs, and 0 indicators.
Presolve time = 0.01 sec. (18.51 ticks)
Tried aggregator 1 time.
MIP Presolve eliminated 0 rows and 2 columns.
Reduced MIP has 978 rows, 3045 columns, and 25389 nonzeros.
Reduced MIP has 3024 binaries, 0 generals, 0 SOSs, and 0 indicators.
Presolve time = 0.01 sec. (14.49 ticks)
Represolve time = 0.18 sec. (321.04 ticks)
   6948     0       40.7631   367       49.5813      Cuts: 36   990916    9.07%
   6948     0       40.7677   352       49.5813      Cuts: 30   991101    9.07%
   6948     0       40.7707   376       49.5813       Cuts: 4   991189    9.07%
   6948     0       40.7771   331       49.5813   ZeroHalf: 5   991341    9.07%
   6948     0       40.7820   346       49.5813   ZeroHalf: 2   991453    9.07%
   6948     0       40.7821   346       49.5813   ZeroHalf: 1   991473    9.07%
   6948     2       40.7821   345       49.5813       45.0827   991473    9.07%
   6950     4       44.2020   152       49.5813       45.0827   992571    9.07%
   6953     4       47.7092   135       49.5813       45.0827   992822    9.07%
   6959     4       42.4395    88       49.5813       45.0827   994148    9.07%
   7207    28       45.0670    45       49.5813       45.0827  1015849    9.07%
   8800   599    infeasible             49.5813       45.0827  1163904    9.07%
Elapsed time = 15.32 sec. (20534.78 ticks, tree = 0.59 MB, solutions = 8)
   9311   560       46.3531    34       49.5813       45.0827  1225063    9.07%
  11123   606        cutoff             49.5813       45.0827  1341099    9.07%
  12671    66       47.0506   163       49.5813       45.0827  1426615    9.07%
  13159   117        cutoff             49.5813       45.0827  1495745    9.07%
  13528   321       48.7291   135       49.5813       45.0827  1603581    9.07%
  14437   749       46.6046   167       49.5813       45.0827  1753137    9.07%
  15090   883        cutoff             49.5813       45.0827  1825265    9.07%
  16058  1155       47.6523    93       49.5813       45.0827  1985918    9.07%
* 17698+ 1187                           49.5813       45.0827             9.07%
* 17767+ 1231                           49.5813       45.0827             9.07%
  17815  1240       46.9965   146       49.5813       45.0827  2133121    9.07%
  18866   852        cutoff             49.5813       45.0827  2242440    9.07%
Elapsed time = 26.61 sec. (30085.90 ticks, tree = 0.82 MB, solutions = 8)
  19881    26       48.5401    91       49.5813       47.7087  2300890    3.78%

GUB cover cuts applied:  1
Clique cuts applied:  6
Cover cuts applied:  56
Implied bound cuts applied:  1
Mixed integer rounding cuts applied:  1
Zero-half cuts applied:  35
Lift and project cuts applied:  2
Gomory fractional cuts applied:  3

Root node processing (before b&c):
  Real time             =    1.80 sec. (2911.84 ticks)
Parallel b&c, 20 threads:
  Real time             =   25.66 sec. (28181.13 ticks)
  Sync time (average)   =    8.82 sec.
  Wait time (average)   =    0.01 sec.
                          ------------
Total (root+branch&cut) =   27.46 sec. (31092.96 ticks)
Feasible solution found!
Truck nodes:
Stage 1 at customer 0 with arrival time is: 0
Stage 1 at customer 0 with departure time is: 0
Stage 2 at customer 9 with arrival time is: 1.31706
Stage 2 at customer 9 with departure time is: 1.31706
Stage 3 at customer 4 with arrival time is: 10.5846
Stage 3 at customer 4 with departure time is: 12.5846
Stage 4 at customer 8 with arrival time is: 14.5333
Stage 4 at customer 8 with departure time is: 14.5333
Stage 5 at customer 6 with arrival time is: 20.1355
Stage 5 at customer 6 with departure time is: 20.1355
Stage 6 at customer 5 with arrival time is: 21.0915
Stage 6 at customer 5 with departure time is: 21.0915
Stage 7 at customer 7 with arrival time is: 21.8693
Stage 7 at customer 7 with departure time is: 21.8693
Stage 8 at customer 5 with arrival time is: 22.6471
Stage 8 at customer 5 with departure time is: 22.8998
Stage 9 at customer 1 with arrival time is: 30.1297
Stage 9 at customer 1 with departure time is: 31.1297
Stage 10 at customer 10 with arrival time is: 43.143
Stage 10 at customer 10 with departure time is: 43.143
Stage 11 at customer 11 with arrival time is: 49.5813
Stage 11 at customer 11 with departure time is: 49.5813
Truck arcs:
Arc 1 connecting 0 and 9 with cost 1.31706 
Arc 2 connecting 9 and 4 with cost 9.26756 
Arc 3 connecting 4 and 8 with cost 1.94864 
Arc 4 connecting 8 and 6 with cost 5.60229 
Arc 5 connecting 6 and 5 with cost 0.955922 
Arc 6 connecting 5 and 7 with cost 0.777831 
Arc 7 connecting 7 and 5 with cost 0.777831 
Arc 8 connecting 5 and 1 with cost 7.22991 
Arc 9 connecting 1 and 10 with cost 12.0132 
Arc 10 connecting 10 and 11 with cost 6.43835 
Drone served customers
Drone flies from stage 1 to stage 3
Drone flies from stage 3 to stage 9
Drone flies from stage 1 to stage 3 to serve customer 2
Drone flies from stage 3 to stage 9 to serve customer 3
1
Customer 2 served by drone.
Y_val: 1
W_val: 1
Drone fly from 0 at stage 1 to serve 2 and then fly back to 4 at stage 3. 
Truck travel time from stage 1 to 3 is: 10.5846
Start arc cost: 6.37003, end arc cost: 3.90533. Total drone travel time: 10.2754
Drone arrival time: 10.2754
Truck arrival time: 10.5846
Truck departure time = max(d/a, t/a) plus (sl/sr): 12.5846
1
Customer 3 served by drone.
Y_val: 1
W_val: 1
Drone fly from 4 at stage 3 to serve 3 and then fly back to 1 at stage 9. 
Truck travel time from stage 3 to 9 is: 17.2924
Start arc cost: 13.6088, end arc cost: 3.93636. Total drone travel time: 17.5451
Drone arrival time: 30.1297
Truck arrival time: 30.1297
Truck departure time = max(d/a, t/a) plus (sl/sr): 31.1297
Done!
-------------------------Re-calculated objective-----------------------
49.5813
------------------------------------------------------------------------
Solve time: 27.471
OBJECTIVE VALUE: 49.5813, NUMBER OF SORTIES: 2.
In write mode
