Instance name: /home/cuong/CLionProjects/uMV-FSTSP/Murray_Chu_2015_test_data/FSTSP/FSTSP_10_customer_problems/20140810T123443v10
Write arg val: 1

drone speed: 0.6 miles/minute
uav non-eligible customer: 4 8 
Printing tau:
0 7.3617 13.235 11.9489 14.048 9.28995 9.2816 9.57935 4.27959 6.76674 3.51531 0 
7.3617 0 8.59672 16.5872 14.8463 1.92825 1.9199 7.49765 3.32128 11.405 7.04299 7.3617 
13.235 8.59672 0 25.184 23.443 8.42508 9.39342 16.0944 11.7546 20.0018 15.6397 13.235 
11.9489 16.5872 25.184 0 20.0769 16.7589 15.7905 15.6083 13.4294 5.1822 10.0243 11.9489 
14.048 14.8463 23.443 20.0769 0 15.0179 14.0496 7.34864 11.6884 17.2947 10.5327 14.048 
9.28995 1.92825 8.42508 16.7589 15.0179 0 0.968346 7.66929 5.01036 12.5367 7.21463 9.28995 
9.2816 1.9199 9.39342 15.7905 14.0496 0.968346 0 6.70095 5.00201 12.5283 6.24629 9.2816 
9.57935 7.49765 16.0944 15.6083 7.34864 7.66929 6.70095 0 5.29976 12.8261 6.06403 9.57935 
4.27959 3.32128 11.7546 13.4294 11.6884 5.01036 5.00201 5.29976 0 8.24716 3.8851 4.27959 
6.76674 11.405 20.0018 5.1822 17.2947 12.5367 12.5283 12.8261 8.24716 0 6.76206 6.76674 
3.51531 7.04299 15.6397 10.0243 10.5327 7.21463 6.24629 6.06403 3.8851 6.76206 0 3.51531 
0 0 0 0 0 0 0 0 0 0 0 0 
Printing tau_prime:
0 4.3947 7.10303 6.75983 8.77073 5.28375 5.07359 5.04924 2.28719 3.79077 2.15117 0 
4.3947 0 4.53721 10.7671 8.22389 0.977764 1.04987 3.94906 2.22874 7.86711 4.05316 4.3947 
7.10303 4.53721 0 13.8369 12.7369 4.83259 5.26653 8.48623 5.94183 10.8808 7.92402 7.10303 
6.75983 10.7671 13.8369 0 10.1784 11.4679 11.1089 9.12274 8.55077 2.97077 6.81733 6.75983 
8.77073 8.22389 12.7369 10.1784 0 7.95679 7.49335 4.34398 7.69376 8.9064 6.62071 8.77073 
5.28375 0.977764 4.83259 11.4679 7.95679 0 0.489107 3.87634 3.03842 8.61874 4.66744 5.28375 
5.07359 1.04987 5.26653 11.1089 7.49335 0.489107 0 3.38783 2.79373 8.29151 4.29363 5.07359 
5.04924 3.94906 8.48623 9.12274 4.34398 3.87634 3.38783 0 3.45972 6.7721 3.0714 5.04924 
2.28719 2.22874 5.94183 8.55077 7.69376 3.03842 2.79373 3.45972 0 5.63927 1.99988 2.28719 
3.79077 7.86711 10.8808 2.97077 8.9064 8.61874 8.29151 6.7721 5.63927 0 4.06431 3.79077 
2.15117 4.05316 7.92402 6.81733 6.62071 4.66744 4.29363 3.0714 1.99988 4.06431 0 2.15117 
0 0 0 0 0 0 0 0 0 0 0 0 
Warning:  Output names have been modified due to duplicate names or characters invalid in LP format.
Version identifier: 22.1.1.0 | 2022-11-28 | 9160aff4d
CPXPARAM_Emphasis_MIP                            2
CPXPARAM_MIP_Tolerances_Integrality              0
Tried aggregator 2 times.
MIP Presolve eliminated 714 rows and 1468 columns.
MIP Presolve modified 2181 coefficients.
Aggregator did 24 substitutions.
Reduced MIP has 1008 rows, 3284 columns, and 31687 nonzeros.
Reduced MIP has 3263 binaries, 0 generals, 0 SOSs, and 0 indicators.
Presolve time = 0.02 sec. (49.05 ticks)
Found incumbent of value 10130.936253 after 0.04 sec. (80.59 ticks)
Probing fixed 5 vars, tightened 0 bounds.
Probing time = 0.02 sec. (47.57 ticks)
Tried aggregator 2 times.
Detecting symmetries...
MIP Presolve eliminated 17 rows and 5 columns.
MIP Presolve modified 121 coefficients.
Aggregator did 2 substitutions.
Reduced MIP has 989 rows, 3277 columns, and 31615 nonzeros.
Reduced MIP has 3256 binaries, 0 generals, 0 SOSs, and 0 indicators.
Presolve time = 0.01 sec. (21.63 ticks)
Probing time = 0.00 sec. (6.84 ticks)
Clique table members: 12250.
MIP emphasis: optimality.
MIP search method: dynamic search.
Parallel mode: deterministic, using up to 20 threads.
Root relaxation solution time = 0.08 sec. (157.79 ticks)

        Nodes                                         Cuts/
   Node  Left     Objective  IInf  Best Integer    Best Bound    ItCnt     Gap

*     0+    0                        10130.9363        3.5153            99.97%
      0     0       38.3741   180    10130.9363       38.3741       22   99.62%
*     0+    0                           69.4899       38.3741            44.78%
      0     0       39.1694   158       69.4899       Cuts: 7      605   43.63%
*     0+    0                           52.2780       39.1694            25.07%
      0     0       39.7818   111       52.2780      Cuts: 20     1402   23.90%
      0     0       39.8826   157       52.2780      Cuts: 14     1808   23.71%
      0     0       40.1328   145       52.2780      Cuts: 12     2245   21.88%
      0     0       40.3145   170       52.2780      Cuts: 25     3083   21.88%
Detecting symmetries...
      0     0       40.6960   156       52.2780      Cuts: 23     3296   21.88%
      0     0       40.7545   160       52.2780       Cuts: 8     4002   21.88%
      0     0       40.7545   121       52.2780      Cuts: 20     4075   21.88%
      0     0       40.7545   169       52.2780      Cuts: 17     4522   21.88%
*     0+    0                           52.0239       40.8374            21.50%
      0     0       41.3833   184       52.0239   ZeroHalf: 8     6050   19.93%
*     0+    0                           51.3990       41.6562            18.96%
      0     0  -1.00000e+75     0       51.3990       41.6562     6050   18.96%
      0     0       41.7688   177       51.3990      Cuts: 19     7288   18.74%
      0     0       41.7688   186       51.3990      Cuts: 12     7380   18.74%
*     0+    0                           50.3413       41.7688            17.03%
Detecting symmetries...
      0     2       41.7688   150       50.3413       43.2316     7380   14.12%
Elapsed time = 2.01 sec. (2917.61 ticks, tree = 0.02 MB, solutions = 6)
*    94    23      integral     0       49.8715       43.2316    11449   13.31%
   1108   297       47.9382    22       49.8715       43.2316    57127   13.31%
   1698   573       45.5769    74       49.8715       43.2316    84486   13.31%
   2301   702       48.1745    56       49.8715       43.2316   101049   13.31%
*  2929+ 1049                           49.4440       43.2316            12.56%
   3003  1134       45.6559   105       49.4440       43.2316   153921   12.56%
   3700  1400       45.9712    74       49.4440       43.2316   210147   12.56%
   4363  1672       48.7442    95       49.4440       43.2316   258811   12.56%
   4608  1815        cutoff             49.4440       43.5950   281784   11.83%
*  4782  1819      integral     0       49.2044       43.5950   285942   11.40%
   7037  2384       44.3985   103       49.2044       43.8602   395581   10.86%
Elapsed time = 4.98 sec. (5834.13 ticks, tree = 20.09 MB, solutions = 9)

Performing restart 1

Repeating presolve.
Tried aggregator 2 times.
MIP Presolve eliminated 58 rows and 601 columns.
MIP Presolve modified 10090 coefficients.
Aggregator did 20 substitutions.
Reduced MIP has 911 rows, 2656 columns, and 22245 nonzeros.
Reduced MIP has 2635 binaries, 0 generals, 0 SOSs, and 0 indicators.
Presolve time = 0.02 sec. (31.43 ticks)
Tried aggregator 2 times.
MIP Presolve eliminated 14 rows and 95 columns.
MIP Presolve modified 249 coefficients.
Aggregator did 8 substitutions.
Reduced MIP has 889 rows, 2553 columns, and 21242 nonzeros.
Reduced MIP has 2532 binaries, 0 generals, 0 SOSs, and 0 indicators.
Presolve time = 0.01 sec. (18.12 ticks)
Tried aggregator 1 time.
MIP Presolve eliminated 1 rows and 7 columns.
MIP Presolve modified 2 coefficients.
Reduced MIP has 888 rows, 2546 columns, and 21145 nonzeros.
Reduced MIP has 2525 binaries, 0 generals, 0 SOSs, and 0 indicators.
Presolve time = 0.01 sec. (14.69 ticks)
Represolve time = 0.16 sec. (271.57 ticks)
   7038     0       42.0266   241       49.2044      Cuts: 29   468050    9.76%
   7038     0       42.1391   247       49.2044      Cuts: 25   469598    9.76%
   7038     0       42.1587   236       49.2044       Cuts: 5   469714    9.76%
   7038     0       42.2241   259       49.2044      Cuts: 22   470113    9.76%
   7038     0       42.2241   242       49.2044      Cuts: 31   470230    9.76%
*  7038+    0                           48.0052       44.4025             7.50%
   7038     0       42.2639   289       48.0052      Cuts: 27   470876    7.50%
   7038     0       42.2639   282       48.0052       Cuts: 7   471302    7.50%
   7038     0       42.2817   268       48.0052      Cuts: 25   472313    7.50%
*  7038+    0                           47.9348       44.4025             7.37%
   7038     0       42.2844   313       47.9348      Cuts: 28   472843    7.37%
   7038     2       42.2844   274       47.9348       44.4025   472843    7.37%
   7039     3       42.2859   288       47.9348       44.4025   473485    7.37%
   7206    13       47.5521    70       47.9348       44.4025   484697    7.37%
   8908   173       46.5885    54       47.9348       44.4025   577310    7.37%
  11849   106       44.8698    33       47.9348       44.4025   671907    7.37%
* 13833+  480                           47.9348       44.4025             7.37%
  13889   499       43.8126    58       47.9348       44.4025   796786    7.37%
  16456  1300        cutoff             47.9348       44.4025   958979    7.37%
  18619  1902       47.4670   176       47.9348       44.4025  1149482    7.37%
  21625  2357       46.9470    41       47.9348       44.4025  1339891    7.37%
  23238  2139       47.1175   121       47.9348       44.4025  1436486    7.37%
Elapsed time = 17.21 sec. (20327.57 ticks, tree = 2.60 MB, solutions = 11)
  24752  1421        cutoff             47.9348       44.4025  1500293    7.37%
  27840   100        cutoff             47.9348       45.3642  1575520    5.36%

GUB cover cuts applied:  3
Clique cuts applied:  14
Cover cuts applied:  5
Implied bound cuts applied:  17
Mixed integer rounding cuts applied:  3
Zero-half cuts applied:  27
Lift and project cuts applied:  5
Gomory fractional cuts applied:  5

Root node processing (before b&c):
  Real time             =    1.98 sec. (2872.42 ticks)
Parallel b&c, 20 threads:
  Real time             =   17.27 sec. (19416.07 ticks)
  Sync time (average)   =    5.10 sec.
  Wait time (average)   =    0.01 sec.
                          ------------
Total (root+branch&cut) =   19.25 sec. (22288.48 ticks)
Feasible solution found!
Truck nodes:
Stage 1 at customer 0 with arrival time is: 0
Stage 1 at customer 0 with departure time is: 0
Stage 2 at customer 8 with arrival time is: 4.27959
Stage 2 at customer 8 with departure time is: 4.27959
Stage 3 at customer 1 with arrival time is: 7.60087
Stage 3 at customer 1 with departure time is: 7.60087
Stage 4 at customer 5 with arrival time is: 9.52912
Stage 4 at customer 5 with departure time is: 9.52912
Stage 5 at customer 6 with arrival time is: 10.4975
Stage 5 at customer 6 with departure time is: 10.4975
Stage 6 at customer 7 with arrival time is: 17.1984
Stage 6 at customer 7 with departure time is: 19.1984
Stage 7 at customer 4 with arrival time is: 26.5471
Stage 7 at customer 4 with departure time is: 26.5471
Stage 8 at customer 10 with arrival time is: 37.0797
Stage 8 at customer 10 with departure time is: 39.0797
Stage 9 at customer 11 with arrival time is: 42.595
Stage 9 at customer 11 with departure time is: 47.9348
Truck arcs:
Arc 1 connecting 0 and 8 with cost 4.27959 
Arc 2 connecting 8 and 1 with cost 3.32128 
Arc 3 connecting 1 and 5 with cost 1.92825 
Arc 4 connecting 5 and 6 with cost 0.968346 
Arc 5 connecting 6 and 7 with cost 6.70095 
Arc 6 connecting 7 and 4 with cost 7.34864 
Arc 7 connecting 4 and 10 with cost 10.5327 
Arc 8 connecting 10 and 11 with cost 3.51531 
Drone served customers
Drone flies from stage 1 to stage 6
Drone flies from stage 6 to stage 8
Drone flies from stage 8 to stage 9
Drone flies from stage 6 to stage 8 to serve customer 2
Drone flies from stage 1 to stage 6 to serve customer 3
Drone flies from stage 8 to stage 9 to serve customer 9
1
Customer 2 served by drone.
Y_val: 1
W_val: 1
Drone fly from 7 at stage 6 to serve 2 and then fly back to 10 at stage 8. 
Truck travel time from stage 6 to 8 is: 17.8813
Start arc cost: 8.48623, end arc cost: 7.92402. Total drone travel time: 16.4103
Drone arrival time: 35.6087
Truck arrival time: 37.0797
Truck departure time = max(d/a, t/a) plus (sl/sr): 39.0797
1
Customer 3 served by drone.
Y_val: 1
W_val: 1
Drone fly from 0 at stage 1 to serve 3 and then fly back to 7 at stage 6. 
Truck travel time from stage 1 to 6 is: 17.1984
Start arc cost: 6.75983, end arc cost: 9.12274. Total drone travel time: 15.8826
Drone arrival time: 15.8826
Truck arrival time: 17.1984
Truck departure time = max(d/a, t/a) plus (sl/sr): 19.1984
1
Customer 9 served by drone.
Y_val: 1
W_val: 1
Drone fly from 10 at stage 8 to serve 9 and then fly back to 11 at stage 9. 
Truck travel time from stage 8 to 9 is: 3.51531
Start arc cost: 4.06431, end arc cost: 3.79077. Total drone travel time: 7.85508
Drone arrival time: 46.9348
Truck arrival time: 42.595
Truck departure time = max(d/a, t/a) plus (sl/sr): 47.9348
Done!
-------------------------Re-calculated objective-----------------------
47.9348
------------------------------------------------------------------------
Solve time: 19.254
OBJECTIVE VALUE: 47.9348, NUMBER OF SORTIES: 3.
In write mode
