Instance name: /home/cuong/CLionProjects/uMV-FSTSP/Murray_Chu_2015_test_data/FSTSP/FSTSP_10_customer_problems/20140810T123437v8
Write arg val: 1

drone speed: 0.4 miles/minute
uav non-eligible customer: 10 
Printing tau:
0 20.6149 13.856 24.5512 16.9846 21.545 21.069 20.7671 18.9333 7.71706 12.8383 0 
20.6149 0 18.3108 3.93636 13.7595 7.22991 8.18583 7.04774 13.7881 14.0919 12.0132 20.6149 
13.856 18.3108 0 22.2472 4.55136 11.0809 10.125 11.2631 5.10923 6.13892 11.4943 13.856 
24.5512 3.93636 22.2472 0 17.6958 11.1663 12.1222 10.9841 17.7245 18.0283 15.9496 24.5512 
16.9846 13.7595 4.55136 17.6958 0 6.52957 5.57365 6.71174 1.94864 9.26756 8.38296 16.9846 
21.545 7.22991 11.0809 11.1663 6.52957 0 0.955922 0.777831 6.55821 13.8279 12.9433 21.545 
21.069 8.18583 10.125 12.1222 5.57365 0.955922 0 1.13809 5.60229 13.352 12.4674 21.069 
20.7671 7.04774 11.2631 10.9841 6.71174 0.777831 1.13809 0 6.74038 13.0501 12.1655 20.7671 
18.9333 13.7881 5.10923 17.7245 1.94864 6.55821 5.60229 6.74038 0 11.2162 10.3316 18.9333 
7.71706 14.0919 6.13892 18.0283 9.26756 13.8279 13.352 13.0501 11.2162 0 7.2754 7.71706 
12.8383 12.0132 11.4943 15.9496 8.38296 12.9433 12.4674 12.1655 10.3316 7.2754 0 12.8383 
0 0 0 0 0 0 0 0 0 0 0 0 
Printing tau_prime:
0 20.1406 9.84364 24.076 12.7128 17.5864 16.9624 17.1787 14.0158 6.72679 10.9273 0 
20.1406 0 13.8016 3.93636 10.0624 5.15445 5.79716 4.98467 9.82192 13.5081 9.76684 20.1406 
9.84364 13.8016 0 17.4546 3.90533 9.53697 8.79045 9.34402 4.808 5.26714 8.93665 9.84364 
24.076 3.93636 17.4546 0 13.6088 8.1769 8.91833 8.21492 13.1476 17.4415 13.6017 24.076 
12.7128 10.0624 3.90533 13.6088 0 5.6317 4.88611 5.4477 1.37804 6.55737 7.69671 12.7128 
17.5864 5.15445 9.53697 8.1769 5.6317 0 0.755079 0.564892 4.99155 10.9155 9.15697 17.5864 
16.9624 5.79716 8.79045 8.91833 4.88611 0.755079 0 0.832586 4.23953 10.3237 8.86878 16.9624 
17.1787 4.98467 9.34402 8.21492 5.4477 0.564892 0.832586 0 4.93942 10.4863 8.60384 17.1787 
14.0158 9.82192 4.808 13.1476 1.37804 4.99155 4.23953 4.93942 0 7.93396 8.8132 14.0158 
6.72679 13.5081 5.26714 17.4415 6.55737 10.9155 10.3237 10.4863 7.93396 0 5.18237 6.72679 
10.9273 9.76684 8.93665 13.6017 7.69671 9.15697 8.86878 8.60384 8.8132 5.18237 0 10.9273 
0 0 0 0 0 0 0 0 0 0 0 0 
Warning:  Output names have been modified due to duplicate names or characters invalid in LP format.
Version identifier: 22.1.1.0 | 2022-11-28 | 9160aff4d
CPXPARAM_Emphasis_MIP                            2
CPXPARAM_MIP_Tolerances_Integrality              0
Tried aggregator 2 times.
MIP Presolve eliminated 753 rows and 1302 columns.
MIP Presolve modified 1843 coefficients.
Aggregator did 26 substitutions.
Reduced MIP has 1038 rows, 3448 columns, and 34272 nonzeros.
Reduced MIP has 3427 binaries, 0 generals, 0 SOSs, and 0 indicators.
Presolve time = 0.02 sec. (41.33 ticks)
Found incumbent of value 13112.942519 after 0.05 sec. (83.97 ticks)
Probing fixed 92 vars, tightened 0 bounds.
Probing changed sense of 4 constraints.
Probing time = 0.06 sec. (135.38 ticks)
Tried aggregator 2 times.
Detecting symmetries...
MIP Presolve eliminated 28 rows and 92 columns.
MIP Presolve modified 121 coefficients.
Aggregator did 2 substitutions.
Reduced MIP has 1008 rows, 3354 columns, and 33138 nonzeros.
Reduced MIP has 3333 binaries, 0 generals, 0 SOSs, and 0 indicators.
Presolve time = 0.01 sec. (22.34 ticks)
Probing time = 0.00 sec. (6.91 ticks)
Clique table members: 15479.
MIP emphasis: optimality.
MIP search method: dynamic search.
Parallel mode: deterministic, using up to 20 threads.
Root relaxation solution time = 0.08 sec. (187.66 ticks)

        Nodes                                         Cuts/
   Node  Left     Objective  IInf  Best Integer    Best Bound    ItCnt     Gap

*     0+    0                        13112.9425        7.7171            99.94%
      0     0       50.4915   212    13112.9425       50.4915       37   99.61%
*     0+    0                           72.8701       50.4915            30.71%
      0     0       50.9523   197       72.8701      Cuts: 73     1910   30.08%
      0     0       50.9793   267       72.8701      Cuts: 39     2112   30.04%
      0     0       50.9920   276       72.8701      Cuts: 16     2263   30.02%
*     0+    0                           72.4959       50.9920            29.66%
      0     0  -1.00000e+75     0       72.4959       50.9920     2263   29.66%
*     0+    0                           72.4770       50.9920            29.64%
      0     0       51.0010   294       72.4770       Cuts: 9     2419   29.63%
*     0+    0                           66.9017       51.0010            23.77%
      0     0       51.7340   260       66.9017       Cuts: 9     3730   22.67%
Detecting symmetries...
*     0+    0                           66.4574       51.7340            22.15%
      0     0       52.0429   282       66.4574      Cuts: 44     4483   21.69%
      0     0       52.1400   304       66.4574      Cuts: 24     4883   19.41%
      0     0       52.2238   318       66.4574      Cuts: 16     5132   19.41%
*     0+    0                           64.9017       53.5548            17.48%
      0     0  -1.00000e+75     0       64.9017       53.5548     5132   17.48%
Detecting symmetries...
      0     2       52.2238   318       64.9017       53.5548     5132   17.48%
Elapsed time = 1.84 sec. (2870.49 ticks, tree = 0.02 MB, solutions = 7)
      2     3       52.2772   263       64.9017       53.5548     5363   17.48%
*    77+   16                           64.6872       53.5548            17.21%
    220    78       60.7940    48       64.6872       53.5548    22833   17.21%
    912   197       60.2331    88       64.6872       53.5548    73556   17.21%
    992   319       58.5923   118       64.6872       53.5548   105688   17.21%
   1231   413       58.1850   107       64.6872       53.5548   128312   17.21%
   1590   610       57.2799    45       64.6872       54.1673   173189   16.26%
   2065   905       58.7358    38       64.6872       54.2802   237622   16.09%
   2464  1141        cutoff             64.6872       54.2802   285953   16.09%
   2898  1478       58.1405    28       64.6872       55.0476   365652   14.90%
   4288  2132       57.8515    27       64.6872       57.2660   535718   11.47%
Elapsed time = 4.89 sec. (6187.19 ticks, tree = 4.48 MB, solutions = 8)
   6251  3214       58.1389    78       64.6872       57.7542   780571   10.72%

Performing restart 1

Repeating presolve.
Tried aggregator 2 times.
MIP Presolve eliminated 17 rows and 220 columns.
MIP Presolve modified 13535 coefficients.
Aggregator did 5 substitutions.
Reduced MIP has 986 rows, 3129 columns, and 25471 nonzeros.
Reduced MIP has 3108 binaries, 0 generals, 0 SOSs, and 0 indicators.
Presolve time = 0.02 sec. (35.91 ticks)
Tried aggregator 2 times.
MIP Presolve eliminated 0 rows and 23 columns.
MIP Presolve modified 79 coefficients.
Aggregator did 8 substitutions.
Reduced MIP has 978 rows, 3098 columns, and 25327 nonzeros.
Reduced MIP has 3077 binaries, 0 generals, 0 SOSs, and 0 indicators.
Presolve time = 0.01 sec. (22.63 ticks)
Represolve time = 0.12 sec. (198.02 ticks)
   7186     0       52.3830   328       64.6872       Cuts: 7   910029   10.41%
   7186     0       52.3962   347       64.6872       Cuts: 4   910136   10.41%
*  7186+    0                           63.8040       57.9513             9.17%
   7186     0       52.4208   355       63.8040   ZeroHalf: 6   910286    9.17%
*  7186+    0                           62.9075       57.9513             7.88%
*  7186+    0                           62.8040       57.9513             7.73%
   7186     0       52.4231   350       62.8040   ZeroHalf: 1   910336    7.73%
   7186     0       52.4248   363       62.8040   ZeroHalf: 3   910415    7.73%
   7186     0       52.4315   354       62.8040   ZeroHalf: 3   910531    7.73%
   7186     0       52.4372   335       62.8040       Cuts: 3   910622    7.73%
   7186     0       52.4522   376       62.8040       Cuts: 9   910745    7.73%
   7186     2       52.4522   376       62.8040       57.9513   910745    7.73%
   7187     3       55.3711   207       62.8040       57.9513   911355    7.73%
   7193     4       55.8107   200       62.8040       57.9513   911678    7.73%
   7197     3       56.2123   169       62.8040       57.9513   912146    7.73%
   7271    11       59.8169    96       62.8040       57.9513   916778    7.73%
   7443     5       52.4942   305       62.8040       57.9513   922514    7.73%
   7532    16       57.5342    63       62.8040       57.9513   938383    7.73%
   8760   489       58.7452    24       62.8040       57.9513  1024447    7.73%
*  8889   592      integral     0       62.3813       57.9513  1057488    7.10%
Elapsed time = 14.02 sec. (20528.94 ticks, tree = 2.88 MB, solutions = 12)
  10037   729       57.2797    94       62.3813       57.9513  1102801    7.10%
  10859  1213       56.2209   202       62.3813       57.9513  1234583    7.10%
* 11905+ 1293                           62.3813       57.9513             7.10%
  12814  1457       60.4693    22       62.3813       57.9513  1369767    7.10%
  13229  1588       59.2331    43       62.3813       57.9513  1488214    7.10%
  15545  1767       60.1005    35       62.3813       57.9513  1634047    7.10%
  16388  1540        cutoff             62.3813       57.9513  1704153    7.10%
  19055   925    infeasible             62.3813       57.9513  1856312    7.10%
  21320     7        cutoff             62.3813       57.9513  1945442    7.10%
  21351     5       60.8044    52       62.3813       60.6466  1953846    2.78%

GUB cover cuts applied:  7
Clique cuts applied:  15
Cover cuts applied:  7
Implied bound cuts applied:  2
Zero-half cuts applied:  33
Gomory fractional cuts applied:  2

Root node processing (before b&c):
  Real time             =    1.80 sec. (2821.75 ticks)
Parallel b&c, 20 threads:
  Real time             =   22.27 sec. (26489.47 ticks)
  Sync time (average)   =    9.39 sec.
  Wait time (average)   =    0.01 sec.
                          ------------
Total (root+branch&cut) =   24.07 sec. (29311.21 ticks)
Feasible solution found!
Truck nodes:
Stage 1 at customer 0 with arrival time is: 0
Stage 1 at customer 0 with departure time is: 0
Stage 2 at customer 9 with arrival time is: 7.71706
Stage 2 at customer 9 with departure time is: 7.71706
Stage 3 at customer 4 with arrival time is: 16.9846
Stage 3 at customer 4 with departure time is: 18.9846
Stage 4 at customer 8 with arrival time is: 20.9333
Stage 4 at customer 8 with departure time is: 20.9333
Stage 5 at customer 6 with arrival time is: 26.5355
Stage 5 at customer 6 with departure time is: 26.5355
Stage 6 at customer 7 with arrival time is: 27.6736
Stage 6 at customer 7 with departure time is: 27.6736
Stage 7 at customer 5 with arrival time is: 28.4515
Stage 7 at customer 5 with departure time is: 28.7042
Stage 8 at customer 7 with arrival time is: 29.482
Stage 8 at customer 7 with departure time is: 29.482
Stage 9 at customer 1 with arrival time is: 36.5297
Stage 9 at customer 1 with departure time is: 37.5297
Stage 10 at customer 10 with arrival time is: 49.543
Stage 10 at customer 10 with departure time is: 49.543
Stage 11 at customer 11 with arrival time is: 62.3813
Stage 11 at customer 11 with departure time is: 62.3813
Truck arcs:
Arc 1 connecting 0 and 9 with cost 7.71706 
Arc 2 connecting 9 and 4 with cost 9.26756 
Arc 3 connecting 4 and 8 with cost 1.94864 
Arc 4 connecting 8 and 6 with cost 5.60229 
Arc 5 connecting 6 and 7 with cost 1.13809 
Arc 6 connecting 7 and 5 with cost 0.777831 
Arc 7 connecting 5 and 7 with cost 0.777831 
Arc 8 connecting 7 and 1 with cost 7.04774 
Arc 9 connecting 1 and 10 with cost 12.0132 
Arc 10 connecting 10 and 11 with cost 12.8383 
Drone served customers
Drone flies from stage 1 to stage 3
Drone flies from stage 3 to stage 9
Drone flies from stage 1 to stage 3 to serve customer 2
Drone flies from stage 3 to stage 9 to serve customer 3
1
Customer 2 served by drone.
Y_val: 1
W_val: 1
Drone fly from 0 at stage 1 to serve 2 and then fly back to 4 at stage 3. 
Truck travel time from stage 1 to 3 is: 16.9846
Start arc cost: 9.84364, end arc cost: 3.90533. Total drone travel time: 13.749
Drone arrival time: 13.749
Truck arrival time: 16.9846
Truck departure time = max(d/a, t/a) plus (sl/sr): 18.9846
1
Customer 3 served by drone.
Y_val: 1
W_val: 1
Drone fly from 4 at stage 3 to serve 3 and then fly back to 1 at stage 9. 
Truck travel time from stage 3 to 9 is: 17.2924
Start arc cost: 13.6088, end arc cost: 3.93636. Total drone travel time: 17.5451
Drone arrival time: 36.5297
Truck arrival time: 36.5297
Truck departure time = max(d/a, t/a) plus (sl/sr): 37.5297
Done!
-------------------------Re-calculated objective-----------------------
62.3813
------------------------------------------------------------------------
Solve time: 24.073
OBJECTIVE VALUE: 62.3813, NUMBER OF SORTIES: 2.
In write mode
