Instance name: /home/cuong/CLionProjects/uMV-FSTSP/Murray_Chu_2015_test_data/FSTSP/FSTSP_10_customer_problems/20140810T123437v9
Write arg val: 1

drone speed: 0.6 miles/minute
uav non-eligible customer: 10 
Printing tau:
0 9.54081 8.77004 13.4772 4.21868 5.66862 5.19269 4.89079 4.24731 8.15929 7.27469 0 
9.54081 0 18.3108 3.93636 13.7595 7.22991 8.18583 7.04774 13.7881 14.0919 12.0132 9.54081 
8.77004 18.3108 0 22.2472 4.55136 11.0809 10.125 11.2631 5.10923 6.13892 11.4943 8.77004 
13.4772 3.93636 22.2472 0 17.6958 11.1663 12.1222 10.9841 17.7245 18.0283 15.9496 13.4772 
4.21868 13.7595 4.55136 17.6958 0 6.52957 5.57365 6.71174 1.94864 9.26756 8.38296 4.21868 
5.66862 7.22991 11.0809 11.1663 6.52957 0 0.955922 0.777831 6.55821 13.8279 12.9433 5.66862 
5.19269 8.18583 10.125 12.1222 5.57365 0.955922 0 1.13809 5.60229 13.352 12.4674 5.19269 
4.89079 7.04774 11.2631 10.9841 6.71174 0.777831 1.13809 0 6.74038 13.0501 12.1655 4.89079 
4.24731 13.7881 5.10923 17.7245 1.94864 6.55821 5.60229 6.74038 0 11.2162 10.3316 4.24731 
8.15929 14.0919 6.13892 18.0283 9.26756 13.8279 13.352 13.0501 11.2162 0 7.2754 8.15929 
7.27469 12.0132 11.4943 15.9496 8.38296 12.9433 12.4674 12.1655 10.3316 7.2754 0 7.27469 
0 0 0 0 0 0 0 0 0 0 0 0 
Printing tau_prime:
0 5.38044 4.54556 8.09522 2.20305 3.09185 2.71053 2.77264 2.64307 4.71879 3.92347 0 
5.38044 0 9.8583 2.81169 7.1874 3.68175 4.14083 3.56048 7.01565 9.64862 6.97631 5.38044 
4.54556 9.8583 0 12.4676 2.78952 6.81212 6.2789 6.6743 3.43429 3.76225 6.38332 4.54556 
8.09522 2.81169 12.4676 0 9.72054 5.84064 6.37024 5.8678 9.39115 12.4582 9.71551 8.09522 
2.20305 7.1874 2.78952 9.72054 0 4.02264 3.49008 3.89122 0.984316 4.68384 5.49765 2.20305 
3.09185 3.68175 6.81212 5.84064 4.02264 0 0.539342 0.403494 3.56539 7.79682 6.54069 3.09185 
2.71053 4.14083 6.2789 6.37024 3.49008 0.539342 0 0.594704 3.02824 7.37407 6.33485 2.71053 
2.77264 3.56048 6.6743 5.8678 3.89122 0.403494 0.594704 0 3.52816 7.49021 6.1456 2.77264 
2.64307 7.01565 3.43429 9.39115 0.984316 3.56539 3.02824 3.52816 0 5.66711 6.29515 2.64307 
4.71879 9.64862 3.76225 12.4582 4.68384 7.79682 7.37407 7.49021 5.66711 0 3.7017 4.71879 
3.92347 6.97631 6.38332 9.71551 5.49765 6.54069 6.33485 6.1456 6.29515 3.7017 0 3.92347 
0 0 0 0 0 0 0 0 0 0 0 0 
Warning:  Output names have been modified due to duplicate names or characters invalid in LP format.
Version identifier: 22.1.1.0 | 2022-11-28 | 9160aff4d
CPXPARAM_Emphasis_MIP                            2
CPXPARAM_MIP_Tolerances_Integrality              0
Tried aggregator 2 times.
MIP Presolve eliminated 680 rows and 1204 columns.
MIP Presolve modified 2539 coefficients.
Aggregator did 24 substitutions.
Reduced MIP has 1041 rows, 3548 columns, and 34492 nonzeros.
Reduced MIP has 3527 binaries, 0 generals, 0 SOSs, and 0 indicators.
Presolve time = 0.03 sec. (48.26 ticks)
Found incumbent of value 9765.633173 after 0.04 sec. (80.18 ticks)
Probing fixed 2 vars, tightened 0 bounds.
Probing time = 0.01 sec. (27.18 ticks)
Tried aggregator 2 times.
Detecting symmetries...
MIP Presolve eliminated 17 rows and 2 columns.
MIP Presolve modified 120 coefficients.
Aggregator did 2 substitutions.
Reduced MIP has 1022 rows, 3544 columns, and 34455 nonzeros.
Reduced MIP has 3523 binaries, 0 generals, 0 SOSs, and 0 indicators.
Presolve time = 0.01 sec. (23.04 ticks)
Probing time = 0.00 sec. (6.92 ticks)
Clique table members: 17034.
MIP emphasis: optimality.
MIP search method: dynamic search.
Parallel mode: deterministic, using up to 20 threads.
Root relaxation solution time = 0.09 sec. (176.29 ticks)

        Nodes                                         Cuts/
   Node  Left     Objective  IInf  Best Integer    Best Bound    ItCnt     Gap

*     0+    0                         9765.6332        4.2187            99.96%
      0     0       32.0223   240     9765.6332       32.0223       23   99.67%
*     0+    0                           56.9009       32.0223            43.72%
      0     0       35.8053   171       56.9009      Cuts: 14     2015   37.07%
*     0+    0                           53.9236       35.8053            33.60%
      0     0       35.9046   157       53.9236      Cuts: 36     2258   33.42%
      0     0       35.9057   180       53.9236      Cuts: 29     2331   33.41%
*     0+    0                           52.7778       35.9057            31.97%
      0     0  -1.00000e+75     0       52.7778       35.9057     2331   31.97%
      0     0       35.9082   163       52.7778      Cuts: 22     2449   31.96%
      0     0       35.9082   174       52.7778  ZeroHalf: 11     2517   31.96%
Detecting symmetries...
*     0+    0                           51.9922       35.9082            30.94%
      0     0       35.9082   181       51.9922       Cuts: 3     2580   30.94%
*     0+    0                           49.7946       35.9082            27.89%
Detecting symmetries...
      0     2       35.9082   181       49.7946       35.9082     2580   27.89%
Elapsed time = 1.44 sec. (2043.56 ticks, tree = 0.02 MB, solutions = 6)
*     6+    6                           49.1226       35.9089            26.90%
    706   277       40.4718    90       49.1226       35.9089    25213   26.90%
   1615   664       42.2130    64       49.1226       35.9089    58269   26.90%
*  2025   705      integral     0       48.9514       35.9089    61441   26.64%
*  2079   683      integral     0       48.8274       35.9329    60541   26.41%
*  2588+  782                           48.4979       35.9329            25.91%
   3604   770        cutoff             48.4979       35.9329    95398   25.91%
   5546   398        cutoff             48.4979       36.1229   123196   25.52%
   5828   622        cutoff             48.4979       36.1229   155754   25.52%
*  6205+  773                           47.9195       36.1229            24.62%
   6317   889       39.9592    49       47.9195       36.1229   186258   24.62%
   6755   911       37.7931    41       47.9195       36.1229   240036   24.62%
   7119  1144       47.6255   211       47.9195       36.1229   295462   24.62%
   7392  1402       39.7299   106       47.9195       36.1229   344598   24.62%
*  7525+ 1543                           47.8586       36.8331            23.04%
   8099  1956       39.3685   194       47.8586       37.0564   494074   22.57%
Elapsed time = 4.47 sec. (5147.71 ticks, tree = 3.13 MB, solutions = 16)
*  8187+ 2047                           47.8586       37.0564            22.57%
*  8775+ 2412                           46.0021       37.0919            19.37%
*  8840+ 2145                           45.9995       37.1679            19.20%
   8856  2156       39.1776    82       45.9995       37.1679   667826   19.20%

Performing restart 1

Repeating presolve.
Tried aggregator 2 times.
MIP Presolve eliminated 17 rows and 231 columns.
MIP Presolve modified 13190 coefficients.
Aggregator did 7 substitutions.
Reduced MIP has 998 rows, 3306 columns, and 26522 nonzeros.
Reduced MIP has 3285 binaries, 0 generals, 0 SOSs, and 0 indicators.
Presolve time = 0.02 sec. (37.93 ticks)
Tried aggregator 1 time.
MIP Presolve eliminated 0 rows and 5 columns.
MIP Presolve modified 164 coefficients.
Reduced MIP has 998 rows, 3301 columns, and 26412 nonzeros.
Reduced MIP has 3280 binaries, 0 generals, 0 SOSs, and 0 indicators.
Presolve time = 0.01 sec. (21.15 ticks)
Represolve time = 0.12 sec. (197.60 ticks)
   8861     0       35.9330   204       45.9995      Cuts: 16   690861   19.13%
   8861     0       35.9638   216       45.9995      Cuts: 25   691455   19.13%
*  8861+    0                           45.9386       37.2007            19.02%
   8861     0       36.3030   190       45.9386      Cuts: 24   694367   19.02%
   8861     0       36.3604   214       45.9386      Cuts: 52   695957   19.02%
   8861     0       36.3677   242       45.9386      Cuts: 26   696278   19.02%
   8861     2       36.3677   242       45.9386       37.2007   696278   19.02%
   8862     3       36.3941   209       45.9386       37.2007   697751   19.02%
   8868     5       37.1353   187       45.9386       37.2007   700105   19.02%
   9099    40       42.4778    38       45.9386       37.2007   722594   19.02%
  10297   496       42.2042    67       45.9386       37.2007   787207   19.02%
  10681   825       39.1880   158       45.9386       37.2007   840558   19.02%
  11335  1064       40.6380    99       45.9386       37.2007   897119   19.02%
  12229  1598       42.4038   143       45.9386       37.2007  1014749   19.02%
  12700  2284       38.4363   134       45.9386       37.2007  1157973   19.02%
Elapsed time = 15.14 sec. (19412.58 ticks, tree = 16.87 MB, solutions = 19)
  13095  2493       39.2171   120       45.9386       37.2007  1211272   19.02%
  14007  3334       40.3006   120       45.9386       37.4569  1382810   18.46%
  14839  4202        cutoff             45.9386       37.6746  1542176   17.99%
  15176  4307       42.7691   129       45.9386       37.6865  1573039   17.96%
* 15429+ 4414                           45.9386       37.6911            17.95%
  16352  5260       41.3901   122       45.9386       37.7289  1734305   17.87%
* 17192+ 5700                           45.9386       38.1181            17.02%
  17304  5942       38.3888    33       45.9386       38.2419  1848930   16.75%
  17945  6377       39.1093   196       45.9386       38.3009  1937010   16.63%
  19185  7388        cutoff             45.9386       38.4366  2110243   16.33%
  19963  8089       43.7326   196       45.9386       38.5176  2209280   16.15%
  20506  8583       39.3656    82       45.9386       38.5499  2288110   16.08%
Elapsed time = 25.28 sec. (28960.83 ticks, tree = 65.40 MB, solutions = 19)
  21840  9102       38.8874   161       45.9386       38.6255  2380153   15.92%
  22407  9872       38.8017    67       45.9386       38.6385  2507455   15.89%
  22527 10419       39.4743    81       45.9386       38.7035  2589866   15.75%
  23428 10568        cutoff             45.9386       38.7912  2616779   15.56%
  24609 11108       40.7503   201       45.9386       38.8259  2704327   15.48%
  25324 12174       39.3742   247       45.9386       38.8864  2881714   15.35%
