Instance name: /home/cuong/CLionProjects/uMV-FSTSP/Murray_Chu_2015_test_data/FSTSP/FSTSP_10_customer_problems/20140810T123440v3
Write arg val: 1

drone speed: 0.2 miles/minute
uav non-eligible customer: 4 5 
Printing tau:
0 6.70596 5.99218 19.8811 13.1652 11.7619 4.72699 12.4128 7.62306 8.49346 13.6525 0 
6.70596 0 7.41815 13.1751 7.41924 8.38408 3.41898 9.99874 2.95098 5.14749 6.9465 6.70596 
5.99218 7.41815 0 14.3533 14.8374 5.76971 3.99917 6.42059 10.3691 12.5656 10.5246 5.99218 
19.8811 13.1751 14.3533 0 6.71587 15.3192 15.1541 16.9338 12.258 15.4145 6.22861 19.8811 
13.1652 7.41924 14.8374 6.71587 0 15.8033 10.8382 17.418 5.54215 8.69866 4.31275 13.1652 
11.7619 8.38408 5.76971 15.3192 15.8033 0 7.0349 1.61466 11.3351 13.5316 11.4906 11.7619 
4.72699 3.41898 3.99917 15.1541 10.8382 7.0349 0 7.68579 6.36995 8.56647 8.92548 4.72699 
12.4128 9.99874 6.42059 16.9338 17.418 1.61466 7.68579 0 12.9497 15.1462 13.1052 12.4128 
7.62306 2.95098 10.3691 12.258 5.54215 11.3351 6.36995 12.9497 0 3.15652 6.0294 7.62306 
8.49346 5.14749 12.5656 15.4145 8.69866 13.5316 8.56647 15.1462 3.15652 0 9.18592 8.49346 
13.6525 6.9465 10.5246 6.22861 4.31275 11.4906 8.92548 13.1052 6.0294 9.18592 0 13.6525 
0 0 0 0 0 0 0 0 0 0 0 0 
Printing tau_prime:
0 8.83219 8.53823 26.3775 20.0421 15.0796 5.57147 16.5972 11.6525 11.3093 17.7961 0 
8.83219 0 8.78275 17.5467 11.593 11.5383 4.65561 13.5679 3.64183 6.6156 8.96786 8.83219 
8.53823 8.78275 0 23.5383 19.4222 6.89429 4.9433 8.15504 12.3704 14.9175 15.3409 8.53823 
26.3775 17.5467 23.5383 0 7.93526 20.4328 21.6299 21.8114 15.1901 18.2879 8.61635 26.3775 
20.0421 11.593 19.4222 7.93526 0 18.6977 16.1877 20.5464 8.38988 10.5953 5.11496 20.0421 
15.0796 11.5383 6.89429 20.4328 18.6977 0 10.1477 2.05169 14.2211 18.1171 13.7238 15.0796 
5.57147 4.65561 4.9433 21.6299 16.1877 10.1477 0 11.9236 8.24651 10.1003 13.0302 5.57147 
16.5972 13.5679 8.15504 21.8114 20.5464 2.05169 11.9236 0 16.2718 20.1574 15.5136 16.5972 
11.6525 3.64183 12.3704 15.1901 8.38988 14.2211 8.24651 16.2718 0 4.53203 7.10808 11.6525 
11.3093 6.6156 14.9175 18.2879 10.5953 18.1171 10.1003 20.1574 4.53203 0 11.0897 11.3093 
17.7961 8.96786 15.3409 8.61635 5.11496 13.7238 13.0302 15.5136 7.10808 11.0897 0 17.7961 
0 0 0 0 0 0 0 0 0 0 0 0 
Warning:  Output names have been modified due to duplicate names or characters invalid in LP format.
Version identifier: 22.1.1.0 | 2022-11-28 | 9160aff4d
CPXPARAM_Emphasis_MIP                            2
CPXPARAM_MIP_Tolerances_Integrality              0
Tried aggregator 2 times.
MIP Presolve eliminated 1122 rows and 1876 columns.
MIP Presolve modified 1550 coefficients.
Aggregator did 38 substitutions.
Reduced MIP has 994 rows, 2862 columns, and 26401 nonzeros.
Reduced MIP has 2841 binaries, 0 generals, 0 SOSs, and 0 indicators.
Presolve time = 0.02 sec. (44.95 ticks)
Probing fixed 159 vars, tightened 0 bounds.
Probing changed sense of 4 constraints.
Probing time = 0.04 sec. (94.77 ticks)
Tried aggregator 2 times.
Detecting symmetries...
MIP Presolve eliminated 21 rows and 159 columns.
MIP Presolve modified 172 coefficients.
Aggregator did 3 substitutions.
Reduced MIP has 970 rows, 2700 columns, and 23947 nonzeros.
Reduced MIP has 2679 binaries, 0 generals, 0 SOSs, and 0 indicators.
Presolve time = 0.01 sec. (21.18 ticks)
Probing time = 0.01 sec. (6.34 ticks)
Clique table members: 12681.
MIP emphasis: optimality.
MIP search method: dynamic search.
Parallel mode: deterministic, using up to 20 threads.
Root relaxation solution time = 0.07 sec. (147.17 ticks)

        Nodes                                         Cuts/
   Node  Left     Objective  IInf  Best Integer    Best Bound    ItCnt     Gap

      0     0       37.6321   189                     37.6321     1998         
*     0+    0                           79.4684       37.6321            52.65%
      0     0       42.0870   186       79.4684      Cuts: 44     2520   47.04%
      0     0       42.5927   229       79.4684      Cuts: 16     3064   46.40%
      0     0       42.9291   244       79.4684      Cuts: 15     3405   45.98%
*     0+    0                           75.6031       42.9291            43.22%
*     0+    0                           74.6207       42.9291            42.47%
      0     0  -1.00000e+75     0       74.6207       42.9291     3405   42.47%
      0     0       43.2385   218       74.6207      Cuts: 10     3772   42.06%
      0     0       43.5916   252       74.6207      Cuts: 14     4301   41.58%
Detecting symmetries...
*     0+    0                           70.2332       43.5916            37.93%
      0     0       44.0114   269       70.2332      Cuts: 13     4815   37.34%
      0     0       44.2523   250       70.2332      Cuts: 13     5589   36.99%
      0     0       44.7825   258       70.2332      Cuts: 17     6079   36.24%
      0     0       44.8825   244       70.2332      Cuts: 13     6382   36.09%
      0     0       44.9583   294       70.2332      Cuts: 10     6612   35.99%
      0     0       45.0145   334       70.2332      Cuts: 14     6893   35.91%
*     0+    0                           67.9369       45.0145            33.74%
      0     0       45.0397   322       67.9369   ZeroHalf: 3     7038   33.70%
*     0+    0                           67.0753       45.0397            32.85%
      0     0  -1.00000e+75     0       67.0753       45.0397     7038   32.85%
      0     0       45.1662   318       67.0753   ZeroHalf: 8     7557   32.66%
      0     0       45.1752   339       67.0753   ZeroHalf: 3     7762   32.65%
      0     0       45.1765   341       67.0753   ZeroHalf: 1     7802   32.65%
      0     0       45.1975   304       67.0753   ZeroHalf: 3     7983   32.62%
      0     0       45.2317   335       67.0753   ZeroHalf: 9     8180   32.57%
      0     0       45.2341   326       67.0753   ZeroHalf: 1     8265   32.56%
*     0+    0                           65.6353       45.2341            31.08%
*     0+    0                           63.2353       45.2341            28.47%
      0     0  -1.00000e+75     0       63.2353       45.2341     8265   28.47%
Detecting symmetries...
      0     2       45.2341   324       63.2353       45.2968     8265   28.37%
Elapsed time = 2.39 sec. (3508.72 ticks, tree = 0.02 MB, solutions = 8)
      5     5       52.8293    63       63.2353       45.2968    11282   28.37%
*    25+   12                           62.2715       45.2968            27.26%
    408   188       61.0421    41       62.2715       45.5285    76913   26.89%
*   500+  218                           61.8098       45.5285            26.34%
    652   321       58.1323    58       61.8098       45.5285   112800   26.34%
    947   447        cutoff             61.8098       45.8713   149976   25.79%
   1405   621       59.9048    83       61.8098       46.0336   202854   25.52%
*  1723+  731                           60.8460       46.0336            24.34%
   1857   807       57.6119    45       60.8460       46.0336   265621   24.34%
   1999   868        cutoff             60.8460       46.0336   317420   24.34%
   2433   949       56.6021    74       60.8460       46.2057   352585   24.06%
   2848  1080       60.4215    54       60.8460       46.2057   410560   24.06%
   3935  1624       60.6282   129       60.8460       46.5371   601028   23.52%
Elapsed time = 5.30 sec. (6618.96 ticks, tree = 2.59 MB, solutions = 11)
   4983  2250       50.9303   156       60.8460       48.2137   848282   20.76%
   5805  2670       55.4011    84       60.8460       49.4591  1003616   18.71%
   6578  3238       56.8150    65       60.8460       52.5752  1226407   13.59%

Performing restart 1

Repeating presolve.
Tried aggregator 2 times.
MIP Presolve eliminated 23 rows and 29 columns.
MIP Presolve modified 7901 coefficients.
Aggregator did 2 substitutions.
Reduced MIP has 944 rows, 2669 columns, and 19794 nonzeros.
Reduced MIP has 2648 binaries, 0 generals, 0 SOSs, and 0 indicators.
Presolve time = 0.01 sec. (22.80 ticks)
Tried aggregator 2 times.
MIP Presolve eliminated 9 rows and 0 columns.
MIP Presolve modified 5 coefficients.
Aggregator did 2 substitutions.
Reduced MIP has 933 rows, 2667 columns, and 19781 nonzeros.
Reduced MIP has 2646 binaries, 0 generals, 0 SOSs, and 0 indicators.
Presolve time = 0.01 sec. (13.50 ticks)
Represolve time = 0.10 sec. (137.41 ticks)
   6857     0       45.6660   317       60.8460      Cuts: 19  1335396   12.84%
   6857     0       45.7182   316       60.8460      Cuts: 21  1335769   12.84%
   6857     0       45.8150   341       60.8460      Cuts: 22  1336017   12.84%
   6857     0       45.8430   345       60.8460      Cuts: 36  1336348   12.84%
   6857     0       45.8569   352       60.8460      Cuts: 19  1336571   12.84%
*  6857+    0                           59.4787       53.0340            10.84%
   6857     0  -1.00000e+75     0       59.4787       53.0340  1336571   10.84%
   6857     2       45.8569   352       59.4787       53.0340  1336571   10.84%
*  6858+    1                           57.1016       53.0340             7.12%
   6858     2       53.8445   211       57.1016       53.0340  1337552    7.12%
   6863     4       50.0668   101       57.1016       53.0340  1340414    7.12%
   6872     4       50.8967   125       57.1016       53.0340  1342496    7.12%
   7017     5       51.5277   120       57.1016       53.0340  1349521    7.12%
   7267    23       54.0595    80       57.1016       53.0340  1396267    7.12%
   7462    16       53.6190    49       57.1016       53.0340  1429945    7.12%
Elapsed time = 15.19 sec. (21039.48 ticks, tree = 0.02 MB, solutions = 13)
   8181    22       59.7713    27       57.1016       53.0340  1516699    7.12%
   8620    52       52.4052    36       57.1016       53.0340  1589514    7.12%
   9545    37       56.3854   205       57.1016       53.0340  1705235    7.12%
  10091    14       52.3817    93       57.1016       53.0340  1764997    7.12%

Clique cuts applied:  25
Cover cuts applied:  22
Implied bound cuts applied:  10
Zero-half cuts applied:  32
Lift and project cuts applied:  11
Gomory fractional cuts applied:  2

Root node processing (before b&c):
  Real time             =    2.35 sec. (3464.78 ticks)
Parallel b&c, 20 threads:
  Real time             =   16.60 sec. (22198.12 ticks)
  Sync time (average)   =    7.11 sec.
  Wait time (average)   =    0.01 sec.
                          ------------
Total (root+branch&cut) =   18.95 sec. (25662.91 ticks)
Feasible solution found!
Truck nodes:
Stage 1 at customer 0 with arrival time is: 0
Stage 1 at customer 0 with departure time is: 0
Stage 2 at customer 6 with arrival time is: 4.72699
Stage 2 at customer 6 with departure time is: 4.72699
Stage 3 at customer 1 with arrival time is: 8.14596
Stage 3 at customer 1 with departure time is: 8.14596
Stage 4 at customer 8 with arrival time is: 11.0969
Stage 4 at customer 8 with departure time is: 12.0969
Stage 5 at customer 4 with arrival time is: 17.6391
Stage 5 at customer 4 with departure time is: 17.6391
Stage 6 at customer 3 with arrival time is: 24.355
Stage 6 at customer 3 with departure time is: 24.355
Stage 7 at customer 10 with arrival time is: 30.5836
Stage 7 at customer 10 with departure time is: 31.5836
Stage 8 at customer 5 with arrival time is: 43.0741
Stage 8 at customer 5 with departure time is: 43.0741
Stage 9 at customer 7 with arrival time is: 44.6888
Stage 9 at customer 7 with departure time is: 44.6888
Stage 10 at customer 2 with arrival time is: 51.1094
Stage 10 at customer 2 with departure time is: 51.1094
Stage 11 at customer 11 with arrival time is: 57.1016
Stage 11 at customer 11 with departure time is: 57.1016
Truck arcs:
Arc 1 connecting 0 and 6 with cost 4.72699 
Arc 2 connecting 6 and 1 with cost 3.41898 
Arc 3 connecting 1 and 8 with cost 2.95098 
Arc 4 connecting 8 and 4 with cost 5.54215 
Arc 5 connecting 4 and 3 with cost 6.71587 
Arc 6 connecting 3 and 10 with cost 6.22861 
Arc 7 connecting 10 and 5 with cost 11.4906 
Arc 8 connecting 5 and 7 with cost 1.61466 
Arc 9 connecting 7 and 2 with cost 6.42059 
Arc 10 connecting 2 and 11 with cost 5.99218 
Drone served customers
Drone flies from stage 4 to stage 7
Drone flies from stage 4 to stage 7 to serve customer 9
1
Customer 9 served by drone.
Y_val: 1
W_val: 1
Drone fly from 8 at stage 4 to serve 9 and then fly back to 10 at stage 7. 
Truck travel time from stage 4 to 7 is: 18.4866
Start arc cost: 4.53203, end arc cost: 11.0897. Total drone travel time: 15.6217
Drone arrival time: 27.7187
Truck arrival time: 30.5836
Truck departure time = max(d/a, t/a) plus (sl/sr): 31.5836
Done!
-------------------------Re-calculated objective-----------------------
57.1016
------------------------------------------------------------------------
Solve time: 18.959
OBJECTIVE VALUE: 57.1016, NUMBER OF SORTIES: 1.
In write mode
