Instance name: /home/cuong/CLionProjects/uMV-FSTSP/Murray_Chu_2015_test_data/FSTSP/FSTSP_10_customer_problems/20140810T123437v5
Write arg val: 1

drone speed: 0.4 miles/minute
uav non-eligible customer: 10 
Printing tau:
0 9.54081 8.77004 13.4772 4.21868 5.66862 5.19269 4.89079 4.24731 8.15929 7.27469 0 
9.54081 0 18.3108 3.93636 13.7595 7.22991 8.18583 7.04774 13.7881 14.0919 12.0132 9.54081 
8.77004 18.3108 0 22.2472 4.55136 11.0809 10.125 11.2631 5.10923 6.13892 11.4943 8.77004 
13.4772 3.93636 22.2472 0 17.6958 11.1663 12.1222 10.9841 17.7245 18.0283 15.9496 13.4772 
4.21868 13.7595 4.55136 17.6958 0 6.52957 5.57365 6.71174 1.94864 9.26756 8.38296 4.21868 
5.66862 7.22991 11.0809 11.1663 6.52957 0 0.955922 0.777831 6.55821 13.8279 12.9433 5.66862 
5.19269 8.18583 10.125 12.1222 5.57365 0.955922 0 1.13809 5.60229 13.352 12.4674 5.19269 
4.89079 7.04774 11.2631 10.9841 6.71174 0.777831 1.13809 0 6.74038 13.0501 12.1655 4.89079 
4.24731 13.7881 5.10923 17.7245 1.94864 6.55821 5.60229 6.74038 0 11.2162 10.3316 4.24731 
8.15929 14.0919 6.13892 18.0283 9.26756 13.8279 13.352 13.0501 11.2162 0 7.2754 8.15929 
7.27469 12.0132 11.4943 15.9496 8.38296 12.9433 12.4674 12.1655 10.3316 7.2754 0 7.27469 
0 0 0 0 0 0 0 0 0 0 0 0 
Printing tau_prime:
0 7.53262 6.36378 11.3333 3.08427 4.32859 3.79474 3.8817 3.70029 6.60631 5.49285 0 
7.53262 0 13.8016 3.93636 10.0624 5.15445 5.79716 4.98467 9.82192 13.5081 9.76684 7.53262 
6.36378 13.8016 0 17.4546 3.90533 9.53697 8.79045 9.34402 4.808 5.26714 8.93665 6.36378 
11.3333 3.93636 17.4546 0 13.6088 8.1769 8.91833 8.21492 13.1476 17.4415 13.6017 11.3333 
3.08427 10.0624 3.90533 13.6088 0 5.6317 4.88611 5.4477 1.37804 6.55737 7.69671 3.08427 
4.32859 5.15445 9.53697 8.1769 5.6317 0 0.755079 0.564892 4.99155 10.9155 9.15697 4.32859 
3.79474 5.79716 8.79045 8.91833 4.88611 0.755079 0 0.832586 4.23953 10.3237 8.86878 3.79474 
3.8817 4.98467 9.34402 8.21492 5.4477 0.564892 0.832586 0 4.93942 10.4863 8.60384 3.8817 
3.70029 9.82192 4.808 13.1476 1.37804 4.99155 4.23953 4.93942 0 7.93396 8.8132 3.70029 
6.60631 13.5081 5.26714 17.4415 6.55737 10.9155 10.3237 10.4863 7.93396 0 5.18237 6.60631 
5.49285 9.76684 8.93665 13.6017 7.69671 9.15697 8.86878 8.60384 8.8132 5.18237 0 5.49285 
0 0 0 0 0 0 0 0 0 0 0 0 
Warning:  Output names have been modified due to duplicate names or characters invalid in LP format.
Version identifier: 22.1.1.0 | 2022-11-28 | 9160aff4d
CPXPARAM_Emphasis_MIP                            2
CPXPARAM_MIP_Tolerances_Integrality              0
Tried aggregator 2 times.
MIP Presolve eliminated 676 rows and 1252 columns.
MIP Presolve modified 1956 coefficients.
Aggregator did 32 substitutions.
Reduced MIP has 1037 rows, 3492 columns, and 34704 nonzeros.
Reduced MIP has 3471 binaries, 0 generals, 0 SOSs, and 0 indicators.
Presolve time = 0.02 sec. (43.36 ticks)
Found incumbent of value 12849.553703 after 0.05 sec. (86.16 ticks)
Probing time = 0.01 sec. (7.43 ticks)
Tried aggregator 2 times.
Detecting symmetries...
MIP Presolve eliminated 17 rows and 0 columns.
MIP Presolve modified 119 coefficients.
Aggregator did 2 substitutions.
Reduced MIP has 1018 rows, 3490 columns, and 34683 nonzeros.
Reduced MIP has 3469 binaries, 0 generals, 0 SOSs, and 0 indicators.
Presolve time = 0.01 sec. (21.04 ticks)
Probing time = 0.00 sec. (6.89 ticks)
Clique table members: 15874.
MIP emphasis: optimality.
MIP search method: dynamic search.
Parallel mode: deterministic, using up to 20 threads.
Root relaxation solution time = 0.08 sec. (173.02 ticks)

        Nodes                                         Cuts/
   Node  Left     Objective  IInf  Best Integer    Best Bound    ItCnt     Gap

*     0+    0                        12849.5537        4.2187            99.97%
      0     0       33.0565   240    12849.5537       33.0565       20   99.74%
*     0+    0                           64.6177       33.0565            48.84%
      0     0       37.1088   180       64.6177      Cuts: 36     1306   42.57%
*     0+    0                           61.6659       37.1088            39.82%
      0     0       37.2072   222       61.6659      Cuts: 33     1531   39.66%
      0     0       37.3609   232       61.6659      Cuts: 31     1908   39.41%
      0     0       37.3738   231       61.6659      Cuts: 13     2020   39.39%
      0     0       37.4618   241       61.6659       Cuts: 7     2262   39.25%
Detecting symmetries...
      0     0       37.8175   218       61.6659  ZeroHalf: 13     2659   38.67%
      0     0       37.9791   255       61.6659      Cuts: 13     2936   38.41%
      0     0       38.0259   283       61.6659  ZeroHalf: 11     3109   38.34%
*     0+    0                           61.0142       38.0259            37.68%
      0     0       38.0394   309       61.0142       Cuts: 3     3207   37.65%
*     0+    0                           60.9704       38.0394            37.61%
      0     0  -1.00000e+75     0       60.9704       38.0394     3207   37.61%
      0     0       38.0579   307       60.9704   ZeroHalf: 4     3273   37.58%
      0     0       38.1080   322       60.9704   ZeroHalf: 5     3399   37.50%
*     0+    0                           59.8553       38.1080            36.33%
      0     0       38.1258   334       59.8553       Cuts: 4     3483   36.30%
      0     0       38.1291   336       59.8553   ZeroHalf: 1     3514   36.30%
*     0+    0                           58.8025       38.1291            35.16%
*     0+    0                           58.2171       38.1291            34.51%
*     0+    0                           58.1988       38.1291            34.48%
      0     0  -1.00000e+75     0       58.1988       38.1291     3514   34.48%
Detecting symmetries...
      0     2       38.1291   336       58.1988       38.1291     3514   34.48%
Elapsed time = 2.72 sec. (3162.60 ticks, tree = 0.02 MB, solutions = 9)
    202    40       50.2675    23       58.1988       38.1882    10701   34.38%
   1093   505       54.5552    30       58.1988       38.3116    61698   34.17%
   1198   600       56.2789    23       58.1988       38.3116    77755   34.17%
   1356   720       43.6608    38       58.1988       38.3116   103229   34.17%
*  1408+  704                           57.7371       38.3116            33.64%
   1682   908       44.5316    30       57.7371       38.3116   145924   33.64%
   2076  1283        cutoff             57.7371       38.3116   201767   33.64%
*  2286+ 1343                           57.3391       38.5303            32.80%
   2342  1429       45.2935   114       57.3391       38.5303   234015   32.80%
   2551  1552       47.9955   119       57.3391       38.5618   267347   32.75%
   2587  1752       54.0028    19       57.3391       38.5618   311695   32.75%
   3455  2425       48.1018   194       57.3391       38.6119   479098   32.66%
Elapsed time = 5.72 sec. (6295.80 ticks, tree = 4.50 MB, solutions = 11)
*  3863+ 2781                           56.9911       38.6119            32.25%
   4213  3144       47.6854    20       56.9911       38.6119   668833   32.25%
   4625  3333       41.9067   233       56.9911       38.6119   730413   32.25%

Performing restart 1

Repeating presolve.
Tried aggregator 2 times.
MIP Presolve eliminated 17 rows and 8 columns.
MIP Presolve modified 13849 coefficients.
Aggregator did 1 substitutions.
Reduced MIP has 1000 rows, 3481 columns, and 27477 nonzeros.
Reduced MIP has 3460 binaries, 0 generals, 0 SOSs, and 0 indicators.
Presolve time = 0.02 sec. (39.46 ticks)
Tried aggregator 1 time.
MIP Presolve eliminated 0 rows and 20 columns.
MIP Presolve modified 167 coefficients.
Reduced MIP has 1000 rows, 3461 columns, and 27229 nonzeros.
Reduced MIP has 3440 binaries, 0 generals, 0 SOSs, and 0 indicators.
Presolve time = 0.01 sec. (18.37 ticks)
Represolve time = 0.12 sec. (195.56 ticks)
   4626     0       38.1692   264       56.9911      Cuts: 17   808037   32.25%
   4626     0       38.1747   295       56.9911      Cuts: 15   808194   32.25%
   4626     0       38.1798   303       56.9911  LiftProj: 12   808331   32.25%
*  4626+    0                           53.6343       38.6119            28.01%
   4626     0       38.1924   307       53.6343      Cuts: 25   808586   28.01%
   4626     0       38.2013   340       53.6343      Cuts: 27   808762   28.01%
   4626     2       38.2013   340       53.6343       38.6119   808762   28.01%
   4628     3       38.2542   246       53.6343       38.6119   809126   28.01%
   4631     5       45.5663    21       53.6343       38.6119   810793   28.01%
   5571   109       52.6221    50       53.6343       38.6119   843736   28.01%
   5925   281       44.4358    60       53.6343       38.6119   883954   28.01%
   6999   799        cutoff             53.6343       38.6119   947491   28.01%
   7477  1222       47.3336    26       53.6343       38.6119  1001848   28.01%
   8181  1750       41.7590   303       53.6343       38.6119  1093274   28.01%
Elapsed time = 17.01 sec. (20820.17 ticks, tree = 13.49 MB, solutions = 13)
   8417  2037       40.8713   274       53.6343       38.6119  1169615   28.01%
   9070  2406       49.5826   102       53.6343       38.8914  1249579   27.49%
   9277  2896       43.1747   104       53.6343       38.9415  1356901   27.39%
   9914  3281       42.2485   107       53.6343       39.1962  1432271   26.92%
  10683  3816       44.1307   190       53.6343       39.2174  1531448   26.88%
  10956  4341       40.9034   150       53.6343       39.5258  1634791   26.31%
  11737  4622       53.4539    55       53.6343       39.6199  1698204   26.13%
* 12302+ 5404                           53.6343       39.6206            26.13%
* 12364+ 5183                           53.6343       39.6206            26.13%
  12696  5446       42.3929   167       53.6343       39.6760  1839654   26.03%
  12947  6086       45.6490    92       53.6343       39.7981  1937348   25.80%
  13536  6206       41.6429   233       53.6343       39.8163  1954284   25.76%
Elapsed time = 27.03 sec. (30368.12 ticks, tree = 49.41 MB, solutions = 13)
  14275  6869       48.7563    22       53.6343       40.1667  2070299   25.11%
  14994  7686       44.6072    70       53.6343       40.3134  2193617   24.84%
  15577  8049       40.9445   277       53.6343       40.8703  2252001   23.80%
  15977  8584       50.7724   245       53.6343       40.9338  2342698   23.68%
  16617  8948        cutoff             53.6343       41.0132  2408900   23.53%
  16728  9383    infeasible             53.6343       41.0390  2496261   23.48%
  17140  9408       53.4533    62       53.6343       41.1339  2512815   23.31%
  17858  9960       49.3390    37       53.6343       41.4130  2626902   22.79%
  18346 10440       45.6394    87       53.6343       41.6609  2735045   22.32%
  18564 10695       46.9369    52       53.6343       41.7530  2791114   22.15%
Elapsed time = 37.26 sec. (39945.22 ticks, tree = 90.56 MB, solutions = 13)
  19381 11024       48.0577    77       53.6343       41.8033  2869807   22.06%
  20107 11546       42.7286   272       53.6343       41.9765  2988413   21.74%
  20452 12230       46.0542    36       53.6343       41.9792  3128371   21.73%
  20570 12317       45.4004    73       53.6343       42.1365  3154262   21.44%
  20767 12403       45.9944   121       53.6343       42.1975  3190034   21.32%
  21569 12474        cutoff             53.6343       42.2571  3205126   21.21%
  22398 13272       50.0609   172       53.6343       42.3679  3377813   21.01%
  23037 13591        cutoff             53.6343       42.4082  3450245   20.93%
  23179 14176       48.2941    76       53.6343       42.4096  3598657   20.93%
  23464 14275       48.5027    48       53.6343       42.4639  3636673   20.83%
Elapsed time = 47.14 sec. (49521.51 ticks, tree = 117.57 MB, solutions = 13)
* 23815+14273                           53.4445       42.5306            20.42%
  24281 14335       53.4903    44       53.4445       42.5472  3646468   20.39%
* 24401 14353      integral     0       53.4063       42.5557  3691192   20.32%
  25116 14762       51.5347   240       53.4063       42.6069  3788431   20.22%
  25523 14980       52.0167    66       53.4063       42.6577  3844635   20.13%
  25685 15640       43.6576   118       53.4063       42.6973  3994525   20.05%
  26202 15703       48.6635    84       53.4063       42.8002  4015211   19.86%
  26761 15814       51.9667    43       53.4063       42.8002  4043955   19.86%
  27103 16374       52.6448    14       53.4063       42.8959  4184162   19.68%
  27792 16447       52.4117   177       53.4063       42.9375  4218187   19.60%
  28263 16940        cutoff             53.4063       43.0025  4352917   19.48%
  28445 17020       45.9056   188       53.4063       43.0087  4369938   19.47%
Elapsed time = 56.88 sec. (59095.89 ticks, tree = 142.02 MB, solutions = 15)
  28913 17201       46.6039    15       53.4063       43.0246  4410414   19.44%
  29661 17507       43.4990   161       53.4063       43.1259  4494880   19.25%
  30570 17997       50.9432   233       53.4063       43.1842  4611809   19.14%
  31373 18190       46.7787    53       53.4063       43.2077  4662928   19.10%
  31671 18970       49.9513   102       53.4063       43.2693  4846496   18.98%
* 31683+18429                           53.4063       43.2693            18.98%
  31832 19041       47.5116    92       53.4063       43.2763  4865066   18.97%
  32250 19159        cutoff             53.4063       43.3833  4914542   18.77%
  33222 19159        cutoff             53.4063       43.4026  4912627   18.73%
  34271 19947       47.5453    53       53.4063       43.4590  5123850   18.63%
  34976 20382       47.9730   109       53.4063       43.5051  5259130   18.54%
Elapsed time = 66.93 sec. (68673.62 ticks, tree = 170.08 MB, solutions = 15)
  35221 20318        cutoff             53.4063       43.5412  5237703   18.47%
  35454 20869       46.9369    33       53.4063       43.6028  5364819   18.36%
  35982 20951        cutoff             53.4063       43.6028  5410377   18.36%
* 36205+20953                           53.0537       43.7051            17.62%
  36742 21117        cutoff             53.0537       43.7243  5449607   17.58%
  37714 20903       49.1746   274       53.0537       43.8006  5573520   17.44%
* 38080+20710                           53.0537       43.8098            17.42%
  38777 21007       44.5157   133       53.0537       43.8205  5594851   17.40%
  39197 21515       44.1692    58       53.0537       43.8516  5732601   17.34%
  39403 21850       51.7710   112       53.0537       43.8973  5813620   17.26%
  39721 22081       44.2992    74       53.0537       43.9392  5885269   17.18%
  40454 22154       46.9731    64       53.0537       43.9630  5912489   17.13%
Elapsed time = 77.14 sec. (78223.71 ticks, tree = 189.49 MB, solutions = 16)
  41302 22269        cutoff             53.0537       43.9630  5954204   17.13%
  42393 22879       44.5937   103       53.0537       44.0204  6141499   17.03%
  43316 23042       46.5890   161       53.0537       44.0602  6185921   16.95%
  43845 23198       44.7197   112       53.0537       44.1162  6220679   16.85%
  44062 23955        cutoff             53.0537       44.1450  6435056   16.79%
  44262 24046       49.6806    94       53.0537       44.1803  6490483   16.73%
  44658 24103       51.7833   107       53.0537       44.2277  6521843   16.64%
  45238 24122       45.3497    92       53.0537       44.2641  6529161   16.57%
  46015 24226       52.2740    49       53.0537       44.3030  6563056   16.49%
  46818 24483       52.9325    51       53.0537       44.3766  6649680   16.36%
Elapsed time = 87.31 sec. (87791.66 ticks, tree = 209.35 MB, solutions = 16)
  47190 24572       51.3800   129       53.0537       44.3951  6673251   16.32%
  47410 25059        cutoff             53.0537       44.4404  6839044   16.24%
  47562 25283        cutoff             53.0537       44.4749  6915443   16.17%
  47926 25347        cutoff             53.0537       44.5351  6949195   16.06%
  48756 25367       52.2229    28       53.0537       44.5615  6960676   16.01%
  49880 25405        cutoff             53.0537       44.5807  6980207   15.97%
  51034 25447       44.8098   114       53.0537       44.5961  7004950   15.94%
  51835 26025       45.0281   146       53.0537       44.6451  7170407   15.85%
  52197 26325       48.7632   184       53.0537       44.6656  7246484   15.81%
* 52354+26719                           52.9679       44.6683            15.67%
  54952 27296        cutoff             52.9679       44.7650  7682568   15.49%
Elapsed time = 100.55 sec. (100202.14 ticks, tree = 228.94 MB, solutions = 17)
  58357 28623        cutoff             52.9679       44.8952  8195894   15.24%
* 60162+29159                           52.9679       44.9636            15.11%
  60963 29218        cutoff             52.9679       44.9636  8455102   15.11%
  66161 30268        cutoff             52.9679       45.1186  8877863   14.82%
* 67628+32050                           52.6036       45.2379            14.00%
  68003 32188       51.0067    45       52.6036       45.2556  9601985   13.97%
  73009 31511        cutoff             52.6036       45.4173  9969224   13.66%
  75156 33050       45.9478   141       52.6036       45.5407 10614416   13.43%
  77130 33354        cutoff             52.6036       45.5663 10786433   13.38%
  82666 34048        cutoff             52.6036       45.6162 11151868   13.28%
  84529 35749       52.5542    18       52.6036       45.7813 11877644   12.97%
  87332 35896       46.9867    44       52.6036       45.9188 12102984   12.71%
Elapsed time = 139.95 sec. (138368.51 ticks, tree = 208.63 MB, solutions = 18)
* 89655+35950                           52.6036       45.9861            12.58%
  91867 36478       46.8308   114       52.6036       46.0588 12369276   12.44%
  93352 37710       46.9763   279       52.6036       46.1488 12995410   12.27%
  96475 37861    infeasible             52.6036       46.2198 13174599   12.14%
 102529 38170        cutoff             52.6036       46.2983 13351726   11.99%
 104844 40660       52.1093   198       52.6036       46.4042 14425229   11.79%
 107104 40753       47.6895    70       52.6036       46.4749 14536123   11.65%
 113761 41178        cutoff             52.6036       46.5737 14837650   11.46%
 117125 43171        cutoff             52.6036       46.6860 15654672   11.25%
 118159 43420       47.5514   120       52.6036       46.7701 15884935   11.09%
*122279 43457      integral     0       52.5245       46.8518 15981144   10.80%
 122513 43438        cutoff             52.5245       46.8634 15987619   10.78%
Elapsed time = 180.23 sec. (176538.95 ticks, tree = 201.62 MB, solutions = 19)
*126134+43963                           52.5245       46.9053            10.70%
 129092 43998       47.3712    98       52.5245       46.9542 16529699   10.61%
 130917 45084        cutoff             52.5245       47.0543 17222072   10.41%
 133032 45049       49.2939    75       52.5245       47.1543 17371691   10.22%
 139478 45423       50.9141   234       52.5245       47.2517 17691194   10.04%
 143413 46137        cutoff             52.5245       47.4157 18172733    9.73%
 145298 46136       51.2048     6       52.5245       47.4977 18421745    9.57%
 147867 45911       51.3088   102       52.5245       47.5772 18680944    9.42%
 155071 45829       51.4903   110       52.5245       47.6938 18851533    9.20%
 157330 46392       48.3260    47       52.5245       47.8741 19581308    8.85%
 159192 45959       48.4075    85       52.5245       47.9590 19781211    8.69%
Elapsed time = 220.43 sec. (214700.97 ticks, tree = 182.46 MB, solutions = 21)
 161274 45644       52.2931    34       52.5245       48.0382 19977531    8.54%
 167884 45233       48.7669   131       52.5245       48.2566 20362203    8.13%
 169941 44929       51.2048    10       52.5245       48.4106 20761780    7.83%
 172204 44528       49.8790   235       52.5245       48.4850 20936973    7.69%
 178739 44289       49.1267    21       52.5245       48.5813 21075348    7.51%
 181855 44238       49.0761    56       52.5245       48.8241 21724745    7.05%
 184049 43744    infeasible             52.5245       48.8979 21886729    6.90%
 186242 43424        cutoff             52.5245       48.9849 21986883    6.74%
*190335 42868      integral     0       51.7792       49.0975 22198192    5.18%
 190932 42725       49.6188    46       51.7792       49.1072 22291140    5.16%
 194351 32687        cutoff             51.7792       49.2957 22637148    4.80%
Elapsed time = 262.25 sec. (252853.50 ticks, tree = 113.95 MB, solutions = 22)
*198782+31759                           51.7792       49.3951             4.60%
 199503 31378        cutoff             51.7792       49.5004 22920423    4.40%
 202679 30423       50.4471    12       51.7792       49.6308 23172821    4.15%
 205844 29183        cutoff             51.7792       49.7398 23376037    3.94%
 209173 27600       51.0585    52       51.7792       49.8864 23581403    3.66%
 212739 26246        cutoff             51.7792       50.0124 23771311    3.41%
 216498 24915        cutoff             51.7792       50.1967 23936667    3.06%
 220256 23441        cutoff             51.7792       50.3228 24129415    2.81%
 224379 21615       50.6824    25       51.7792       50.4758 24342428    2.52%
 228684 19771       50.8186     6       51.7792       50.6245 24529202    2.23%
 234201 17094        cutoff             51.7792       50.8530 24734075    1.79%
Elapsed time = 304.35 sec. (291013.66 ticks, tree = 50.69 MB, solutions = 22)
 239788 13480        cutoff             51.7792       51.0598 24946570    1.39%
 246497  9189        cutoff             51.7792       51.1681 25148122    1.18%
 254879  2238        cutoff             51.7792       51.5332 25341383    0.48%

GUB cover cuts applied:  4
Clique cuts applied:  16
Cover cuts applied:  813
Implied bound cuts applied:  23
Mixed integer rounding cuts applied:  31
Zero-half cuts applied:  48
Lift and project cuts applied:  14
Gomory fractional cuts applied:  6

Root node processing (before b&c):
  Real time             =    2.61 sec. (3126.61 ticks)
Parallel b&c, 20 threads:
  Real time             =  315.77 sec. (300115.72 ticks)
  Sync time (average)   =  107.39 sec.
  Wait time (average)   =    0.01 sec.
                          ------------
Total (root+branch&cut) =  318.38 sec. (303242.33 ticks)
Feasible solution found!
Truck nodes:
Stage 1 at customer 0 with arrival time is: 0
Stage 1 at customer 0 with departure time is: 0
Stage 2 at customer 9 with arrival time is: 8.15929
Stage 2 at customer 9 with departure time is: 8.15929
Stage 3 at customer 10 with arrival time is: 15.4347
Stage 3 at customer 10 with departure time is: 16.4347
Stage 4 at customer 1 with arrival time is: 28.4479
Stage 4 at customer 1 with departure time is: 29.4479
Stage 5 at customer 5 with arrival time is: 36.6778
Stage 5 at customer 5 with departure time is: 36.6778
Stage 6 at customer 7 with arrival time is: 37.4556
Stage 6 at customer 7 with departure time is: 37.4556
Stage 7 at customer 6 with arrival time is: 38.5937
Stage 7 at customer 6 with departure time is: 38.5937
Stage 8 at customer 4 with arrival time is: 44.1674
Stage 8 at customer 4 with departure time is: 44.1674
Stage 9 at customer 8 with arrival time is: 46.116
Stage 9 at customer 8 with departure time is: 47.5319
Stage 10 at customer 11 with arrival time is: 51.7792
Stage 10 at customer 11 with departure time is: 51.7792
Truck arcs:
Arc 1 connecting 0 and 9 with cost 8.15929 
Arc 2 connecting 9 and 10 with cost 7.2754 
Arc 3 connecting 10 and 1 with cost 12.0132 
Arc 4 connecting 1 and 5 with cost 7.22991 
Arc 5 connecting 5 and 7 with cost 0.777831 
Arc 6 connecting 7 and 6 with cost 1.13809 
Arc 7 connecting 6 and 4 with cost 5.57365 
Arc 8 connecting 4 and 8 with cost 1.94864 
Arc 9 connecting 8 and 11 with cost 4.24731 
Drone served customers
Drone flies from stage 1 to stage 3
Drone flies from stage 4 to stage 9
Drone flies from stage 1 to stage 3 to serve customer 2
Drone flies from stage 4 to stage 9 to serve customer 3
1
Customer 2 served by drone.
Y_val: 1
W_val: 1
Drone fly from 0 at stage 1 to serve 2 and then fly back to 10 at stage 3. 
Truck travel time from stage 1 to 3 is: 15.4347
Start arc cost: 6.36378, end arc cost: 8.93665. Total drone travel time: 15.3004
Drone arrival time: 15.3004
Truck arrival time: 15.4347
Truck departure time = max(d/a, t/a) plus (sl/sr): 16.4347
1
Customer 3 served by drone.
Y_val: 1
W_val: 1
Drone fly from 1 at stage 4 to serve 3 and then fly back to 8 at stage 9. 
Truck travel time from stage 4 to 9 is: 16.6681
Start arc cost: 3.93636, end arc cost: 13.1476. Total drone travel time: 17.084
Drone arrival time: 46.5319
Truck arrival time: 46.116
Truck departure time = max(d/a, t/a) plus (sl/sr): 47.5319
Done!
-------------------------Re-calculated objective-----------------------
51.7792
------------------------------------------------------------------------
Solve time: 318.388
OBJECTIVE VALUE: 51.7792, NUMBER OF SORTIES: 2.
In write mode
