Instance name: /home/cuong/CLionProjects/uMV-FSTSP/Murray_Chu_2015_test_data/FSTSP/FSTSP_10_customer_problems/20140810T123440v2
Write arg val: 1

drone speed: 0.2 miles/minute
uav non-eligible customer: 4 5 
Printing tau:
0 3.05404 10.4722 13.4811 6.76521 11.4381 6.47301 13.0528 1.22306 2.41346 7.25246 0 
3.05404 0 7.41815 13.1751 7.41924 8.38408 3.41898 9.99874 2.95098 5.14749 6.9465 3.05404 
10.4722 7.41815 0 14.3533 14.8374 5.76971 3.99917 6.42059 10.3691 12.5656 10.5246 10.4722 
13.4811 13.1751 14.3533 0 6.71587 15.3192 15.1541 16.9338 12.258 15.4145 6.22861 13.4811 
6.76521 7.41924 14.8374 6.71587 0 15.8033 10.8382 17.418 5.54215 8.69866 4.31275 6.76521 
11.4381 8.38408 5.76971 15.3192 15.8033 0 7.0349 1.61466 11.3351 13.5316 11.4906 11.4381 
6.47301 3.41898 3.99917 15.1541 10.8382 7.0349 0 7.68579 6.36995 8.56647 8.92548 6.47301 
13.0528 9.99874 6.42059 16.9338 17.418 1.61466 7.68579 0 12.9497 15.1462 13.1052 13.0528 
1.22306 2.95098 10.3691 12.258 5.54215 11.3351 6.36995 12.9497 0 3.15652 6.0294 1.22306 
2.41346 5.14749 12.5656 15.4145 8.69866 13.5316 8.56647 15.1462 3.15652 0 9.18592 2.41346 
7.25246 6.9465 10.5246 6.22861 4.31275 11.4906 8.92548 13.1052 6.0294 9.18592 0 7.25246 
0 0 0 0 0 0 0 0 0 0 0 0 
Printing tau_prime:
0 3.61723 12.3509 16.5329 9.48852 14.8876 7.8792 16.9365 1.4465 3.35841 8.54733 0 
3.61723 0 8.78275 17.5467 11.593 11.5383 4.65561 13.5679 3.64183 6.6156 8.96786 3.61723 
12.3509 8.78275 0 23.5383 19.4222 6.89429 4.9433 8.15504 12.3704 14.9175 15.3409 12.3509 
16.5329 17.5467 23.5383 0 7.93526 20.4328 21.6299 21.8114 15.1901 18.2879 8.61635 16.5329 
9.48852 11.593 19.4222 7.93526 0 18.6977 16.1877 20.5464 8.38988 10.5953 5.11496 9.48852 
14.8876 11.5383 6.89429 20.4328 18.6977 0 10.1477 2.05169 14.2211 18.1171 13.7238 14.8876 
7.8792 4.65561 4.9433 21.6299 16.1877 10.1477 0 11.9236 8.24651 10.1003 13.0302 7.8792 
16.9365 13.5679 8.15504 21.8114 20.5464 2.05169 11.9236 0 16.2718 20.1574 15.5136 16.9365 
1.4465 3.64183 12.3704 15.1901 8.38988 14.2211 8.24651 16.2718 0 4.53203 7.10808 1.4465 
3.35841 6.6156 14.9175 18.2879 10.5953 18.1171 10.1003 20.1574 4.53203 0 11.0897 3.35841 
8.54733 8.96786 15.3409 8.61635 5.11496 13.7238 13.0302 15.5136 7.10808 11.0897 0 8.54733 
0 0 0 0 0 0 0 0 0 0 0 0 
Warning:  Output names have been modified due to duplicate names or characters invalid in LP format.
Version identifier: 22.1.1.0 | 2022-11-28 | 9160aff4d
CPXPARAM_Emphasis_MIP                            2
CPXPARAM_MIP_Tolerances_Integrality              0
Tried aggregator 2 times.
MIP Presolve eliminated 1048 rows and 1837 columns.
MIP Presolve modified 1611 coefficients.
Aggregator did 38 substitutions.
Reduced MIP has 996 rows, 2901 columns, and 26818 nonzeros.
Reduced MIP has 2880 binaries, 0 generals, 0 SOSs, and 0 indicators.
Presolve time = 0.02 sec. (47.63 ticks)
Probing fixed 7 vars, tightened 0 bounds.
Probing time = 0.02 sec. (31.14 ticks)
Tried aggregator 2 times.
Detecting symmetries...
MIP Presolve eliminated 18 rows and 7 columns.
MIP Presolve modified 119 coefficients.
Aggregator did 2 substitutions.
Reduced MIP has 976 rows, 2892 columns, and 26734 nonzeros.
Reduced MIP has 2871 binaries, 0 generals, 0 SOSs, and 0 indicators.
Presolve time = 0.01 sec. (17.49 ticks)
Probing time = 0.00 sec. (6.63 ticks)
Clique table members: 12912.
MIP emphasis: optimality.
MIP search method: dynamic search.
Parallel mode: deterministic, using up to 20 threads.
Root relaxation solution time = 0.07 sec. (150.80 ticks)

        Nodes                                         Cuts/
   Node  Left     Objective  IInf  Best Integer    Best Bound    ItCnt     Gap

      0     0       32.4788   173                     32.4788       21         
      0     0       33.5004   234                    Cuts: 43      606         
*     0+    0                           77.6885       33.5004            56.88%
*     0+    0                           76.3785       33.5004            56.14%
      0     0       35.4694   209       76.3785      Cuts: 27     1366   53.56%
*     0+    0                           73.6594       35.4694            51.85%
      0     0       36.3602   196       73.6594      Cuts: 23     1993   50.64%
*     0+    0                           72.7483       36.3602            50.02%
*     0+    0                           71.7483       36.3602            49.32%
*     0+    0                           67.7541       36.3602            46.34%
      0     0  -1.00000e+75     0       67.7541       36.3602     1993   46.34%
      0     0       37.9153   252       67.7541      Cuts: 20     2623   44.04%
      0     0       38.5804   228       67.7541      Cuts: 18     2827   43.06%
Detecting symmetries...
      0     0       38.7192   205       67.7541      Cuts: 11     3047   42.85%
      0     0       38.8828   289       67.7541      Cuts: 15     3211   42.61%
      0     0       39.1646   305       67.7541       Cuts: 7     3435   42.20%
      0     0       39.2478   281       67.7541       Cuts: 6     3573   42.07%
*     0+    0                           66.6956       39.2478            41.15%
      0     0       39.3340   329       66.6956       Cuts: 4     3749   41.02%
*     0+    0                           63.8969       39.3340            38.44%
      0     0  -1.00000e+75     0       63.8969       39.3340     3749   38.44%
      0     0       39.4118   320       63.8969   ZeroHalf: 5     3890   38.32%
*     0+    0                           62.6249       39.4118            37.07%
*     0+    0                           61.7855       39.4118            36.21%
      0     0  -1.00000e+75     0       61.7855       39.4118     3890   36.21%
Detecting symmetries...
      0     2       39.4118   320       61.7855       39.4118     3890   36.21%
Elapsed time = 1.57 sec. (2276.65 ticks, tree = 0.02 MB, solutions = 10)
*     2+    1                           60.8217       39.4124            35.20%
      2     3       39.6767   274       60.8217       39.4124     4445   35.20%
     70    34       59.0837   139       60.8217       40.1253    12192   34.03%
    467   216       50.5505    75       60.8217       40.4228    53330   33.54%
    629   320        cutoff             60.8217       40.7976    78325   32.92%
   1206   619       57.9452   149       60.8217       41.3370   123617   32.04%
   1577   990       45.0668   163       60.8217       41.3370   203885   32.04%
   1878  1193       57.3478    10       60.8217       41.3370   246672   32.04%
   2117  1394       55.9128   158       60.8217       41.3370   292712   32.04%
*  2220+ 1596                           57.7678       41.3370            28.44%
   2241  1586       48.4713    85       57.7678       41.3370   343431   28.44%
*  2523+ 1431                           57.5871       42.4518            26.28%
*  2651+ 1576                           56.6233       42.4518            25.03%
   3286  1949       45.8510    75       56.6233       45.1997   576117   20.17%
Elapsed time = 4.86 sec. (5545.70 ticks, tree = 3.61 MB, solutions = 14)
   4239  2673       47.6349   174       56.6233       46.9511   808274   17.08%

Performing restart 1

Repeating presolve.
Tried aggregator 2 times.
MIP Presolve eliminated 25 rows and 62 columns.
MIP Presolve modified 10063 coefficients.
Aggregator did 3 substitutions.
Reduced MIP has 948 rows, 2827 columns, and 21041 nonzeros.
Reduced MIP has 2806 binaries, 0 generals, 0 SOSs, and 0 indicators.
Presolve time = 0.02 sec. (28.50 ticks)
Tried aggregator 2 times.
MIP Presolve eliminated 5 rows and 35 columns.
MIP Presolve modified 129 coefficients.
Aggregator did 1 substitutions.
Reduced MIP has 942 rows, 2791 columns, and 20606 nonzeros.
Reduced MIP has 2770 binaries, 0 generals, 0 SOSs, and 0 indicators.
Presolve time = 0.01 sec. (13.91 ticks)
Tried aggregator 1 time.
Reduced MIP has 942 rows, 2791 columns, and 20606 nonzeros.
Reduced MIP has 2770 binaries, 0 generals, 0 SOSs, and 0 indicators.
Presolve time = 0.01 sec. (12.39 ticks)
Represolve time = 0.15 sec. (234.49 ticks)
   4767     0       39.5167   306       56.6233      Cuts: 25   943072   16.14%
   4767     0       39.5507   320       56.6233      Cuts: 22   943263   16.14%
   4767     0       39.5735   322       56.6233   ZeroHalf: 1   943384   16.14%
   4767     0       39.6473   328       56.6233       Cuts: 7   943515   16.14%
   4767     2       39.6473   328       56.6233       47.4848   943515   16.14%
   4768     3       43.2703    71       56.6233       47.4848   945779   16.14%
   4777     5       44.0669    59       56.6233       47.4848   947289   16.14%
*  4862+   13                           56.1784       47.4848            15.48%
*  5006    53      integral     0       54.6355       47.4848   960303   13.09%
   5331   112       47.5381   199       54.6355       47.4848   973300   13.09%
   6284   288        cutoff             54.6355       47.4848  1017357   13.09%
   7536   792       48.2509   104       54.6355       47.4848  1123429   13.09%
*  8005+  932                           53.1884       47.4848            10.72%
   9297  1103       47.3053   112       53.1884       47.4848  1268012   10.72%
  10508  1475       48.4269   148       53.1884       47.4848  1359261   10.72%
  11730  1759        cutoff             53.1884       47.4848  1517853   10.72%
Elapsed time = 15.25 sec. (17978.33 ticks, tree = 7.06 MB, solutions = 17)
* 13849+ 1800                           53.1884       47.4848            10.72%
  14037  1795       50.6092    82       53.1884       47.4848  1679607   10.72%
  14768  1623        cutoff             53.1884       47.4848  1740217   10.72%
* 14928  1538      integral     0       51.7077       47.4848  1752448    8.17%

Clique cuts applied:  20
Cover cuts applied:  7
Implied bound cuts applied:  12
Zero-half cuts applied:  33
Lift and project cuts applied:  3
Gomory fractional cuts applied:  1

Root node processing (before b&c):
  Real time             =    1.54 sec. (2246.69 ticks)
Parallel b&c, 20 threads:
  Real time             =   16.72 sec. (18599.38 ticks)
  Sync time (average)   =    5.79 sec.
  Wait time (average)   =    0.01 sec.
                          ------------
Total (root+branch&cut) =   18.26 sec. (20846.08 ticks)
Feasible solution found!
Truck nodes:
Stage 1 at customer 0 with arrival time is: 0
Stage 1 at customer 0 with departure time is: 0
Stage 2 at customer 1 with arrival time is: 3.05404
Stage 2 at customer 1 with departure time is: 3.05404
Stage 3 at customer 6 with arrival time is: 6.47301
Stage 3 at customer 6 with departure time is: 6.47301
Stage 4 at customer 2 with arrival time is: 10.4722
Stage 4 at customer 2 with departure time is: 10.4722
Stage 5 at customer 7 with arrival time is: 16.8928
Stage 5 at customer 7 with departure time is: 16.8928
Stage 6 at customer 5 with arrival time is: 18.5074
Stage 6 at customer 5 with departure time is: 18.5074
Stage 7 at customer 10 with arrival time is: 29.998
Stage 7 at customer 10 with departure time is: 30.998
Stage 8 at customer 3 with arrival time is: 37.2266
Stage 8 at customer 3 with departure time is: 37.2266
Stage 9 at customer 4 with arrival time is: 43.9425
Stage 9 at customer 4 with departure time is: 43.9425
Stage 10 at customer 8 with arrival time is: 49.4846
Stage 10 at customer 8 with departure time is: 50.4846
Stage 11 at customer 11 with arrival time is: 51.7077
Stage 11 at customer 11 with departure time is: 51.7077
Truck arcs:
Arc 1 connecting 0 and 1 with cost 3.05404 
Arc 2 connecting 1 and 6 with cost 3.41898 
Arc 3 connecting 6 and 2 with cost 3.99917 
Arc 4 connecting 2 and 7 with cost 6.42059 
Arc 5 connecting 7 and 5 with cost 1.61466 
Arc 6 connecting 5 and 10 with cost 11.4906 
Arc 7 connecting 10 and 3 with cost 6.22861 
Arc 8 connecting 3 and 4 with cost 6.71587 
Arc 9 connecting 4 and 8 with cost 5.54215 
Arc 10 connecting 8 and 11 with cost 1.22306 
Drone served customers
Drone flies from stage 7 to stage 10
Drone flies from stage 7 to stage 10 to serve customer 9
1
Customer 9 served by drone.
Y_val: 1
W_val: 1
Drone fly from 10 at stage 7 to serve 9 and then fly back to 8 at stage 10. 
Truck travel time from stage 7 to 10 is: 18.4866
Start arc cost: 11.0897, end arc cost: 4.53203. Total drone travel time: 15.6217
Drone arrival time: 46.6197
Truck arrival time: 49.4846
Truck departure time = max(d/a, t/a) plus (sl/sr): 50.4846
Done!
-------------------------Re-calculated objective-----------------------
51.7077
------------------------------------------------------------------------
Solve time: 18.267
OBJECTIVE VALUE: 51.7077, NUMBER OF SORTIES: 1.
In write mode
