Instance name: /home/cuong/CLionProjects/uMV-FSTSP/Murray_Chu_2015_test_data/FSTSP/FSTSP_10_customer_problems/20140810T123440v8
Write arg val: 1

drone speed: 0.4 miles/minute
uav non-eligible customer: 4 5 
Printing tau:
0 13.106 12.3922 26.2811 19.5652 18.1619 11.127 18.8128 14.0231 14.8935 20.0525 0 
13.106 0 7.41815 13.1751 7.41924 8.38408 3.41898 9.99874 2.95098 5.14749 6.9465 13.106 
12.3922 7.41815 0 14.3533 14.8374 5.76971 3.99917 6.42059 10.3691 12.5656 10.5246 12.3922 
26.2811 13.1751 14.3533 0 6.71587 15.3192 15.1541 16.9338 12.258 15.4145 6.22861 26.2811 
19.5652 7.41924 14.8374 6.71587 0 15.8033 10.8382 17.418 5.54215 8.69866 4.31275 19.5652 
18.1619 8.38408 5.76971 15.3192 15.8033 0 7.0349 1.61466 11.3351 13.5316 11.4906 18.1619 
11.127 3.41898 3.99917 15.1541 10.8382 7.0349 0 7.68579 6.36995 8.56647 8.92548 11.127 
18.8128 9.99874 6.42059 16.9338 17.418 1.61466 7.68579 0 12.9497 15.1462 13.1052 18.8128 
14.0231 2.95098 10.3691 12.258 5.54215 11.3351 6.36995 12.9497 0 3.15652 6.0294 14.0231 
14.8935 5.14749 12.5656 15.4145 8.69866 13.5316 8.56647 15.1462 3.15652 0 9.18592 14.8935 
20.0525 6.9465 10.5246 6.22861 4.31275 11.4906 8.92548 13.1052 6.0294 9.18592 0 20.0525 
0 0 0 0 0 0 0 0 0 0 0 0 
Printing tau_prime:
0 11.5488 8.91586 22.0108 18.4044 12.8785 9.05098 13.3038 13.3764 13.0364 16.8417 0 
11.5488 0 5.26965 10.528 6.95583 6.92297 2.79336 8.14071 2.1851 3.96936 5.38071 11.5488 
8.91586 5.26965 0 14.123 11.6533 4.13658 2.96598 4.89302 7.42221 8.9505 9.20456 8.91586 
22.0108 10.528 14.123 0 4.76116 12.2597 12.9779 13.0868 9.11406 10.9728 5.16981 22.0108 
18.4044 6.95583 11.6533 4.76116 0 11.2186 9.71264 12.3279 5.03393 6.35719 3.06897 18.4044 
12.8785 6.92297 4.13658 12.2597 11.2186 0 6.0886 1.23101 8.53268 10.8703 8.2343 12.8785 
9.05098 2.79336 2.96598 12.9779 9.71264 6.0886 0 7.15418 4.94791 6.06021 7.81812 9.05098 
13.3038 8.14071 4.89302 13.0868 12.3279 1.23101 7.15418 0 9.7631 12.0944 9.30817 13.3038 
13.3764 2.1851 7.42221 9.11406 5.03393 8.53268 4.94791 9.7631 0 2.71922 4.26485 13.3764 
13.0364 3.96936 8.9505 10.9728 6.35719 10.8703 6.06021 12.0944 2.71922 0 6.65382 13.0364 
16.8417 5.38071 9.20456 5.16981 3.06897 8.2343 7.81812 9.30817 4.26485 6.65382 0 16.8417 
0 0 0 0 0 0 0 0 0 0 0 0 
Warning:  Output names have been modified due to duplicate names or characters invalid in LP format.
Version identifier: 22.1.1.0 | 2022-11-28 | 9160aff4d
CPXPARAM_Emphasis_MIP                            2
CPXPARAM_MIP_Tolerances_Integrality              0
Tried aggregator 2 times.
MIP Presolve eliminated 754 rows and 1524 columns.
MIP Presolve modified 1938 coefficients.
Aggregator did 25 substitutions.
Reduced MIP has 1003 rows, 3227 columns, and 31431 nonzeros.
Reduced MIP has 3206 binaries, 0 generals, 0 SOSs, and 0 indicators.
Presolve time = 0.03 sec. (54.11 ticks)
Found incumbent of value 11615.976878 after 0.04 sec. (82.16 ticks)
Probing fixed 37 vars, tightened 0 bounds.
Probing time = 0.04 sec. (79.34 ticks)
Tried aggregator 2 times.
Detecting symmetries...
MIP Presolve eliminated 23 rows and 37 columns.
MIP Presolve modified 120 coefficients.
Aggregator did 2 substitutions.
Reduced MIP has 978 rows, 3188 columns, and 31049 nonzeros.
Reduced MIP has 3167 binaries, 0 generals, 0 SOSs, and 0 indicators.
Presolve time = 0.01 sec. (21.99 ticks)
Probing time = 0.00 sec. (6.85 ticks)
Clique table members: 12762.
MIP emphasis: optimality.
MIP search method: dynamic search.
Parallel mode: deterministic, using up to 20 threads.
Root relaxation solution time = 0.07 sec. (165.03 ticks)

        Nodes                                         Cuts/
   Node  Left     Objective  IInf  Best Integer    Best Bound    ItCnt     Gap

*     0+    0                        11615.9769       11.1270            99.90%
      0     0       50.2516   121    11615.9769       50.2516       22   99.57%
*     0+    0                           68.5829       50.2516            26.73%
      0     0       53.1284    74       68.5829      Cuts: 14     1249   22.53%
*     0+    0                           63.6636       53.1284            16.55%
      0     0       55.7041   128       63.6636      Cuts: 15     2448   12.50%
      0     0       57.1365   157       63.6636      Cuts: 38     4457   10.25%
      0     0       57.1365   212       63.6636      Cuts: 24     4782   10.25%
      0     0       57.4164   174       63.6636       Cuts: 8     5766    9.81%
Detecting symmetries...
      0     0       57.4430   234       63.6636      Cuts: 15     6163    9.77%
      0     0       57.5020   190       63.6636      Cuts: 19     6654    9.68%
      0     0       57.5020   206       63.6636      Cuts: 22     7031    9.68%
Detecting symmetries...
      0     2       57.5020   186       63.6636       58.6710     7031    7.84%
Elapsed time = 1.77 sec. (2815.65 ticks, tree = 0.02 MB, solutions = 3)
    118    16        cutoff             63.6636       58.6710    18794    7.84%
*   254+   15                           62.6999       58.6710             6.43%
    883    12    infeasible             62.6999       61.4977    71707    1.92%

GUB cover cuts applied:  2
Clique cuts applied:  8
Cover cuts applied:  24
Implied bound cuts applied:  44
Zero-half cuts applied:  28
Lift and project cuts applied:  1
Gomory fractional cuts applied:  3

Root node processing (before b&c):
  Real time             =    1.74 sec. (2769.11 ticks)
Parallel b&c, 20 threads:
  Real time             =    0.63 sec. (646.83 ticks)
  Sync time (average)   =    0.40 sec.
  Wait time (average)   =    0.00 sec.
                          ------------
Total (root+branch&cut) =    2.38 sec. (3415.94 ticks)
Feasible solution found!
Truck nodes:
Stage 1 at customer 0 with arrival time is: 0
Stage 1 at customer 0 with departure time is: 0
Stage 2 at customer 6 with arrival time is: 11.127
Stage 2 at customer 6 with departure time is: 11.127
Stage 3 at customer 1 with arrival time is: 14.546
Stage 3 at customer 1 with departure time is: 14.546
Stage 4 at customer 8 with arrival time is: 17.4969
Stage 4 at customer 8 with departure time is: 18.4969
Stage 5 at customer 4 with arrival time is: 24.0391
Stage 5 at customer 4 with departure time is: 25.0391
Stage 6 at customer 10 with arrival time is: 29.3518
Stage 6 at customer 10 with departure time is: 29.3518
Stage 7 at customer 5 with arrival time is: 40.8424
Stage 7 at customer 5 with departure time is: 40.8424
Stage 8 at customer 7 with arrival time is: 42.4571
Stage 8 at customer 7 with departure time is: 43.8871
Stage 9 at customer 2 with arrival time is: 50.3077
Stage 9 at customer 2 with departure time is: 50.3077
Stage 10 at customer 11 with arrival time is: 62.6999
Stage 10 at customer 11 with departure time is: 62.6999
Truck arcs:
Arc 1 connecting 0 and 6 with cost 11.127 
Arc 2 connecting 6 and 1 with cost 3.41898 
Arc 3 connecting 1 and 8 with cost 2.95098 
Arc 4 connecting 8 and 4 with cost 5.54215 
Arc 5 connecting 4 and 10 with cost 4.31275 
Arc 6 connecting 10 and 5 with cost 11.4906 
Arc 7 connecting 5 and 7 with cost 1.61466 
Arc 8 connecting 7 and 2 with cost 6.42059 
Arc 9 connecting 2 and 11 with cost 12.3922 
Drone served customers
Drone flies from stage 1 to stage 4
Drone flies from stage 5 to stage 8
Drone flies from stage 5 to stage 8 to serve customer 3
Drone flies from stage 1 to stage 4 to serve customer 9
1
Customer 3 served by drone.
Y_val: 1
W_val: 1
Drone fly from 4 at stage 5 to serve 3 and then fly back to 7 at stage 8. 
Truck travel time from stage 5 to 8 is: 17.418
Start arc cost: 4.76116, end arc cost: 13.0868. Total drone travel time: 17.848
Drone arrival time: 42.8871
Truck arrival time: 42.4571
Truck departure time = max(d/a, t/a) plus (sl/sr): 43.8871
1
Customer 9 served by drone.
Y_val: 1
W_val: 1
Drone fly from 0 at stage 1 to serve 9 and then fly back to 8 at stage 4. 
Truck travel time from stage 1 to 4 is: 17.4969
Start arc cost: 13.0364, end arc cost: 2.71922. Total drone travel time: 15.7556
Drone arrival time: 15.7556
Truck arrival time: 17.4969
Truck departure time = max(d/a, t/a) plus (sl/sr): 18.4969
Done!
-------------------------Re-calculated objective-----------------------
62.6999
------------------------------------------------------------------------
Solve time: 2.379
OBJECTIVE VALUE: 62.6999, NUMBER OF SORTIES: 2.
In write mode
