Instance name: /home/cuong/CLionProjects/uMV-FSTSP/Murray_Chu_2015_test_data/FSTSP/FSTSP_10_customer_problems/20140810T123443v2
Write arg val: 1

drone speed: 0.2 miles/minute
uav non-eligible customer: 4 8 
Printing tau:
0 7.3617 13.235 11.9489 14.048 9.28995 9.2816 9.57935 4.27959 6.76674 3.51531 0 
7.3617 0 8.59672 16.5872 14.8463 1.92825 1.9199 7.49765 3.32128 11.405 7.04299 7.3617 
13.235 8.59672 0 25.184 23.443 8.42508 9.39342 16.0944 11.7546 20.0018 15.6397 13.235 
11.9489 16.5872 25.184 0 20.0769 16.7589 15.7905 15.6083 13.4294 5.1822 10.0243 11.9489 
14.048 14.8463 23.443 20.0769 0 15.0179 14.0496 7.34864 11.6884 17.2947 10.5327 14.048 
9.28995 1.92825 8.42508 16.7589 15.0179 0 0.968346 7.66929 5.01036 12.5367 7.21463 9.28995 
9.2816 1.9199 9.39342 15.7905 14.0496 0.968346 0 6.70095 5.00201 12.5283 6.24629 9.2816 
9.57935 7.49765 16.0944 15.6083 7.34864 7.66929 6.70095 0 5.29976 12.8261 6.06403 9.57935 
4.27959 3.32128 11.7546 13.4294 11.6884 5.01036 5.00201 5.29976 0 8.24716 3.8851 4.27959 
6.76674 11.405 20.0018 5.1822 17.2947 12.5367 12.5283 12.8261 8.24716 0 6.76206 6.76674 
3.51531 7.04299 15.6397 10.0243 10.5327 7.21463 6.24629 6.06403 3.8851 6.76206 0 3.51531 
0 0 0 0 0 0 0 0 0 0 0 0 
Printing tau_prime:
0 10.2543 16.5737 15.7729 20.465 12.3288 11.8384 11.7816 5.33678 8.84513 5.0194 0 
10.2543 0 10.5868 25.1232 19.1891 2.28145 2.44971 9.21448 5.20038 18.3566 9.45738 10.2543 
16.5737 10.5868 0 32.2862 29.7194 11.276 12.2886 19.8012 13.8643 25.3886 18.4894 16.5737 
15.7729 25.1232 32.2862 0 23.7497 26.7584 25.9207 21.2864 19.9518 6.93179 15.9071 15.7729 
20.465 19.1891 29.7194 23.7497 0 18.5658 17.4845 10.136 17.9521 20.7816 15.4483 20.465 
12.3288 2.28145 11.276 26.7584 18.5658 0 1.14125 9.04478 7.08965 20.1104 10.8907 12.3288 
11.8384 2.44971 12.2886 25.9207 17.4845 1.14125 0 7.90494 6.51871 19.3468 10.0185 11.8384 
11.7816 9.21448 19.8012 21.2864 10.136 9.04478 7.90494 0 8.07267 15.8016 7.16659 11.7816 
5.33678 5.20038 13.8643 19.9518 17.9521 7.08965 6.51871 8.07267 0 13.1583 4.66638 5.33678 
8.84513 18.3566 25.3886 6.93179 20.7816 20.1104 19.3468 15.8016 13.1583 0 9.48339 8.84513 
5.0194 9.45738 18.4894 15.9071 15.4483 10.8907 10.0185 7.16659 4.66638 9.48339 0 5.0194 
0 0 0 0 0 0 0 0 0 0 0 0 
Warning:  Output names have been modified due to duplicate names or characters invalid in LP format.
Version identifier: 22.1.1.0 | 2022-11-28 | 9160aff4d
CPXPARAM_Emphasis_MIP                            2
CPXPARAM_MIP_Tolerances_Integrality              0
Tried aggregator 2 times.
MIP Presolve eliminated 1456 rows and 2260 columns.
MIP Presolve modified 1398 coefficients.
Aggregator did 36 substitutions.
Reduced MIP has 962 rows, 2480 columns, and 21156 nonzeros.
Reduced MIP has 2459 binaries, 0 generals, 0 SOSs, and 0 indicators.
Presolve time = 0.02 sec. (35.59 ticks)
Probing fixed 127 vars, tightened 0 bounds.
Probing changed sense of 4 constraints.
Probing time = 0.03 sec. (71.41 ticks)
Tried aggregator 2 times.
Detecting symmetries...
MIP Presolve eliminated 34 rows and 128 columns.
MIP Presolve modified 135 coefficients.
Aggregator did 3 substitutions.
Reduced MIP has 925 rows, 2349 columns, and 19252 nonzeros.
Reduced MIP has 2328 binaries, 0 generals, 0 SOSs, and 0 indicators.
Presolve time = 0.01 sec. (24.83 ticks)
Probing time = 0.01 sec. (6.33 ticks)
Clique table members: 9676.
MIP emphasis: optimality.
MIP search method: dynamic search.
Parallel mode: deterministic, using up to 20 threads.
Root relaxation solution time = 0.10 sec. (143.08 ticks)

        Nodes                                         Cuts/
   Node  Left     Objective  IInf  Best Integer    Best Bound    ItCnt     Gap

      0     0       54.9327   132                     54.9327       23         
*     0+    0                           72.1465       54.9327            23.86%
      0     0       60.1877    97       72.1465      Cuts: 33      996   16.58%
      0     0       61.5297   129       72.1465      Cuts: 17     1612   14.72%
      0     0       62.3235   183       72.1465      Cuts: 21     1746   13.62%
      0     0       62.4962   169       72.1465       Cuts: 7     1919   13.38%
      0     0       63.2516   178       72.1465      Cuts: 13     2134   12.33%
Detecting symmetries...
      0     0       63.3644   218       72.1465       Cuts: 6     2206   12.17%
      0     0       63.5063   212       72.1465       Cuts: 8     2619   11.98%
      0     0       63.5336   233       72.1465       Cuts: 6     2802   11.94%
      0     0       63.6246   232       72.1465       Cuts: 7     3241   11.81%
      0     0       63.7915   241       72.1465       Cuts: 4     3341   11.58%
      0     0       63.9235   218       72.1465       Cuts: 7     3665   11.40%
      0     0       64.1787   237       72.1465       Cuts: 4     3948   11.04%
      0     0       64.2300   241       72.1465       Cuts: 4     3991   10.97%
      0     0       64.3851   243       72.1465       Cuts: 6     4073   10.76%
      0     0       64.5139   272       72.1465       Cuts: 6     4253   10.58%
      0     0       64.5990   275       72.1465       Cuts: 7     4877   10.46%
      0     0       64.6048   282       72.1465       Cuts: 5     5031   10.45%
      0     0       64.6048   267       72.1465   Impl Bds: 1     5032   10.45%
Detecting symmetries...
      0     2       64.6048   267       72.1465       65.8405     5032    8.74%
Elapsed time = 1.32 sec. (1872.55 ticks, tree = 0.02 MB, solutions = 1)
    170    22       69.5458   154       72.1465       65.8405    18869    8.74%
    445    13        cutoff             72.1465       69.8676    52136    3.16%

GUB cover cuts applied:  3
Clique cuts applied:  5
Cover cuts applied:  14
Implied bound cuts applied:  39
Flow cuts applied:  1
Zero-half cuts applied:  36
Lift and project cuts applied:  3
Gomory fractional cuts applied:  8

Root node processing (before b&c):
  Real time             =    1.30 sec. (1843.03 ticks)
Parallel b&c, 20 threads:
  Real time             =    0.90 sec. (656.95 ticks)
  Sync time (average)   =    0.65 sec.
  Wait time (average)   =    0.00 sec.
                          ------------
Total (root+branch&cut) =    2.20 sec. (2499.98 ticks)
Feasible solution found!
Truck nodes:
Stage 1 at customer 0 with arrival time is: 0
Stage 1 at customer 0 with departure time is: 0
Stage 2 at customer 8 with arrival time is: 4.27959
Stage 2 at customer 8 with departure time is: 4.27959
Stage 3 at customer 1 with arrival time is: 7.60087
Stage 3 at customer 1 with departure time is: 7.60087
Stage 4 at customer 2 with arrival time is: 16.1976
Stage 4 at customer 2 with departure time is: 16.1976
Stage 5 at customer 5 with arrival time is: 24.6227
Stage 5 at customer 5 with departure time is: 24.6227
Stage 6 at customer 6 with arrival time is: 25.591
Stage 6 at customer 6 with departure time is: 25.591
Stage 7 at customer 7 with arrival time is: 32.292
Stage 7 at customer 7 with departure time is: 32.292
Stage 8 at customer 4 with arrival time is: 39.6406
Stage 8 at customer 4 with departure time is: 39.6406
Stage 9 at customer 10 with arrival time is: 50.1733
Stage 9 at customer 10 with departure time is: 50.1733
Stage 10 at customer 3 with arrival time is: 60.1975
Stage 10 at customer 3 with departure time is: 60.1975
Stage 11 at customer 9 with arrival time is: 65.3797
Stage 11 at customer 9 with departure time is: 65.3797
Stage 12 at customer 11 with arrival time is: 72.1465
Stage 12 at customer 11 with departure time is: 72.1465
Truck arcs:
Arc 1 connecting 0 and 8 with cost 4.27959 
Arc 2 connecting 8 and 1 with cost 3.32128 
Arc 3 connecting 1 and 2 with cost 8.59672 
Arc 4 connecting 2 and 5 with cost 8.42508 
Arc 5 connecting 5 and 6 with cost 0.968346 
Arc 6 connecting 6 and 7 with cost 6.70095 
Arc 7 connecting 7 and 4 with cost 7.34864 
Arc 8 connecting 4 and 10 with cost 10.5327 
Arc 9 connecting 10 and 3 with cost 10.0243 
Arc 10 connecting 3 and 9 with cost 5.1822 
Arc 11 connecting 9 and 11 with cost 6.76674 
Drone served customers
Done!
-------------------------Re-calculated objective-----------------------
72.1465
------------------------------------------------------------------------
Solve time: 2.202
OBJECTIVE VALUE: 72.1465, NUMBER OF SORTIES: 0.
In write mode
