Instance name: /home/cuong/CLionProjects/uMV-FSTSP/Murray_Chu_2015_test_data/FSTSP/FSTSP_10_customer_problems/20140810T123440v6
Write arg val: 1

drone speed: 0.4 miles/minute
uav non-eligible customer: 4 5 
Printing tau:
0 3.05404 10.4722 13.4811 6.76521 11.4381 6.47301 13.0528 1.22306 2.41346 7.25246 0 
3.05404 0 7.41815 13.1751 7.41924 8.38408 3.41898 9.99874 2.95098 5.14749 6.9465 3.05404 
10.4722 7.41815 0 14.3533 14.8374 5.76971 3.99917 6.42059 10.3691 12.5656 10.5246 10.4722 
13.4811 13.1751 14.3533 0 6.71587 15.3192 15.1541 16.9338 12.258 15.4145 6.22861 13.4811 
6.76521 7.41924 14.8374 6.71587 0 15.8033 10.8382 17.418 5.54215 8.69866 4.31275 6.76521 
11.4381 8.38408 5.76971 15.3192 15.8033 0 7.0349 1.61466 11.3351 13.5316 11.4906 11.4381 
6.47301 3.41898 3.99917 15.1541 10.8382 7.0349 0 7.68579 6.36995 8.56647 8.92548 6.47301 
13.0528 9.99874 6.42059 16.9338 17.418 1.61466 7.68579 0 12.9497 15.1462 13.1052 13.0528 
1.22306 2.95098 10.3691 12.258 5.54215 11.3351 6.36995 12.9497 0 3.15652 6.0294 1.22306 
2.41346 5.14749 12.5656 15.4145 8.69866 13.5316 8.56647 15.1462 3.15652 0 9.18592 2.41346 
7.25246 6.9465 10.5246 6.22861 4.31275 11.4906 8.92548 13.1052 6.0294 9.18592 0 7.25246 
0 0 0 0 0 0 0 0 0 0 0 0 
Printing tau_prime:
0 2.17034 7.41057 9.91973 5.69311 8.93253 4.72752 10.1619 0.867899 2.01504 5.1284 0 
2.17034 0 5.26965 10.528 6.95583 6.92297 2.79336 8.14071 2.1851 3.96936 5.38071 2.17034 
7.41057 5.26965 0 14.123 11.6533 4.13658 2.96598 4.89302 7.42221 8.9505 9.20456 7.41057 
9.91973 10.528 14.123 0 4.76116 12.2597 12.9779 13.0868 9.11406 10.9728 5.16981 9.91973 
5.69311 6.95583 11.6533 4.76116 0 11.2186 9.71264 12.3279 5.03393 6.35719 3.06897 5.69311 
8.93253 6.92297 4.13658 12.2597 11.2186 0 6.0886 1.23101 8.53268 10.8703 8.2343 8.93253 
4.72752 2.79336 2.96598 12.9779 9.71264 6.0886 0 7.15418 4.94791 6.06021 7.81812 4.72752 
10.1619 8.14071 4.89302 13.0868 12.3279 1.23101 7.15418 0 9.7631 12.0944 9.30817 10.1619 
0.867899 2.1851 7.42221 9.11406 5.03393 8.53268 4.94791 9.7631 0 2.71922 4.26485 0.867899 
2.01504 3.96936 8.9505 10.9728 6.35719 10.8703 6.06021 12.0944 2.71922 0 6.65382 2.01504 
5.1284 5.38071 9.20456 5.16981 3.06897 8.2343 7.81812 9.30817 4.26485 6.65382 0 5.1284 
0 0 0 0 0 0 0 0 0 0 0 0 
Warning:  Output names have been modified due to duplicate names or characters invalid in LP format.
Version identifier: 22.1.1.0 | 2022-11-28 | 9160aff4d
CPXPARAM_Emphasis_MIP                            2
CPXPARAM_MIP_Tolerances_Integrality              0
Tried aggregator 2 times.
MIP Presolve eliminated 713 rows and 1468 columns.
MIP Presolve modified 2103 coefficients.
Aggregator did 24 substitutions.
Reduced MIP has 1009 rows, 3284 columns, and 31854 nonzeros.
Reduced MIP has 3263 binaries, 0 generals, 0 SOSs, and 0 indicators.
Presolve time = 0.03 sec. (51.26 ticks)
Found incumbent of value 11553.425715 after 0.05 sec. (88.43 ticks)
Probing fixed 14 vars, tightened 0 bounds.
Probing time = 0.03 sec. (65.89 ticks)
Tried aggregator 2 times.
Detecting symmetries...
MIP Presolve eliminated 17 rows and 14 columns.
MIP Presolve modified 130 coefficients.
Aggregator did 2 substitutions.
Reduced MIP has 990 rows, 3268 columns, and 31720 nonzeros.
Reduced MIP has 3247 binaries, 0 generals, 0 SOSs, and 0 indicators.
Presolve time = 0.02 sec. (27.18 ticks)
Probing time = 0.00 sec. (7.05 ticks)
Clique table members: 12936.
MIP emphasis: optimality.
MIP search method: dynamic search.
Parallel mode: deterministic, using up to 20 threads.
Root relaxation solution time = 0.07 sec. (164.62 ticks)

        Nodes                                         Cuts/
   Node  Left     Objective  IInf  Best Integer    Best Bound    ItCnt     Gap

*     0+    0                        11553.4257        1.2231            99.99%
      0     0       30.6834   218    11553.4257       30.6834       29   99.73%
*     0+    0                           65.5038       30.6834            53.16%
      0     0       31.6895   145       65.5038      Cuts: 59      976   51.62%
*     0+    0                           56.5996       31.6895            44.01%
      0     0       34.3763   227       56.5996      Cuts: 19     2577   39.26%
*     0+    0                           55.7209       34.3763            38.31%
      0     0       35.8534   229       55.7209      Cuts: 10     2953   35.66%
*     0+    0                           55.5681       35.8534            35.48%
      0     0  -1.00000e+75     0       55.5681       35.8534     2953   35.48%
*     0+    0                           52.3693       35.8534            31.54%
      0     0       36.1332   272       52.3693      Cuts: 33     3240   31.00%
      0     0       38.0011   140       52.3693      Cuts: 17     3957   27.44%
Detecting symmetries...
      0     0       38.1869   164       52.3693      Cuts: 20     4419   27.08%
      0     0       38.2339   148       52.3693      Cuts: 13     5837   26.99%
*     0+    0                           50.0707       38.2339            23.64%
      0     0       38.2512   189       50.0707      Cuts: 18     6709   23.61%
      0     0       38.2514   201       50.0707  ZeroHalf: 14     6839   23.61%
*     0+    0                           50.0184       38.2514            23.53%
      0     0       38.3614   261       50.0184   ZeroHalf: 9     7709   23.31%
      0     0       38.5317   268       50.0184   ZeroHalf: 7     8685   22.96%
      0     0       38.6280   212       50.0184      Cuts: 26     9426   22.77%
*     0+    0                           48.1665       38.6280            19.80%
      0     0       38.6545   245       48.1665      Cuts: 13     9922   19.75%
      0     0       38.6734   205       48.1665       Cuts: 8    10579   19.71%
      0     0       38.7661   226       48.1665      Cuts: 13    11407   19.52%
      0     0       38.7967   217       48.1665      Cuts: 11    11544   19.45%
      0     0       38.9480   202       48.1665      Cuts: 11    11848   19.14%
      0     0       39.0798   212       48.1665       Cuts: 8    11941   18.87%
      0     0       39.0891   220       48.1665       Cuts: 8    12442   18.85%
      0     0       39.1347   207       48.1665       Cuts: 5    13345   18.75%
      0     0       39.1450   226       48.1665       Cuts: 9    13618   18.73%
*     0+    0                           47.8621       39.1450            18.21%
      0     0       39.1451   256       47.8621       Cuts: 3    14055   18.21%
*     0+    0                           47.6889       39.1451            17.92%
*     0+    0                           46.1665       39.1451            15.21%
Detecting symmetries...
      0     2       39.1451   198       46.1665       39.1451    14055   15.21%
Elapsed time = 3.29 sec. (5291.21 ticks, tree = 0.02 MB, solutions = 12)
*   105+   12                           46.1617       39.1604            15.17%
    117    21       45.4212    47       46.1617       39.1604    28103   15.17%
*   465   145      integral     0       45.8510       39.2266    60596   14.45%
    568   175       44.2360    23       45.8510       39.2266    67251   14.45%
*  1134   260      integral     0       45.3790       39.2266    97375   13.56%
   1316   161        cutoff             45.3790       39.2266   115477   13.56%
*  1738   106      integral     0       45.2935       39.2266   136310   13.39%
   2050    71        cutoff             45.2935       40.7161   158714   10.11%
   2268    92       44.3775    37       45.2935       40.7161   179327   10.11%
*  2617+   46                           44.9993       40.7161             9.52%
*  2797    48      integral     0       44.5060       40.7161   195990    8.52%
   2848    35        cutoff             44.5060       40.7161   197956    8.52%
   3403    21       44.3420    24       44.5060       42.8870   225292    3.64%
   3644    11       44.1980    74       44.5060       43.3420   238707    2.62%
   3929    46        cutoff             44.5060       43.3420   245992    2.62%

GUB cover cuts applied:  1
Clique cuts applied:  19
Cover cuts applied:  18
Implied bound cuts applied:  140
Mixed integer rounding cuts applied:  1
Zero-half cuts applied:  38
Lift and project cuts applied:  2
Gomory fractional cuts applied:  6

Root node processing (before b&c):
  Real time             =    3.24 sec. (5198.66 ticks)
Parallel b&c, 20 threads:
  Real time             =    2.08 sec. (2391.25 ticks)
  Sync time (average)   =    0.97 sec.
  Wait time (average)   =    0.00 sec.
                          ------------
Total (root+branch&cut) =    5.32 sec. (7589.92 ticks)
Feasible solution found!
Truck nodes:
Stage 1 at customer 0 with arrival time is: 0
Stage 1 at customer 0 with departure time is: 0
Stage 2 at customer 1 with arrival time is: 3.05404
Stage 2 at customer 1 with departure time is: 3.05404
Stage 3 at customer 6 with arrival time is: 6.47301
Stage 3 at customer 6 with departure time is: 6.47301
Stage 4 at customer 2 with arrival time is: 10.4722
Stage 4 at customer 2 with departure time is: 10.4722
Stage 5 at customer 7 with arrival time is: 16.8928
Stage 5 at customer 7 with departure time is: 18.8928
Stage 6 at customer 5 with arrival time is: 20.5074
Stage 6 at customer 5 with departure time is: 20.9374
Stage 7 at customer 10 with arrival time is: 32.428
Stage 7 at customer 10 with departure time is: 32.428
Stage 8 at customer 4 with arrival time is: 36.7408
Stage 8 at customer 4 with departure time is: 37.7408
Stage 9 at customer 8 with arrival time is: 43.2829
Stage 9 at customer 8 with departure time is: 43.2829
Stage 10 at customer 11 with arrival time is: 44.506
Stage 10 at customer 11 with departure time is: 44.506
Truck arcs:
Arc 1 connecting 0 and 1 with cost 3.05404 
Arc 2 connecting 1 and 6 with cost 3.41898 
Arc 3 connecting 6 and 2 with cost 3.99917 
Arc 4 connecting 2 and 7 with cost 6.42059 
Arc 5 connecting 7 and 5 with cost 1.61466 
Arc 6 connecting 5 and 10 with cost 11.4906 
Arc 7 connecting 10 and 4 with cost 4.31275 
Arc 8 connecting 4 and 8 with cost 5.54215 
Arc 9 connecting 8 and 11 with cost 1.22306 
Drone served customers
Drone flies from stage 1 to stage 5
Drone flies from stage 5 to stage 8
Drone flies from stage 5 to stage 8 to serve customer 3
Drone flies from stage 1 to stage 5 to serve customer 9
1
Customer 3 served by drone.
Y_val: 1
W_val: 1
Drone fly from 7 at stage 5 to serve 3 and then fly back to 4 at stage 8. 
Truck travel time from stage 5 to 8 is: 17.418
Start arc cost: 13.0868, end arc cost: 4.76116. Total drone travel time: 17.848
Drone arrival time: 36.7408
Truck arrival time: 36.7408
Truck departure time = max(d/a, t/a) plus (sl/sr): 37.7408
1
Customer 9 served by drone.
Y_val: 1
W_val: 1
Drone fly from 0 at stage 1 to serve 9 and then fly back to 7 at stage 5. 
Truck travel time from stage 1 to 5 is: 16.8928
Start arc cost: 2.01504, end arc cost: 12.0944. Total drone travel time: 14.1095
Drone arrival time: 14.1095
Truck arrival time: 16.8928
Truck departure time = max(d/a, t/a) plus (sl/sr): 18.8928
Done!
-------------------------Re-calculated objective-----------------------
44.506
------------------------------------------------------------------------
Solve time: 5.323
OBJECTIVE VALUE: 44.506, NUMBER OF SORTIES: 2.
In write mode
