Instance name: /home/cuong/CLionProjects/uMV-FSTSP/rand_generated_instances/v10
Write arg val: 1

drone speed: 1 miles/minute
uav non-eligible customer: 1 14 
Travel time is in self-calculate mode. tau/tau_prime provided from instance file will be disregarded.
Printing tau:
0 25.6034 26.8024 19.7963 13.4534 23.8453 12.1783 9.67011 23.9493 20.2135 11.5164 26.7389 21.2787 0 
25.6034 0 1.20208 9.01259 16.0841 3.37224 17.8506 19.2053 1.76603 12.0957 21.023 1.41179 20.3075 25.6034 
26.8024 1.20208 0 9.99332 17.123 4.23136 18.9762 20.3705 2.90576 12.8271 22.1409 0.773736 21.107 26.8024 
19.7963 9.01259 9.99332 0 15.323 5.79062 9.53903 11.4456 8.31459 15.3632 12.5585 10.421 11.6486 19.7963 
13.4534 16.0841 17.123 15.323 0 15.9909 15.0846 14.0607 14.334 6.93984 17.252 16.7409 23.8105 13.4534 
23.8453 3.37224 4.23136 5.79062 15.9909 0 15.0223 16.6152 3.3807 13.4168 18.1465 4.73554 16.9368 23.8453 
12.1783 17.8506 18.9762 9.53903 15.0846 15.0223 0 2.51432 16.653 18.9794 3.18856 19.2337 9.64477 12.1783 
9.67011 19.2053 20.3705 11.4456 14.0607 16.6152 2.51432 0 17.8596 18.7545 3.19741 20.5485 11.8997 9.67011 
23.9493 1.76603 2.90576 8.31459 14.334 3.3807 16.653 17.8596 0 10.617 19.84 2.79534 19.8793 23.9493 
20.2135 12.0957 12.8271 15.3632 6.93984 13.4168 18.9794 18.7545 10.617 0 21.7511 12.2274 26.0808 20.2135 
11.5164 21.023 22.1409 12.5585 17.252 18.1465 3.18856 3.19741 19.84 21.7511 0 22.4102 9.81579 11.5164 
26.7389 1.41179 0.773736 10.421 16.7409 4.73554 19.2337 20.5485 2.79534 12.2274 22.4102 0 21.6659 26.7389 
21.2787 20.3075 21.107 11.6486 23.8105 16.9368 9.64477 11.8997 19.8793 26.0808 9.81579 21.6659 0 21.2787 
0 0 0 0 0 0 0 0 0 0 0 0 0 0 
Printing tau_prime:
0 6.40085 6.70061 4.94908 3.36335 5.96134 3.04458 2.41753 5.98732 5.05338 2.8791 6.68472 5.31968 0 
6.40085 0 0.300519 2.25315 4.02101 0.843061 4.46264 4.80132 0.441507 3.02393 5.25574 0.352947 5.07687 6.40085 
6.70061 0.300519 0 2.49833 4.28075 1.05784 4.74405 5.09264 0.726441 3.20677 5.53522 0.193434 5.27674 6.70061 
4.94908 2.25315 2.49833 0 3.83076 1.44766 2.38476 2.86141 2.07865 3.8408 3.13962 2.60525 2.91214 4.94908 
3.36335 4.02101 4.28075 3.83076 0 3.99772 3.77114 3.51518 3.58351 1.73496 4.31299 4.18522 5.95262 3.36335 
5.96134 0.843061 1.05784 1.44766 3.99772 0 3.75558 4.1538 0.845174 3.35419 4.53662 1.18388 4.23419 5.96134 
3.04458 4.46264 4.74405 2.38476 3.77114 3.75558 0 0.628581 4.16324 4.74486 0.79714 4.80843 2.41119 3.04458 
2.41753 4.80132 5.09264 2.86141 3.51518 4.1538 0.628581 0 4.46491 4.68862 0.799352 5.13713 2.97493 2.41753 
5.98732 0.441507 0.726441 2.07865 3.58351 0.845174 4.16324 4.46491 0 2.65426 4.95999 0.698836 4.96983 5.98732 
5.05338 3.02393 3.20677 3.8408 1.73496 3.35419 4.74486 4.68862 2.65426 0 5.43777 3.05684 6.52019 5.05338 
2.8791 5.25574 5.53522 3.13962 4.31299 4.53662 0.79714 0.799352 4.95999 5.43777 0 5.60254 2.45395 2.8791 
6.68472 0.352947 0.193434 2.60525 4.18522 1.18388 4.80843 5.13713 0.698836 3.05684 5.60254 0 5.41646 6.68472 
5.31968 5.07687 5.27674 2.91214 5.95262 4.23419 2.41119 2.97493 4.96983 6.52019 2.45395 5.41646 0 5.31968 
0 0 0 0 0 0 0 0 0 0 0 0 0 0 
Printing number of nodes: 13

Warning:  Output names have been modified due to duplicate names or characters invalid in LP format.
Version identifier: 22.1.1.0 | 2022-11-28 | 9160aff4d
CPXPARAM_Emphasis_MIP                            2
CPXPARAM_MIP_Tolerances_Integrality              0
Tried aggregator 2 times.
MIP Presolve eliminated 11520 rows and 1719 columns.
MIP Presolve modified 6689 coefficients.
Aggregator did 28 substitutions.
Reduced MIP has 2778 rows, 6094 columns, and 77394 nonzeros.
Reduced MIP has 6069 binaries, 0 generals, 0 SOSs, and 0 indicators.
Presolve time = 0.07 sec. (151.63 ticks)
Probing fixed 105 vars, tightened 0 bounds.
Probing time = 0.06 sec. (168.88 ticks)
Tried aggregator 2 times.
Detecting symmetries...
MIP Presolve eliminated 35 rows and 105 columns.
MIP Presolve modified 169 coefficients.
Aggregator did 2 substitutions.
Reduced MIP has 2741 rows, 5987 columns, and 76448 nonzeros.
Reduced MIP has 5962 binaries, 0 generals, 0 SOSs, and 0 indicators.
Presolve time = 0.04 sec. (82.31 ticks)
Probing time = 0.00 sec. (8.93 ticks)
Clique table members: 31400.
MIP emphasis: optimality.
MIP search method: dynamic search.
Parallel mode: deterministic, using up to 20 threads.
Root relaxation solution time = 0.39 sec. (708.89 ticks)

        Nodes                                         Cuts/
   Node  Left     Objective  IInf  Best Integer    Best Bound    ItCnt     Gap

      0     0       49.4079   238                     49.4079       36         
      0     0       49.5560   189                    Cuts: 26     2947         
      0     0       51.5100   212                    Cuts: 26     4035         
*     0+    0                        22816.7633       51.5100            99.77%
      0     0       51.5137   254    22816.7633      Cuts: 38     4668   99.77%
*     0+    0                          103.3046       51.5137            50.13%
*     0+    0                          101.5703       51.5137            49.28%
*     0+    0                           93.8426       51.5137            45.11%
*     0+    0                           89.8322       51.5137            42.66%
*     0+    0                           79.7975       51.5137            35.44%
      0     0  -1.00000e+75     0       79.7975       51.5137     4668   35.44%
      0     0       51.5975   221       79.7975  ZeroHalf: 27     6253   30.68%
*     0+    0                           67.7347       55.3195            18.33%
      0     0       52.5110   203       67.7347      Cuts: 19     8931   18.33%
Detecting symmetries...
      0     0       52.5112   217       67.7347  ZeroHalf: 16     9425   18.33%
*     0+    0                           67.6252       55.3195            18.20%
      0     0  -1.00000e+75     0       67.6252       55.3195     9425   18.20%
      0     0       52.9805   223       67.6252   ZeroHalf: 5    13061   18.20%
      0     0       53.0170   209       67.6252  ZeroHalf: 26    13544   18.20%
      0     0       53.0185   199       67.6252  ZeroHalf: 27    13893   16.16%
      0     0       53.0597   235       67.6252  ZeroHalf: 20    14910   16.16%
*     0+    0                           66.6068       56.6945            14.88%
Detecting symmetries...
      0     2       53.0597   209       66.6068       57.9652    14910   12.97%
Elapsed time = 4.97 sec. (8111.40 ticks, tree = 0.02 MB, solutions = 9)
      3     3       56.5519   196       66.6068       57.9652    17870   12.97%
     40     8       63.8575   113       66.6068       57.9652    23045   12.97%
     58     5       54.5249   170       66.6068       57.9652    29222   12.97%
     62     5       57.0952   171       66.6068       57.9652    35220   12.97%
     70     6       57.5512   184       66.6068       57.9652    42423   12.97%
     80     7       57.5826   170       66.6068       57.9652    45721   12.97%
    130    13        cutoff             66.6068       57.9652    67264   12.97%
    192    15        cutoff             66.6068       59.4225    87821   10.79%
    250    19       61.6317   118       66.6068       59.8680   100221   10.12%
    321    11       60.6757   137       66.6068       60.6536   142299    8.94%
Elapsed time = 7.42 sec. (11690.69 ticks, tree = 0.09 MB, solutions = 9)
    446    11       64.4753   108       66.6068       62.3987   183146    6.32%
    509     4       65.8306   152       66.6068       65.8306   231337    1.17%

Cover cuts applied:  2
Implied bound cuts applied:  14
Zero-half cuts applied:  42
Gomory fractional cuts applied:  3

Root node processing (before b&c):
  Real time             =    4.77 sec. (7929.20 ticks)
Parallel b&c, 20 threads:
  Real time             =    4.22 sec. (5715.92 ticks)
  Sync time (average)   =    2.95 sec.
  Wait time (average)   =    0.00 sec.
                          ------------
Total (root+branch&cut) =    9.00 sec. (13645.13 ticks)
Feasible solution found!
Truck nodes:
Stage 1 at customer 0 with arrival time is: 0
Stage 1 at customer 0 with departure time is: 0
Stage 2 at customer 7 with arrival time is: 9.67011
Stage 2 at customer 7 with departure time is: 11.6701
Stage 3 at customer 6 with arrival time is: 14.1844
Stage 3 at customer 6 with departure time is: 16.1844
Stage 4 at customer 3 with arrival time is: 25.7235
Stage 4 at customer 3 with departure time is: 27.7235
Stage 5 at customer 5 with arrival time is: 33.5141
Stage 5 at customer 5 with departure time is: 33.5141
Stage 6 at customer 1 with arrival time is: 36.8863
Stage 6 at customer 1 with departure time is: 36.8863
Stage 7 at customer 2 with arrival time is: 38.0884
Stage 7 at customer 2 with departure time is: 39.0884
Stage 8 at customer 11 with arrival time is: 39.8621
Stage 8 at customer 11 with departure time is: 39.8621
Stage 9 at customer 8 with arrival time is: 42.6575
Stage 9 at customer 8 with departure time is: 42.6575
Stage 10 at customer 13 with arrival time is: 66.6068
Stage 10 at customer 13 with departure time is: 66.6068
Truck arcs:
Arc 1 connecting 0 and 7 with cost 9.67011 
Arc 2 connecting 7 and 6 with cost 2.51432 
Arc 3 connecting 6 and 3 with cost 9.53903 
Arc 4 connecting 3 and 5 with cost 5.79062 
Arc 5 connecting 5 and 1 with cost 3.37224 
Arc 6 connecting 1 and 2 with cost 1.20208 
Arc 7 connecting 2 and 11 with cost 0.773736 
Arc 8 connecting 11 and 8 with cost 2.79534 
Arc 9 connecting 8 and 13 with cost 23.9493 
Drone served customers
Drone flies from stage 1 to stage 2
Drone flies from stage 2 to stage 3
Drone flies from stage 3 to stage 4
Drone flies from stage 4 to stage 7
Drone flies from stage 1 to stage 2 to serve customer 4
Drone flies from stage 3 to stage 4 to serve customer 9
Drone flies from stage 2 to stage 3 to serve customer 10
Drone flies from stage 4 to stage 7 to serve customer 12
1
Customer 4 served by drone.
Y_val: 1
W_val: 1
Drone fly from 0 at stage 1 to serve 4 and then fly back to 7 at stage 2. 
Truck travel time from stage 1 to 2 is: 9.67011
Start arc cost: 3.36335, end arc cost: 3.51518. Total drone travel time: 6.87853
Drone arrival time: 6.87853
Truck arrival time: 9.67011
Truck departure time = max(d/a, t/a) plus (sl/sr): 11.6701
1
Customer 9 served by drone.
Y_val: 1
W_val: 1
Drone fly from 6 at stage 3 to serve 9 and then fly back to 3 at stage 4. 
Truck travel time from stage 3 to 4 is: 9.53903
Start arc cost: 4.74486, end arc cost: 3.8408. Total drone travel time: 8.58566
Drone arrival time: 24.7701
Truck arrival time: 25.7235
Truck departure time = max(d/a, t/a) plus (sl/sr): 27.7235
1
Customer 10 served by drone.
Y_val: 1
W_val: 1
Drone fly from 7 at stage 2 to serve 10 and then fly back to 6 at stage 3. 
Truck travel time from stage 2 to 3 is: 2.51432
Start arc cost: 0.799352, end arc cost: 0.79714. Total drone travel time: 1.59649
Drone arrival time: 13.2666
Truck arrival time: 14.1844
Truck departure time = max(d/a, t/a) plus (sl/sr): 16.1844
1
Customer 12 served by drone.
Y_val: 1
W_val: 1
Drone fly from 3 at stage 4 to serve 12 and then fly back to 2 at stage 7. 
Truck travel time from stage 4 to 7 is: 10.3649
Start arc cost: 2.91214, end arc cost: 5.27674. Total drone travel time: 8.18888
Drone arrival time: 35.9123
Truck arrival time: 38.0884
Truck departure time = max(d/a, t/a) plus (sl/sr): 39.0884
Done!
-------------------------Re-calculated objective-----------------------
66.6068
------------------------------------------------------------------------
Solve time: 9.001
OBJECTIVE VALUE: 66.6068, NUMBER OF SORTIES: 4.
In write mode
