Instance name: /home/cuong/CLionProjects/uMV-FSTSP/rand_generated_instances/v13
Write arg val: 1

drone speed: 1 miles/minute
uav non-eligible customer: 14 
Travel time is in self-calculate mode. tau/tau_prime provided from instance file will be disregarded.
Printing tau:
0 18.4174 14.2675 2.32894 12.1636 8.32785 2.38613 4.27149 18.0016 16.9108 10.399 11.2686 15.5492 0 
18.4174 0 21.0986 17.3876 15.267 14.0656 16.0838 14.4027 18.4622 15.3979 13.9986 11.7285 3.16742 18.4174 
14.2675 21.0986 0 16.1155 24.4104 8.53831 14.4875 12.8099 30.3692 28.3652 22.2605 9.49993 18.1272 14.2675 
2.32894 17.3876 16.1155 0 9.84561 9.28248 1.96431 4.42022 15.6727 14.615 8.12983 11.8242 14.7175 2.32894 
12.1636 15.267 24.4104 9.84561 0 16.1139 10.5851 11.6549 6.00538 4.8511 2.17363 17.0233 14.1642 12.1636 
8.32785 14.0656 8.53831 9.28248 16.1139 0 7.3415 5.04059 21.9926 19.8721 13.9423 3.30738 10.9022 8.32785 
2.38613 16.0838 14.4875 1.96431 10.5851 7.3415 0 2.46474 16.5576 15.1675 8.63672 9.86492 13.269 2.38613 
4.27149 14.4027 12.8099 4.42022 11.6549 5.04059 2.46474 0 17.6508 15.8902 9.54049 7.4041 11.4279 4.27149 
18.0016 18.4622 30.3692 15.6727 6.00538 21.9926 16.5576 17.6508 0 3.07288 8.11644 22.6149 18.2569 18.0016 
16.9108 15.3979 28.3652 14.615 4.8511 19.8721 15.1675 15.8902 3.07288 0 6.53698 20.1762 15.29 16.9108 
10.399 13.9986 22.2605 8.12983 2.17363 13.9423 8.63672 9.54049 8.11644 6.53698 0 14.8787 12.5585 10.399 
11.2686 11.7285 9.49993 11.8242 17.0233 3.30738 9.86492 7.4041 22.6149 20.1762 14.8787 0 8.67176 11.2686 
15.5492 3.16742 18.1272 14.7175 14.1642 10.9022 13.269 11.4279 18.2569 15.29 12.5585 8.67176 0 15.5492 
0 0 0 0 0 0 0 0 0 0 0 0 0 0 
Printing tau_prime:
0 4.60436 3.56687 0.582235 3.04089 2.08196 0.596532 1.06787 4.50039 4.22769 2.59975 2.81716 3.88731 0 
4.60436 0 5.27466 4.34689 3.81675 3.51639 4.02094 3.60068 4.61556 3.84947 3.49964 2.93211 0.791856 4.60436 
3.56687 5.27466 0 4.02887 6.1026 2.13458 3.62187 3.20247 7.59229 7.09129 5.56513 2.37498 4.5318 3.56687 
0.582235 4.34689 4.02887 0 2.4614 2.32062 0.491077 1.10506 3.91817 3.65375 2.03246 2.95605 3.67937 0.582235 
3.04089 3.81675 6.1026 2.4614 0 4.02849 2.64627 2.91373 1.50134 1.21278 0.543408 4.25582 3.54106 3.04089 
2.08196 3.51639 2.13458 2.32062 4.02849 0 1.83538 1.26015 5.49815 4.96803 3.48557 0.826845 2.72555 2.08196 
0.596532 4.02094 3.62187 0.491077 2.64627 1.83538 0 0.616186 4.13939 3.79187 2.15918 2.46623 3.31725 0.596532 
1.06787 3.60068 3.20247 1.10506 2.91373 1.26015 0.616186 0 4.4127 3.97254 2.38512 1.85102 2.85697 1.06787 
4.50039 4.61556 7.59229 3.91817 1.50134 5.49815 4.13939 4.4127 0 0.76822 2.02911 5.65371 4.56424 4.50039 
4.22769 3.84947 7.09129 3.65375 1.21278 4.96803 3.79187 3.97254 0.76822 0 1.63425 5.04405 3.8225 4.22769 
2.59975 3.49964 5.56513 2.03246 0.543408 3.48557 2.15918 2.38512 2.02911 1.63425 0 3.71967 3.13964 2.59975 
2.81716 2.93211 2.37498 2.95605 4.25582 0.826845 2.46623 1.85102 5.65371 5.04405 3.71967 0 2.16794 2.81716 
3.88731 0.791856 4.5318 3.67937 3.54106 2.72555 3.31725 2.85697 4.56424 3.8225 3.13964 2.16794 0 3.88731 
0 0 0 0 0 0 0 0 0 0 0 0 0 0 
Printing number of nodes: 13

Warning:  Output names have been modified due to duplicate names or characters invalid in LP format.
Version identifier: 22.1.1.0 | 2022-11-28 | 9160aff4d
CPXPARAM_Emphasis_MIP                            2
CPXPARAM_MIP_Tolerances_Integrality              0
Tried aggregator 2 times.
MIP Presolve eliminated 11360 rows and 1343 columns.
MIP Presolve modified 7557 coefficients.
Aggregator did 50 substitutions.
Reduced MIP has 2915 rows, 6448 columns, and 83622 nonzeros.
Reduced MIP has 6423 binaries, 0 generals, 0 SOSs, and 0 indicators.
Presolve time = 0.09 sec. (166.73 ticks)
Found incumbent of value 21511.980197 after 0.15 sec. (288.25 ticks)
Probing time = 0.01 sec. (10.43 ticks)
Tried aggregator 2 times.
Detecting symmetries...
MIP Presolve eliminated 21 rows and 0 columns.
MIP Presolve modified 173 coefficients.
Aggregator did 2 substitutions.
Reduced MIP has 2892 rows, 6446 columns, and 83597 nonzeros.
Reduced MIP has 6421 binaries, 0 generals, 0 SOSs, and 0 indicators.
Presolve time = 0.07 sec. (92.61 ticks)
Probing time = 0.01 sec. (9.37 ticks)
Clique table members: 33063.
MIP emphasis: optimality.
MIP search method: dynamic search.
Parallel mode: deterministic, using up to 20 threads.
Root relaxation solution time = 0.33 sec. (693.64 ticks)

        Nodes                                         Cuts/
   Node  Left     Objective  IInf  Best Integer    Best Bound    ItCnt     Gap

*     0+    0                        21511.9802        2.3289            99.99%
      0     0       31.9303   236    21511.9802       31.9303       31   99.85%
*     0+    0                           65.9593       31.9303            51.59%
      0     0       35.1384   235       65.9593      Cuts: 31     2331   46.73%
*     0+    0                           60.9135       35.1384            42.31%
      0     0       35.6373   229       60.9135      Cuts: 21     2679   41.50%
      0     0       35.9815   201       60.9135   ZeroHalf: 9     3327   40.93%
      0     0       36.0031   211       60.9135      Cuts: 25     3831   40.89%
      0     0       36.0361   274       60.9135      Cuts: 19     4933   40.84%
Detecting symmetries...
      0     0       36.0370   283       60.9135      Cuts: 14     5533   40.84%
      0     0       36.0386   310       60.9135      Cuts: 16     6112   40.79%
*     0+    0                           58.9334       36.0656            38.80%
*     0+    0                           56.8980       36.0665            36.61%
      0     0  -1.00000e+75     0       56.8980       36.0665     6112   36.61%
Detecting symmetries...
      0     2       36.0386   308       56.8980       36.0665     6112   36.61%
Elapsed time = 5.04 sec. (7631.92 ticks, tree = 0.02 MB, solutions = 5)
      1     3       36.1137   223       56.8980       36.0665     7600   36.61%
     15    16       39.0563   181       56.8980       36.0665    12246   36.61%
*   154+   99                           54.4842       36.0665            33.80%
    190    82       40.7254    74       54.4842       36.0665    26475   33.80%
    516   331       50.2699    29       54.4842       36.0665    79762   33.80%
    780   460       46.0318    88       54.4842       36.0665   105697   33.80%
   1000   660       40.1836    89       54.4842       36.0665   138064   33.80%
   1035   780       41.1967   108       54.4842       36.0665   162093   33.80%
   1317   854       39.3943    70       54.4842       36.1350   169098   33.68%
   1677  1060       46.2354    92       54.4842       36.1350   188633   33.68%
   2521  1753       53.3563    85       54.4842       36.1350   311434   33.68%
Elapsed time = 8.04 sec. (10788.21 ticks, tree = 5.44 MB, solutions = 6)
   3030  2354       40.7766   133       54.4842       36.1415   457418   33.67%
   3519  2742       48.4343   193       54.4842       36.1415   564442   33.67%
*  3976+ 3087                           54.4842       36.1415            33.67%
   4155  3149       43.3190    90       54.4842       36.1415   671454   33.67%

Performing restart 1

Repeating presolve.
Tried aggregator 2 times.
MIP Presolve eliminated 21 rows and 173 columns.
MIP Presolve modified 25268 coefficients.
Aggregator did 1 substitutions.
Reduced MIP has 2870 rows, 6272 columns, and 67855 nonzeros.
Reduced MIP has 6247 binaries, 0 generals, 0 SOSs, and 0 indicators.
Presolve time = 0.05 sec. (115.58 ticks)
Tried aggregator 1 time.
Reduced MIP has 2870 rows, 6272 columns, and 67855 nonzeros.
Reduced MIP has 6247 binaries, 0 generals, 0 SOSs, and 0 indicators.
Presolve time = 0.03 sec. (65.44 ticks)
Represolve time = 0.16 sec. (328.70 ticks)
   4697     0       36.1214   379       54.4842      Cuts: 14   848847   33.67%
*  4697+    0                           53.5885       36.1415            32.56%
   4697     0       36.1221   343       53.5885       Cuts: 3   849687   32.56%
   4697     0       36.1221   356       53.5885       Cuts: 4   849815   32.56%
*  4697+    0                           53.5634       36.1415            32.53%
   4697     0  -1.00000e+75     0       53.5634       36.1415   849815   32.53%
   4697     0       36.1221   350       53.5634   Flowcuts: 1   849950   32.53%
*  4697+    0                           53.1826       36.1415            32.04%
   4697     0       36.1221   353       53.1826   Flowcuts: 1   849986   31.88%
   4697     0       36.1222   354       53.1826       Cuts: 4   850070   31.88%
   4697     2       36.1222   354       53.1826       36.2281   850070   31.88%
   4699     3       36.1316   348       53.1826       36.2281   851323   31.88%
   4701     3       36.1509   239       53.1826       36.2281   851734   31.88%
   4702     3       36.1782   370       53.1826       36.2281   853041   31.88%
   4705     4       36.2020   241       53.1826       36.2281   853252   31.88%
   4710     7       42.1601   103       53.1826       36.2281   863545   31.88%
   4760    35       46.8132    54       53.1826       36.2281   878117   31.88%
Elapsed time = 27.69 sec. (43197.17 ticks, tree = 0.03 MB, solutions = 9)
   4903    54       49.9108    54       53.1826       36.6039   884057   31.17%
   5221   194       44.1610   314       53.1826       36.6039   926818   31.17%
   5610   378       48.4017   124       53.1826       36.6074   984361   31.17%
   6071   532       48.2078   276       53.1826       36.6074  1043594   31.17%
   6385   892       48.1752   109       53.1826       36.7002  1158956   30.99%
   6474   970       45.2448    39       53.1826       36.7002  1196579   30.99%
   6691  1048       43.0216   194       53.1826       36.7002  1229101   30.99%
   7049  1164       44.1890   165       53.1826       36.7002  1301151   30.99%
   7302  1515       46.4757   145       53.1826       36.7002  1438190   30.99%
   7565  1532       44.3268   168       53.1826       36.9217  1461424   30.58%
Elapsed time = 38.43 sec. (52819.02 ticks, tree = 3.90 MB, solutions = 9)
*  7701+ 1707                           51.6862       36.9217            28.57%
   7740  1755       38.1768   356       51.6862       36.9217  1614494   28.57%
   7886  1657       43.1688   133       51.6862       37.2207  1712699   27.99%
   8017  1758       48.8403   101       51.6862       37.4759  1822014   27.49%
   8132  1771       46.8849   132       51.6862       37.4759  1849597   27.49%
   8167  1897       39.6440   340       51.6862       37.6936  1983644   27.07%
   8204  1946       44.8793   113       51.6862       37.6936  2036718   27.07%
   8296  1983       49.9536   135       51.6862       37.6936  2067744   27.07%
   8429  1998       49.6128    99       51.6862       37.6936  2078356   27.07%
   8597  2186       38.8053   401       51.6862       37.6936  2264452   27.07%
   8764  2199       38.7517   315       51.6862       37.6936  2279618   27.07%
Elapsed time = 48.73 sec. (62430.03 ticks, tree = 6.70 MB, solutions = 10)
   8914  2391       50.9958    84       51.6862       37.9095  2530496   26.65%
   9081  2419       50.7242   131       51.6862       37.9095  2574016   26.65%
   9293  2491       40.0062   261       51.6862       37.9095  2629698   26.65%
   9469  2756        cutoff             51.6862       37.9634  2871904   26.55%
   9564  2729       41.6197   167       51.6862       37.9756  2858483   26.53%
   9608  2876       50.6015    98       51.6862       37.9951  2991388   26.49%
   9679  3016       38.9464   373       51.6862       38.0412  3148050   26.40%
   9858  3042       49.8153   123       51.6862       38.1028  3188004   26.28%
  10088  3141       39.7853   265       51.6862       38.1908  3277522   26.11%
  10257  3154        cutoff             51.6862       38.1908  3296872   26.11%
Elapsed time = 59.20 sec. (72025.32 ticks, tree = 9.78 MB, solutions = 10)
  10470  3245       39.5631   353       51.6862       38.7973  3381243   24.94%
  10668  3404       42.6599   279       51.6862       38.7973  3585278   24.94%
  10792  3677       48.4279   143       51.6862       39.2571  3864330   24.05%
  10837  3792       39.5833   211       51.6862       39.4504  3945842   23.67%
  10962  3808       49.8366   162       51.6862       39.4504  3967901   23.67%
  11178  3855       41.7878   226       51.6862       39.5002  4017210   23.58%
  11354  3864       49.7589   266       51.6862       39.7411  4040805   23.11%
  11454  3954       45.5296   153       51.6862       39.7725  4137559   23.05%
  11513  4121       41.3849   204       51.6862       39.9411  4290626   22.72%
  11587  4211       50.6069   129       51.6862       39.9411  4371784   22.72%
Elapsed time = 69.66 sec. (81691.37 ticks, tree = 13.09 MB, solutions = 10)
  11815  4280       41.6342   338       51.6862       39.9665  4437665   22.67%
  12075  4292       43.2816   227       51.6862       39.9725  4445790   22.66%
  12296  4317       43.6568   173       51.6862       40.3208  4482134   21.99%
  12564  4509        cutoff             51.6862       40.4652  4646037   21.71%
  12788  4754       42.2524   206       51.6862       40.6437  4867163   21.36%
  12884  4928       42.8668   249       51.6862       40.8372  5017803   20.99%
  12942  5009       42.0654   253       51.6862       40.8937  5077098   20.88%
  13087  5159       51.2834   158       51.6862       40.8937  5214122   20.88%
  13355  5223       44.3967   173       51.6862       40.9034  5269487   20.86%
  13639  5177       42.5471   276       51.6862       41.1176  5231186   20.45%
Elapsed time = 80.00 sec. (91250.24 ticks, tree = 16.32 MB, solutions = 10)
  13822  5268       44.9775   178       51.6862       41.2814  5312948   20.13%
  13903  5732       41.5673   253       51.6862       41.3725  5652134   19.95%
  14027  5761       47.4603   115       51.6862       41.3725  5672302   19.95%
  14249  5781       51.4641    91       51.6862       41.3725  5681257   19.95%
  14583  5779       49.8339   137       51.6862       41.4874  5688803   19.73%
  14973  5832       50.5659    83       51.6862       41.4874  5731280   19.73%
  15331  6157       42.6891   241       51.6862       41.7489  5949472   19.23%
  15639  6424       49.5343   114       51.6862       41.7983  6118084   19.13%
  15744  6617       44.7454   133       51.6862       41.9403  6261456   18.86%
  15828  6938       50.0819   230       51.6862       41.9936  6482772   18.75%
Elapsed time = 90.43 sec. (100813.23 ticks, tree = 22.09 MB, solutions = 10)
  16056  6975        cutoff             51.6862       41.9936  6512449   18.75%
  16426  6983       44.7797    78       51.6862       42.1225  6504809   18.50%
  16819  7015       42.8077   180       51.6862       42.2765  6541030   18.21%
  17146  7185       45.0242   189       51.6862       42.4448  6637140   17.88%
  17332  7816       44.7842   155       51.6862       42.4969  7013432   17.78%
  17411  7944       45.4325   160       51.6862       42.5256  7085558   17.72%
  17478  7958       50.8353   112       51.6862       42.5534  7101530   17.67%
  17596  8025       45.7190   143       51.6862       42.5534  7136239   17.67%
  17889  8101        cutoff             51.6862       42.6454  7182643   17.49%
* 17938+ 8064                           51.6332       42.6454            17.41%
  18331  8162       43.8649   114       51.6332       42.7879  7223603   17.13%
Elapsed time = 100.99 sec. (110399.30 ticks, tree = 26.14 MB, solutions = 11)
  18806  8358       45.5491    84       51.6332       42.7879  7326788   17.13%
  19184  8274       46.5454   123       51.6332       42.7879  7301255   17.13%
  19443  8428       51.1037   248       51.6332       42.9290  7393725   16.86%
  19592  9116       46.5270   162       51.6332       42.9960  7774932   16.73%
  19750  9346       43.3485   163       51.6332       43.0533  7903664   16.62%
  20016  9356       43.4760   261       51.6332       43.0699  7898860   16.58%
  20468  9393       45.1042   245       51.6332       43.0699  7954109   16.58%
  20904  9388       43.7689   240       51.6332       43.2081  7956835   16.32%
  21492  9824        cutoff             51.6332       43.2462  8219900   16.24%
  22939 11114       50.5329    75       51.6332       43.4417  8922292   15.86%
Elapsed time = 114.67 sec. (122854.22 ticks, tree = 36.28 MB, solutions = 11)
  23703 11283       47.4064    93       51.6332       43.6104  9044661   15.54%
  25377 11868       44.2374   158       51.6332       43.8255  9394197   15.12%
  27502 12911       44.6332    87       51.6332       44.0176 10004806   14.75%
  28238 13916       44.6732   263       51.6332       44.2258 10551240   14.35%
  29670 14295        cutoff             51.6332       44.2959 10800433   14.21%
  31611 14742       46.6819    96       51.6332       44.5073 11061074   13.80%
  33789 16136       45.0788   241       51.6332       44.6374 11802035   13.55%
* 35982+16736                           51.5560       44.8027            13.10%
  36226 17236       47.7721   122       51.5560       44.8078 12397449   13.09%
  37762 17896       51.1263   122       51.5560       44.9642 12756895   12.79%
  38962 18856       50.0674   177       51.5560       45.0628 13194088   12.59%
Elapsed time = 156.84 sec. (161025.70 ticks, tree = 62.77 MB, solutions = 12)
  41743 19266       45.5716   246       51.5560       45.1881 13351187   12.35%
  43084 20887       47.4574    92       51.5560       45.2856 14058052   12.16%
  45533 21563       50.7479   150       51.5560       45.3298 14385295   12.08%
  48595 22809       49.2912   184       51.5560       45.4359 14866127   11.87%
  49551 24536       51.4789   183       51.5560       45.5067 15554980   11.73%

Performing restart 2

Repeating presolve.
Tried aggregator 2 times.
MIP Presolve eliminated 0 rows and 164 columns.
MIP Presolve modified 502 coefficients.
Aggregator did 1 substitutions.
Reduced MIP has 2869 rows, 6107 columns, and 69041 nonzeros.
Reduced MIP has 6082 binaries, 0 generals, 0 SOSs, and 0 indicators.
Presolve time = 0.06 sec. (93.20 ticks)
Tried aggregator 1 time.
Reduced MIP has 2869 rows, 6107 columns, and 69041 nonzeros.
Reduced MIP has 6082 binaries, 0 generals, 0 SOSs, and 0 indicators.
Presolve time = 0.03 sec. (66.15 ticks)
Represolve time = 0.19 sec. (332.49 ticks)
  49616     0       36.1268   334       51.5560      Cuts: 12 15743104   11.64%
  49616     0       36.1287   344       51.5560      Cuts: 10 15744627   11.64%
  49616     0       36.1302   348       51.5560       Cuts: 6 15745631   11.64%
  49616     0       36.2878   368       51.5560   LiftProj: 7 15747814   11.64%
  49616     0       36.3130   335       51.5560      Cuts: 23 15751930   11.64%
  49616     0       36.3130   361       51.5560      Cuts: 11 15753232   11.64%
  49616     0       36.3130   388       51.5560       Cuts: 5 15756436   11.64%
  49616     0       36.3269   234       51.5560   ZeroHalf: 7 15759641   11.64%
  49616     0       36.3474   228       51.5560   ZeroHalf: 5 15762385   11.64%
  49616     2       36.3474   211       51.5560       45.5535 15762385   11.64%
  49621     5       41.4109   103       51.5560       45.5535 15766376   11.64%
  49662    10       43.3578   168       51.5560       45.5535 15775143   11.64%
  49768    54       46.2314    88       51.5560       45.5535 15847793   11.64%
  50070   153       43.1210   109       51.5560       45.5535 15913154   11.64%
Elapsed time = 216.21 sec. (253755.07 ticks, tree = 0.46 MB, solutions = 12)
  50624   356       50.7477    96       51.5560       45.5535 16002354   11.64%
  51072   588       49.9282    93       51.5560       45.5535 16149749   11.64%
  51318   760       38.9731   222       51.5560       45.5535 16263816   11.64%
  51520   949       45.8638   163       51.5560       45.5535 16448489   11.64%
  51735  1074        cutoff             51.5560       45.5535 16563766   11.64%
  52043  1240       46.0741   228       51.5560       45.5535 16731172   11.64%
  52431  1365       51.0088    74       51.5560       45.5535 16877468   11.64%
  52780  1758        cutoff             51.5560       45.5535 17234734   11.64%
  53062  1854       48.5005   174       51.5560       45.5535 17334870   11.64%
  53493  1921       46.5876   149       51.5560       45.5535 17415438   11.64%
Elapsed time = 257.39 sec. (292031.23 ticks, tree = 5.81 MB, solutions = 12)
  53973  2213       50.8621   157       51.5560       45.5535 17726455   11.64%
  54522  2454       39.5353   248       51.5560       45.5535 18001975   11.64%
  54911  2953       51.4517    93       51.5560       45.5535 18443968   11.64%
  55371  3136       39.6905   235       51.5560       45.5535 18669933   11.64%
  56075  3538        cutoff             51.5560       45.5535 18977261   11.64%
  56505  3791       47.1154   151       51.5560       45.5535 19205664   11.64%
  56965  3959       41.3650   251       51.5560       45.5535 19357261   11.64%
  57757  4210        cutoff             51.5560       45.5535 19550849   11.64%
  58642  4822       42.4751   226       51.5560       45.5535 20037477   11.64%
  59528  5467       51.1585   196       51.5560       45.5535 20466959   11.64%
Elapsed time = 297.32 sec. (330332.50 ticks, tree = 19.28 MB, solutions = 12)
  60462  5736       43.1655   245       51.5560       45.5535 20683250   11.64%
  61362  6119       50.4351   124       51.5560       45.5535 20966936   11.64%
  61862  6878       46.9162   126       51.5560       45.5535 21500202   11.64%
  62521  7000        cutoff             51.5560       45.5535 21636466   11.64%
  63512  7418       48.6369   109       51.5560       45.5535 21945642   11.64%
  64543  7891       48.1699    85       51.5560       45.5535 22264464   11.64%
  65618  8515       43.4060   237       51.5560       45.5535 22688992   11.64%
  66722  8898       47.0514   107       51.5560       45.5535 22907260   11.64%
  67897  9775       49.0584   156       51.5560       45.5535 23504463   11.64%
  69070 10254       46.4813   164       51.5560       45.5535 23802932   11.64%
Elapsed time = 336.70 sec. (368541.17 ticks, tree = 34.86 MB, solutions = 12)
  70196 10598       49.9317   284       51.5560       45.5535 23986457   11.64%
  71455 11315       45.8576   125       51.5560       45.5535 24468674   11.64%
  72659 11882       45.4063   219       51.5560       45.5535 24846321   11.64%
  73909 12361       48.1596   170       51.5560       45.5535 25140964   11.64%
  75194 13542       50.8972   101       51.5560       45.5535 25823080   11.64%
  76454 13797       45.2908   233       51.5560       45.5535 26001956   11.64%
  77791 14459       48.5169   107       51.5560       45.5535 26387977   11.64%
  79003 15382       50.5957   278       51.5560       45.5535 26944587   11.64%
  79820 15752       47.3247   186       51.5560       45.5535 27157986   11.64%
  80706 16291       49.8487   105       51.5560       45.5535 27500804   11.64%
Elapsed time = 376.93 sec. (406728.59 ticks, tree = 54.35 MB, solutions = 12)
  82053 16387       45.4877   119       51.5560       45.5535 27539003   11.64%
  83547 17344       46.6087   150       51.5560       45.5535 28042914   11.64%
  84963 17844       47.4009   112       51.5560       45.5535 28265400   11.64%
  86444 18456       45.7084    95       51.5560       45.5535 28585186   11.64%
  87873 19239       48.3630   131       51.5560       45.5535 28980609   11.64%
  89238 20121       45.6071   127       51.5560       45.5535 29420045   11.64%
  90603 20708       46.6196   270       51.5560       45.5535 29703684   11.64%
  91611 21555       45.4606   152       51.5560       45.5535 30177416   11.64%
  92421 22336       49.4714   108       51.5560       45.5535 30594301   11.64%
  93810 22438       45.9224    40       51.5560       45.5535 30668207   11.64%
Elapsed time = 422.09 sec. (444907.19 ticks, tree = 75.36 MB, solutions = 12)
  95460 23580       49.6120   219       51.5560       45.5996 31219582   11.55%
  96822 24385       49.9306   198       51.5560       45.6384 31586584   11.48%
  98305 24488       46.0285   170       51.5560       45.6847 31630827   11.39%
  99909 24945       47.3494   338       51.5560       45.7330 31925757   11.29%
 101563 25931       48.2178   128       51.5560       45.7878 32355828   11.19%
 103195 26809       47.2611   134       51.5560       45.8372 32718348   11.09%
 104729 27478       51.1005   213       51.5560       45.8892 33033284   10.99%
 105789 28731       47.7291   165       51.5560       45.9335 33601686   10.91%
 106830 29211       46.2596   175       51.5560       45.9862 33827811   10.80%
 108418 29518       49.9471   191       51.5560       46.0391 34017797   10.70%
Elapsed time = 466.00 sec. (483102.40 ticks, tree = 98.99 MB, solutions = 12)
 110093 30454       50.5826   107       51.5560       46.1047 34449183   10.57%
 111791 30933        cutoff             51.5560       46.1500 34675142   10.49%
 113392 32300       49.4151    61       51.5560       46.1908 35319612   10.41%
 114979 32342        cutoff             51.5560       46.2163 35335824   10.36%
 116812 32975        cutoff             51.5560       46.2494 35666232   10.29%
 118555 34115       46.5469    98       51.5560       46.2899 36181910   10.21%
 120162 34605       47.6083   181       51.5560       46.3390 36388089   10.12%
*120237+34916                           51.4528       46.3425             9.93%
 121794 35317       47.6143   178       51.4528       46.3804 36926465    9.86%
 122957 35528       46.7625   214       51.4528       46.4325 37034952    9.76%
 123943 36994       46.7526   164       51.4528       46.4785 37727350    9.67%
Elapsed time = 508.02 sec. (521278.01 ticks, tree = 125.41 MB, solutions = 13)
 125263 37254       48.7935   189       51.4528       46.5189 37917750    9.59%
 126924 37221       49.2105   126       51.4528       46.5547 37894737    9.52%
 128587 37611       48.1461   279       51.4528       46.5922 38145351    9.45%
 130224 38660       49.3858   123       51.4528       46.6366 38631596    9.36%
 131848 39310        cutoff             51.4528       46.6646 38978525    9.31%
 133559 40832       47.2110   116       51.4528       46.6852 39716246    9.27%
 135207 40908        cutoff             51.4528       46.7046 39766304    9.23%
