Instance name: /home/cuong/CLionProjects/uMV-FSTSP/rand_generated_instances/v31
Write arg val: 1

drone speed: 1 miles/minute
uav non-eligible customer: 14 
Travel time is in self-calculate mode. tau/tau_prime provided from instance file will be disregarded.
Printing tau:
0 17.531 18.6783 7.98233 10.1045 19.5278 9.17701 23.5785 8.69696 12.6687 15.7255 9.16694 17.1136 0 
17.531 0 20.4645 13.0115 14.823 6.91864 11.2322 6.35245 13.6618 8.03343 4.81081 17.97 4.98268 17.531 
18.6783 20.4645 0 11.9188 25.9771 15.5958 12.2448 22.5509 24.0908 12.9902 15.6582 9.72859 24.2598 18.6783 
7.98233 13.0115 11.9188 0 14.0703 12.5943 1.84723 18.0175 12.1879 5.75247 9.50024 5.11675 14.8813 7.98233 
10.1045 14.823 25.9771 14.0703 0 20.0762 13.8913 21.0357 1.88858 15.1242 16.0244 17.8291 11.5984 10.1045 
19.5278 6.91864 15.5958 12.5943 20.0762 0 10.8396 6.9556 18.5431 6.95328 4.12012 16.4559 11.8809 19.5278 
9.17701 11.2322 12.2448 1.84723 13.8913 10.8396 0 16.1703 12.0062 3.93499 7.6553 6.76365 13.3809 9.17701 
23.5785 6.35245 22.5509 18.0175 21.0357 6.9556 16.1703 0 19.9679 12.3526 8.53399 22.5387 10.0182 23.5785 
8.69696 13.6618 24.0908 12.1879 1.88858 18.5431 12.0062 19.9679 0 13.3411 14.4524 16.0316 10.9598 8.69696 
12.6687 8.03343 12.9902 5.75247 15.1242 6.95328 3.93499 12.3526 13.3411 0 3.82509 10.2229 11.2875 12.6687 
15.7255 4.81081 15.6582 9.50024 16.0244 4.12012 7.6553 8.53399 14.4524 3.82509 0 14.0418 9.12639 15.7255 
9.16694 17.97 9.72859 5.11675 17.8291 16.4559 6.76365 22.5387 16.0316 10.2229 14.0418 0 19.9951 9.16694 
17.1136 4.98268 24.2598 14.8813 11.5984 11.8809 13.3809 10.0182 10.9598 11.2875 9.12639 19.9951 0 17.1136 
0 0 0 0 0 0 0 0 0 0 0 0 0 0 
Printing tau_prime:
0 4.38275 4.66959 1.99558 2.52614 4.88196 2.29425 5.89463 2.17424 3.16717 3.93138 2.29174 4.27839 0 
4.38275 0 5.11612 3.25288 3.70576 1.72966 2.80804 1.58811 3.41546 2.00836 1.2027 4.4925 1.24567 4.38275 
4.66959 5.11612 0 2.97971 6.49427 3.89894 3.0612 5.63773 6.0227 3.24755 3.91454 2.43215 6.06495 4.66959 
1.99558 3.25288 2.97971 0 3.51756 3.14857 0.461808 4.50439 3.04698 1.43812 2.37506 1.27919 3.72033 1.99558 
2.52614 3.70576 6.49427 3.51756 0 5.01905 3.47283 5.25892 0.472145 3.78106 4.00611 4.45727 2.89961 2.52614 
4.88196 1.72966 3.89894 3.14857 5.01905 0 2.7099 1.7389 4.63576 1.73832 1.03003 4.11398 2.97021 4.88196 
2.29425 2.80804 3.0612 0.461808 3.47283 2.7099 0 4.04258 3.00154 0.983747 1.91383 1.69091 3.34522 2.29425 
5.89463 1.58811 5.63773 4.50439 5.25892 1.7389 4.04258 0 4.99198 3.08815 2.1335 5.63467 2.50455 5.89463 
2.17424 3.41546 6.0227 3.04698 0.472145 4.63576 3.00154 4.99198 0 3.33527 3.6131 4.00791 2.73994 2.17424 
3.16717 2.00836 3.24755 1.43812 3.78106 1.73832 0.983747 3.08815 3.33527 0 0.956272 2.55571 2.82188 3.16717 
3.93138 1.2027 3.91454 2.37506 4.00611 1.03003 1.91383 2.1335 3.6131 0.956272 0 3.51045 2.2816 3.93138 
2.29174 4.4925 2.43215 1.27919 4.45727 4.11398 1.69091 5.63467 4.00791 2.55571 3.51045 0 4.99878 2.29174 
4.27839 1.24567 6.06495 3.72033 2.89961 2.97021 3.34522 2.50455 2.73994 2.82188 2.2816 4.99878 0 4.27839 
0 0 0 0 0 0 0 0 0 0 0 0 0 0 
Printing number of nodes: 13

Warning:  Output names have been modified due to duplicate names or characters invalid in LP format.
Version identifier: 22.1.1.0 | 2022-11-28 | 9160aff4d
CPXPARAM_Emphasis_MIP                            2
CPXPARAM_MIP_Tolerances_Integrality              0
Tried aggregator 2 times.
MIP Presolve eliminated 11359 rows and 1343 columns.
MIP Presolve modified 7559 coefficients.
Aggregator did 50 substitutions.
Reduced MIP has 2916 rows, 6448 columns, and 83625 nonzeros.
Reduced MIP has 6423 binaries, 0 generals, 0 SOSs, and 0 indicators.
Presolve time = 0.08 sec. (167.84 ticks)
Probing time = 0.01 sec. (10.45 ticks)
Cover probing fixed 22 vars, tightened 0 bounds.
Tried aggregator 2 times.
Detecting symmetries...
MIP Presolve eliminated 23 rows and 22 columns.
MIP Presolve modified 167 coefficients.
Aggregator did 2 substitutions.
Reduced MIP has 2891 rows, 6424 columns, and 83466 nonzeros.
Reduced MIP has 6399 binaries, 0 generals, 0 SOSs, and 0 indicators.
Presolve time = 0.04 sec. (78.99 ticks)
Probing time = 0.01 sec. (9.66 ticks)
Clique table members: 33016.
MIP emphasis: optimality.
MIP search method: dynamic search.
Parallel mode: deterministic, using up to 20 threads.
Root relaxation solution time = 0.40 sec. (714.22 ticks)

        Nodes                                         Cuts/
   Node  Left     Objective  IInf  Best Integer    Best Bound    ItCnt     Gap

      0     0       41.1922   180                     41.1922       27         
      0     0       42.6502   192                    Cuts: 16     3197         
*     0+    0                           69.5300       42.6502            38.66%
      0     0       43.5322   195       69.5300      Cuts: 12     7310   37.39%
      0     0       43.5458   207       69.5300   ZeroHalf: 5     7776   37.37%
*     0+    0                           63.8945       43.5458            31.85%
*     0+    0                           61.5366       43.5458            29.24%
      0     0  -1.00000e+75     0       61.5366       43.5458     7776   29.24%
      0     0       43.5464   214       61.5366   ZeroHalf: 8     7928   29.23%
*     0+    0                           61.1917       43.5464            28.84%
      0     0       43.6087   253       61.1917   ZeroHalf: 3     9107   26.26%
Detecting symmetries...
*     0+    0                           57.2751       45.1245            21.21%
Detecting symmetries...
      0     2       43.6087   251       57.2751       45.1245     9107   21.21%
Elapsed time = 4.70 sec. (7299.36 ticks, tree = 0.02 MB, solutions = 5)
      2     4       53.6904    66       57.2751       45.1245    11119   21.21%
    428    75       56.9961    34       57.2751       45.1245    26096   21.21%
    576     6       51.0492   162       57.2751       45.1245    41664   21.21%
    686    26       55.6920   120       57.2751       45.1245    50752   21.21%
   1118    54       56.4725    42       57.2751       45.1245    75345   21.21%
*  1406    63      integral     0       56.9303       45.7655    95910   19.61%
*  1409    33      integral     0       56.8821       45.7655    93564   19.54%
*  1414    62      integral     0       55.7592       45.7655    98095   17.92%
   1618    24       55.0523   176       55.7592       46.2472   114084   17.06%
   1749    51        cutoff             55.7592       46.3349   167389   16.90%
Elapsed time = 7.16 sec. (10029.33 ticks, tree = 0.46 MB, solutions = 10)
   2721    80        cutoff             55.7592       46.3349   224430   16.90%
   3240   446        cutoff             55.7592       46.7271   320601   16.20%
   3899   900       51.9288   246       55.7592       47.2499   430823   15.26%
   4574  1237       53.8737    46       55.7592       48.1920   524139   13.57%
   5446  1727       49.9009   129       55.7592       48.1920   664175   13.57%
*  5521+ 1728                           55.7592       48.1920            13.57%
   6029  2213       49.8466   126       55.7592       48.1920   758176   13.57%
   6754  2684       55.6395   110       55.7592       48.1920   880274   13.57%

Performing restart 1

Repeating presolve.
Tried aggregator 2 times.
MIP Presolve eliminated 24 rows and 530 columns.
MIP Presolve modified 24651 coefficients.
Aggregator did 3 substitutions.
Reduced MIP has 2864 rows, 5891 columns, and 66502 nonzeros.
Reduced MIP has 5866 binaries, 0 generals, 0 SOSs, and 0 indicators.
Presolve time = 0.06 sec. (155.94 ticks)
Tried aggregator 1 time.
Reduced MIP has 2864 rows, 5891 columns, and 66502 nonzeros.
Reduced MIP has 5866 binaries, 0 generals, 0 SOSs, and 0 indicators.
Presolve time = 0.03 sec. (63.94 ticks)
Represolve time = 0.18 sec. (371.96 ticks)
   6986     0       43.8441   251       55.7592      Cuts: 23   971524   13.31%
   6986     0       43.9396   277       55.7592      Cuts: 11   971993   13.31%
   6986     0       44.0462   306       55.7592  ZeroHalf: 15   974197   13.31%
   6986     0       44.0708   350       55.7592  ZeroHalf: 21   975731   13.31%
   6986     0       44.1186   309       55.7592  ZeroHalf: 10   977434   13.31%
   6986     0       44.1802   328       55.7592      Cuts: 13   978724   13.31%
   6986     2       44.1802   328       55.7592       48.3400   978724   13.31%
   6987     3       51.8773   156       55.7592       48.3400   980482   13.31%
   6989     3       54.7972    90       55.7592       48.3400   980974   13.31%
Elapsed time = 25.93 sec. (36305.58 ticks, tree = 0.02 MB, solutions = 10)
   7000     4       44.2473   285       55.7592       48.3400   983585   13.31%
   7002     4       46.9770   214       55.7592       48.3400   984821   13.31%
   7006     4       53.0492    97       55.7592       48.3400   992569   13.31%
   7038    11       55.5162    37       55.7592       48.3400   996250   13.31%
   7100     5       53.1506    94       55.7592       48.3400  1012276   13.31%
   7114     6       54.5719    80       55.7592       48.3400  1023455   13.31%
   7151     4       54.7156   114       55.7592       48.3400  1023069   13.31%
   7171     6       55.6071   108       55.7592       48.3400  1046155   13.31%
   7195     8       54.5574   135       55.7592       48.3400  1054286   13.31%
   7240    11       53.1215   138       55.7592       48.3400  1067701   13.31%
Elapsed time = 32.50 sec. (49783.07 ticks, tree = 0.02 MB, solutions = 10)
   7562    32       54.1997    62       55.7592       48.3400  1100235   13.31%
*  8899+   59                           55.5317       48.3400            12.95%
   8909    69    infeasible             55.5317       48.3400  1146057   12.95%
   9268    39       55.2922    58       55.5317       48.3400  1232091   12.95%
   9568    19       54.2782    90       55.5317       48.3400  1259292   12.95%
   9866    11       53.5539   102       55.5317       48.3400  1278821   12.95%
  10049    24       54.1327    77       55.5317       48.3400  1314891   12.95%
  10487   119       51.2958   274       55.5317       48.6581  1443246   12.38%
  10649   196       55.3798   135       55.5317       48.9062  1499237   11.93%
  10766   295       50.2766   209       55.5317       48.9062  1587847   11.93%
  11039   328       51.8392   139       55.5317       49.2606  1613851   11.29%
Elapsed time = 42.59 sec. (59368.78 ticks, tree = 0.60 MB, solutions = 11)
  11398   434        cutoff             55.5317       49.8434  1741980   10.24%
  11795   600       51.9265   160       55.5317       50.3774  1952888    9.28%
  11901   660       51.7555   167       55.5317       51.0511  2022509    8.07%
  12148   711       52.7675   164       55.5317       51.4037  2128938    7.43%
  12661   799       52.8360   218       55.5317       51.9787  2285104    6.40%
  13356   854        cutoff             55.5317       52.3252  2376799    5.77%
  13589   910       53.8281    48       55.5317       53.2276  2579254    4.15%
  13794   873       55.0680   118       55.5317       53.8292  2605115    3.07%
  14031   735       54.3935    55       55.5317       53.8471  2670741    3.03%
  14376   628       54.8866   276       55.5317       54.3763  2715040    2.08%
Elapsed time = 53.35 sec. (68928.56 ticks, tree = 1.15 MB, solutions = 11)
* 14479+  580                           55.5317       54.4945             1.87%
  14948   320       55.3599    92       55.5317       54.5110  2763692    1.84%

Zero-half cuts applied:  28
Gomory fractional cuts applied:  6

Root node processing (before b&c):
  Real time             =    4.57 sec. (7161.33 ticks)
Parallel b&c, 20 threads:
  Real time             =   50.56 sec. (63406.18 ticks)
  Sync time (average)   =   18.46 sec.
  Wait time (average)   =    0.01 sec.
                          ------------
Total (root+branch&cut) =   55.12 sec. (70567.51 ticks)
Feasible solution found!
Truck nodes:
Stage 1 at customer 0 with arrival time is: 0
Stage 1 at customer 0 with departure time is: 0
Stage 2 at customer 3 with arrival time is: 7.98233
Stage 2 at customer 3 with departure time is: 9.98233
Stage 3 at customer 6 with arrival time is: 11.8296
Stage 3 at customer 6 with departure time is: 11.8296
Stage 4 at customer 9 with arrival time is: 15.7645
Stage 4 at customer 9 with departure time is: 18.2096
Stage 5 at customer 5 with arrival time is: 25.1629
Stage 5 at customer 5 with departure time is: 27.1629
Stage 6 at customer 10 with arrival time is: 31.283
Stage 6 at customer 10 with departure time is: 33.283
Stage 7 at customer 9 with arrival time is: 37.1081
Stage 7 at customer 9 with departure time is: 39.1081
Stage 8 at customer 6 with arrival time is: 43.0431
Stage 8 at customer 6 with departure time is: 45.3547
Stage 9 at customer 13 with arrival time is: 54.5317
Stage 9 at customer 13 with departure time is: 55.5317
Truck arcs:
Arc 1 connecting 0 and 3 with cost 7.98233 
Arc 2 connecting 3 and 6 with cost 1.84723 
Arc 3 connecting 6 and 9 with cost 3.93499 
Arc 4 connecting 9 and 5 with cost 6.95328 
Arc 5 connecting 5 and 10 with cost 4.12012 
Arc 6 connecting 10 and 9 with cost 3.82509 
Arc 7 connecting 9 and 6 with cost 3.93499 
Arc 8 connecting 6 and 13 with cost 9.17701 
Drone served customers
Drone flies from stage 1 to stage 2
Drone flies from stage 2 to stage 4
Drone flies from stage 4 to stage 5
Drone flies from stage 5 to stage 6
Drone flies from stage 6 to stage 7
Drone flies from stage 7 to stage 8
Drone flies from stage 8 to stage 9
Drone flies from stage 6 to stage 7 to serve customer 1
Drone flies from stage 2 to stage 4 to serve customer 2
Drone flies from stage 1 to stage 2 to serve customer 4
Drone flies from stage 5 to stage 6 to serve customer 7
Drone flies from stage 8 to stage 9 to serve customer 8
Drone flies from stage 7 to stage 8 to serve customer 11
Drone flies from stage 4 to stage 5 to serve customer 12
1
Customer 1 served by drone.
Y_val: 1
W_val: 1
Drone fly from 10 at stage 6 to serve 1 and then fly back to 9 at stage 7. 
Truck travel time from stage 6 to 7 is: 3.82509
Start arc cost: 1.2027, end arc cost: 2.00836. Total drone travel time: 3.21106
Drone arrival time: 36.4941
Truck arrival time: 37.1081
Truck departure time = max(d/a, t/a) plus (sl/sr): 39.1081
1
Customer 2 served by drone.
Y_val: 1
W_val: 1
Drone fly from 3 at stage 2 to serve 2 and then fly back to 9 at stage 4. 
Truck travel time from stage 2 to 4 is: 5.78222
Start arc cost: 2.97971, end arc cost: 3.24755. Total drone travel time: 6.22726
Drone arrival time: 16.2096
Truck arrival time: 15.7645
Truck departure time = max(d/a, t/a) plus (sl/sr): 18.2096
1
Customer 4 served by drone.
Y_val: 1
W_val: 1
Drone fly from 0 at stage 1 to serve 4 and then fly back to 3 at stage 2. 
Truck travel time from stage 1 to 2 is: 7.98233
Start arc cost: 2.52614, end arc cost: 3.51756. Total drone travel time: 6.0437
Drone arrival time: 6.0437
Truck arrival time: 7.98233
Truck departure time = max(d/a, t/a) plus (sl/sr): 9.98233
1
Customer 7 served by drone.
Y_val: 1
W_val: 1
Drone fly from 5 at stage 5 to serve 7 and then fly back to 10 at stage 6. 
Truck travel time from stage 5 to 6 is: 4.12012
Start arc cost: 1.7389, end arc cost: 2.1335. Total drone travel time: 3.8724
Drone arrival time: 31.0353
Truck arrival time: 31.283
Truck departure time = max(d/a, t/a) plus (sl/sr): 33.283
1
Customer 8 served by drone.
Y_val: 1
W_val: 1
Drone fly from 6 at stage 8 to serve 8 and then fly back to 13 at stage 9. 
Truck travel time from stage 8 to 9 is: 9.17701
Start arc cost: 3.00154, end arc cost: 2.17424. Total drone travel time: 5.17578
Drone arrival time: 50.5305
Truck arrival time: 54.5317
Truck departure time = max(d/a, t/a) plus (sl/sr): 55.5317
1
Customer 11 served by drone.
Y_val: 1
W_val: 1
Drone fly from 9 at stage 7 to serve 11 and then fly back to 6 at stage 8. 
Truck travel time from stage 7 to 8 is: 3.93499
Start arc cost: 2.55571, end arc cost: 1.69091. Total drone travel time: 4.24663
Drone arrival time: 43.3547
Truck arrival time: 43.0431
Truck departure time = max(d/a, t/a) plus (sl/sr): 45.3547
1
Customer 12 served by drone.
Y_val: 1
W_val: 1
Drone fly from 9 at stage 4 to serve 12 and then fly back to 5 at stage 5. 
Truck travel time from stage 4 to 5 is: 6.95328
Start arc cost: 2.82188, end arc cost: 2.97021. Total drone travel time: 5.7921
Drone arrival time: 24.0017
Truck arrival time: 25.1629
Truck departure time = max(d/a, t/a) plus (sl/sr): 27.1629
Done!
-------------------------Re-calculated objective-----------------------
55.5317
------------------------------------------------------------------------
Solve time: 55.13
OBJECTIVE VALUE: 55.5317, NUMBER OF SORTIES: 7.
In write mode
