Instance name: /home/cuong/CLionProjects/uMV-FSTSP/rand_generated_instances/v48
Write arg val: 1

drone speed: 1 miles/minute
uav non-eligible customer: 6 7 14 
Travel time is in self-calculate mode. tau/tau_prime provided from instance file will be disregarded.
Printing tau:
0 21.473 1.8088 20.0115 12.8752 23.0067 14.9712 12.7714 17.8496 17.8531 18.4915 13.0899 25.5442 0 
21.473 0 19.7953 6.59774 9.2675 14.1732 14.6281 23.807 4.17154 3.63789 20.6589 15.9097 18.617 21.473 
1.8088 19.7953 0 18.2057 11.4003 21.2731 13.3092 12.0572 16.109 16.1913 17.1606 11.5 23.9115 1.8088 
20.0115 6.59774 18.2057 0 10.911 7.72525 9.03297 18.8883 4.4472 6.57532 14.4506 10.8063 12.1852 20.0115 
12.8752 9.2675 11.4003 10.911 0 17.4821 12.9509 19.049 6.87202 5.74873 19.3328 12.8868 21.5786 12.8752 
23.0067 14.1732 21.2731 7.72525 17.4821 0 8.26 17.0844 11.9672 14.1721 9.93079 10.4228 4.46143 23.0067 
14.9712 14.6281 13.3092 9.03297 12.9509 8.26 0 9.95904 10.7176 12.5637 6.48851 2.20376 10.6152 14.9712 
12.7714 23.807 12.0572 18.8883 19.049 17.0844 9.95904 0 19.6581 21.0352 8.24316 8.08847 17.4336 12.7714 
17.8496 4.17154 16.109 4.4472 6.87202 11.9672 10.7176 19.6581 0 2.21388 16.9777 11.8337 16.3813 17.8496 
17.8531 3.63789 16.1913 6.57532 5.74873 14.1721 12.5637 21.0352 2.21388 0 18.9379 13.4584 18.5925 17.8531 
18.4915 20.6589 17.1606 14.4506 19.3328 9.93079 6.48851 8.24316 16.9777 18.9379 0 6.62404 9.31162 18.4915 
13.0899 15.9097 11.5 10.8063 12.8868 10.4228 2.20376 8.08847 11.8337 13.4584 6.62404 0 12.4695 13.0899 
25.5442 18.617 23.9115 12.1852 21.5786 4.46143 10.6152 17.4336 16.3813 18.5925 9.31162 12.4695 0 25.5442 
0 0 0 0 0 0 0 0 0 0 0 0 0 0 
Printing tau_prime:
0 5.36824 0.452201 5.00287 3.21879 5.75167 3.74281 3.19286 4.4624 4.46327 4.62288 3.27247 6.38604 0 
5.36824 0 4.94882 1.64943 2.31688 3.54329 3.65702 5.95176 1.04289 0.909474 5.16472 3.97741 4.65425 5.36824 
0.452201 4.94882 0 4.55143 2.85007 5.31828 3.3273 3.01431 4.02726 4.04783 4.29014 2.87501 5.97788 0.452201 
5.00287 1.64943 4.55143 0 2.72775 1.93131 2.25824 4.72207 1.1118 1.64383 3.61264 2.70158 3.04631 5.00287 
3.21879 2.31688 2.85007 2.72775 0 4.37052 3.23773 4.76224 1.718 1.43718 4.83321 3.2217 5.39464 3.21879 
5.75167 3.54329 5.31828 1.93131 4.37052 0 2.065 4.27109 2.9918 3.54302 2.4827 2.60569 1.11536 5.75167 
3.74281 3.65702 3.3273 2.25824 3.23773 2.065 0 2.48976 2.67939 3.14093 1.62213 0.550941 2.6538 3.74281 
3.19286 5.95176 3.01431 4.72207 4.76224 4.27109 2.48976 0 4.91453 5.2588 2.06079 2.02212 4.35839 3.19286 
4.4624 1.04289 4.02726 1.1118 1.718 2.9918 2.67939 4.91453 0 0.55347 4.24443 2.95842 4.09532 4.4624 
4.46327 0.909474 4.04783 1.64383 1.43718 3.54302 3.14093 5.2588 0.55347 0 4.73449 3.36459 4.64814 4.46327 
4.62288 5.16472 4.29014 3.61264 4.83321 2.4827 1.62213 2.06079 4.24443 4.73449 0 1.65601 2.32791 4.62288 
3.27247 3.97741 2.87501 2.70158 3.2217 2.60569 0.550941 2.02212 2.95842 3.36459 1.65601 0 3.11736 3.27247 
6.38604 4.65425 5.97788 3.04631 5.39464 1.11536 2.6538 4.35839 4.09532 4.64814 2.32791 3.11736 0 6.38604 
0 0 0 0 0 0 0 0 0 0 0 0 0 0 
Printing number of nodes: 13

Warning:  Output names have been modified due to duplicate names or characters invalid in LP format.
Version identifier: 22.1.1.0 | 2022-11-28 | 9160aff4d
CPXPARAM_Emphasis_MIP                            2
CPXPARAM_MIP_Tolerances_Integrality              0
Tried aggregator 2 times.
MIP Presolve eliminated 11681 rows and 2095 columns.
MIP Presolve modified 6139 coefficients.
Aggregator did 28 substitutions.
Reduced MIP has 2618 rows, 5718 columns, and 71323 nonzeros.
Reduced MIP has 5693 binaries, 0 generals, 0 SOSs, and 0 indicators.
Presolve time = 0.07 sec. (141.41 ticks)
Probing time = 0.01 sec. (9.78 ticks)
Cover probing fixed 3 vars, tightened 0 bounds.
Tried aggregator 2 times.
Detecting symmetries...
MIP Presolve eliminated 21 rows and 3 columns.
MIP Presolve modified 167 coefficients.
Aggregator did 2 substitutions.
Reduced MIP has 2595 rows, 5713 columns, and 71283 nonzeros.
Reduced MIP has 5688 binaries, 0 generals, 0 SOSs, and 0 indicators.
Presolve time = 0.03 sec. (67.24 ticks)
Probing time = 0.01 sec. (8.65 ticks)
Clique table members: 28502.
MIP emphasis: optimality.
MIP search method: dynamic search.
Parallel mode: deterministic, using up to 20 threads.
Root relaxation solution time = 0.79 sec. (1191.17 ticks)

        Nodes                                         Cuts/
   Node  Left     Objective  IInf  Best Integer    Best Bound    ItCnt     Gap

      0     0       53.9774   234                     53.9774      119         
*     0+    0                        21797.9785       53.9774            99.75%
      0     0       54.4244   180    21797.9785      Cuts: 27     1772   99.75%
      0     0       54.6474   225    21797.9785       Cuts: 5     2749   99.75%
      0     0       54.7211   259    21797.9785   ZeroHalf: 8     4275   99.75%
*     0+    0                           91.5653       54.7211            40.24%
*     0+    0                           85.9263       54.7211            36.32%
*     0+    0                           81.0804       54.7211            32.51%
*     0+    0                           77.2378       54.7211            29.15%
*     0+    0                           70.5181       54.7211            22.40%
      0     0       54.8599   204       70.5181   ZeroHalf: 9     4830   22.12%
      0     0       54.8881   250       70.5181       Cuts: 7     5656   22.12%
Detecting symmetries...
      0     0       55.0458   275       70.5181      Cuts: 14     6585   21.94%
*     0+    0                           69.7678       55.0458            21.10%
      0     0  -1.00000e+75     0       69.7678       55.0458     6585   21.10%
*     0+    0                           68.4168       55.0458            19.54%
      0     0       55.0534   314       68.4168       Cuts: 7     7163   19.05%
      0     0       55.1497   335       68.4168   ZeroHalf: 8     7984   19.05%
      0     0       55.2363   309       68.4168       Cuts: 9     8404   19.05%
      0     0       55.2579   311       68.4168      Cuts: 16     8955   15.41%
*     0+    0                           65.0273       57.8761            11.00%
Detecting symmetries...
      0     2       55.2579   303       65.0273       57.8761     8955   11.00%
Elapsed time = 5.17 sec. (8113.11 ticks, tree = 0.02 MB, solutions = 9)
      1     3       55.8900   153       65.0273       57.8761    10677   11.00%
      5     4       56.2239   155       65.0273       57.8761    13431   11.00%
      9     4       58.0178   243       65.0273       57.8761    15512   11.00%
*   135+   18                           63.9529       57.8761             9.50%
    185    41       61.8385   310       63.9529       57.8761    23844    9.50%
    682   303       62.1598    52       63.9529       57.8761    55797    9.50%
   1089   530       60.2481    57       63.9529       57.8761    80668    9.50%
   1169   586       58.9234    62       63.9529       57.8761    91517    9.50%
   1415   586        cutoff             63.9529       57.8761   103729    9.50%
   1730   632       63.8240   191       63.9529       57.8761   123263    9.50%
   2765   607       60.3907    48       63.9529       57.8761   210690    9.50%
Elapsed time = 8.09 sec. (11546.32 ticks, tree = 2.42 MB, solutions = 11)
   3636   883        cutoff             63.9529       57.8761   290727    9.50%
   4691  1155       58.4700   116       63.9529       57.8761   381358    9.50%
   5846  1485    infeasible             63.9529       58.5091   517572    8.51%
*  6367+ 1488                           63.9529       58.5341             8.47%
   6391  1543        cutoff             63.9529       58.5341   579093    8.47%
   7650  1987       59.9396   157       63.9529       59.2660   691732    7.33%
   8740  2200       60.4947    73       63.9529       60.1528   800644    5.94%

Performing restart 1

Repeating presolve.
Tried aggregator 2 times.
MIP Presolve eliminated 82 rows and 1033 columns.
MIP Presolve modified 19184 coefficients.
Aggregator did 31 substitutions.
Reduced MIP has 2482 rows, 4649 columns, and 53906 nonzeros.
Reduced MIP has 4624 binaries, 0 generals, 0 SOSs, and 0 indicators.
Presolve time = 0.06 sec. (129.20 ticks)
Tried aggregator 1 time.
Reduced MIP has 2482 rows, 4649 columns, and 53906 nonzeros.
Reduced MIP has 4624 binaries, 0 generals, 0 SOSs, and 0 indicators.
Presolve time = 0.03 sec. (51.42 ticks)
Represolve time = 0.18 sec. (323.84 ticks)
   9220     0       55.2807   319       63.9529      Cuts: 10   872268    5.94%
   9220     0       55.2843   342       63.9529   ZeroHalf: 8   872603    5.94%
   9220     0       55.2936   366       63.9529       Cuts: 8   873173    5.94%
   9220     0       55.3057   363       63.9529   ZeroHalf: 3   873945    5.94%
   9220     0       55.3102   394       63.9529       Cuts: 7   874636    5.94%
   9220     0       55.3102   382       63.9529   ZeroHalf: 1   874810    5.94%
   9220     0       55.3103   388       63.9529   ZeroHalf: 1   875083    5.94%
   9220     2       55.3103   371       63.9529       60.1528   875083    5.94%
   9221     3       57.0610   181       63.9529       60.1528   879060    5.94%
   9223     5       57.2682   151       63.9529       60.1528   883625    5.94%
   9228     4       57.6445   242       63.9529       60.1528   882333    5.94%
Elapsed time = 23.04 sec. (32542.55 ticks, tree = 0.02 MB, solutions = 11)
   9238     5       57.5667    86       63.9529       60.1528   885613    5.94%
   9245     5       59.0889   240       63.9529       60.1528   900240    5.94%
   9250     5       58.9722   172       63.9529       60.1528   917152    5.94%
   9256     8       57.2454   227       63.9529       60.1528   911132    5.94%
   9270     4        cutoff             63.9529       60.1528   931069    5.94%
   9284     5        cutoff             63.9529       60.1528   941106    5.94%
   9305     5       59.3212   185       63.9529       60.1528   942329    5.94%
   9334     6       57.4704   181       63.9529       60.1528   963775    5.94%
   9357     5       60.1722   161       63.9529       60.1528   962106    5.94%
   9384     6       60.7274   205       63.9529       60.1528   974459    5.94%
Elapsed time = 28.11 sec. (43345.14 ticks, tree = 0.02 MB, solutions = 11)
   9409     5       57.8480   145       63.9529       60.1528  1010750    5.94%
   9451    10       59.9064    75       63.9529       60.1528  1022411    5.94%
   9824    80       61.6094    39       63.9529       60.1528  1046082    5.94%
  10877   241       59.7425   153       63.9529       60.1528  1098577    5.94%
  13536   333        cutoff             63.9529       60.1528  1249886    5.94%
  16496    70       63.8485   109       63.9529       60.1528  1344511    5.94%
  17712   104       62.3527    65       63.9529       60.1528  1437391    5.94%
  18419   152        cutoff             63.9529       60.1528  1549587    5.94%
  19559    77       59.0235   145       63.9529       60.1528  1585384    5.94%
  20175    30        cutoff             63.9529       60.1528  1677268    5.94%
Elapsed time = 37.76 sec. (52965.26 ticks, tree = 0.11 MB, solutions = 11)

Implied bound cuts applied:  5
Flow cuts applied:  3
Mixed integer rounding cuts applied:  1
Zero-half cuts applied:  26
Lift and project cuts applied:  1
Gomory fractional cuts applied:  1

Root node processing (before b&c):
  Real time             =    4.91 sec. (7954.92 ticks)
Parallel b&c, 20 threads:
  Real time             =   33.23 sec. (45604.18 ticks)
  Sync time (average)   =   14.32 sec.
  Wait time (average)   =    0.01 sec.
                          ------------
Total (root+branch&cut) =   38.15 sec. (53559.10 ticks)
Feasible solution found!
Truck nodes:
Stage 1 at customer 0 with arrival time is: 0
Stage 1 at customer 0 with departure time is: 0
Stage 2 at customer 7 with arrival time is: 12.7714
Stage 2 at customer 7 with departure time is: 14.7714
Stage 3 at customer 11 with arrival time is: 22.8599
Stage 3 at customer 11 with departure time is: 23.8599
Stage 4 at customer 6 with arrival time is: 26.0637
Stage 4 at customer 6 with departure time is: 27.0637
Stage 5 at customer 8 with arrival time is: 37.7812
Stage 5 at customer 8 with departure time is: 39.7812
Stage 6 at customer 9 with arrival time is: 41.9951
Stage 6 at customer 9 with departure time is: 42.9951
Stage 7 at customer 4 with arrival time is: 48.7438
Stage 7 at customer 4 with departure time is: 49.7438
Stage 8 at customer 2 with arrival time is: 61.1441
Stage 8 at customer 2 with departure time is: 62.1441
Stage 9 at customer 13 with arrival time is: 63.9529
Stage 9 at customer 13 with departure time is: 63.9529
Truck arcs:
Arc 1 connecting 0 and 7 with cost 12.7714 
Arc 2 connecting 7 and 11 with cost 8.08847 
Arc 3 connecting 11 and 6 with cost 2.20376 
Arc 4 connecting 6 and 8 with cost 10.7176 
Arc 5 connecting 8 and 9 with cost 2.21388 
Arc 6 connecting 9 and 4 with cost 5.74873 
Arc 7 connecting 4 and 2 with cost 11.4003 
Arc 8 connecting 2 and 13 with cost 1.8088 
Drone served customers
Drone flies from stage 1 to stage 2
Drone flies from stage 2 to stage 3
Drone flies from stage 4 to stage 5
Drone flies from stage 5 to stage 6
Drone flies from stage 7 to stage 8
Drone flies from stage 5 to stage 6 to serve customer 1
Drone flies from stage 4 to stage 5 to serve customer 3
Drone flies from stage 2 to stage 3 to serve customer 5
Drone flies from stage 7 to stage 8 to serve customer 10
Drone flies from stage 1 to stage 2 to serve customer 12
1
Customer 1 served by drone.
Y_val: 1
W_val: 1
Drone fly from 8 at stage 5 to serve 1 and then fly back to 9 at stage 6. 
Truck travel time from stage 5 to 6 is: 2.21388
Start arc cost: 1.04289, end arc cost: 0.909474. Total drone travel time: 1.95236
Drone arrival time: 41.7336
Truck arrival time: 41.9951
Truck departure time = max(d/a, t/a) plus (sl/sr): 42.9951
1
Customer 3 served by drone.
Y_val: 1
W_val: 1
Drone fly from 6 at stage 4 to serve 3 and then fly back to 8 at stage 5. 
Truck travel time from stage 4 to 5 is: 10.7176
Start arc cost: 2.25824, end arc cost: 1.1118. Total drone travel time: 3.37004
Drone arrival time: 30.4337
Truck arrival time: 37.7812
Truck departure time = max(d/a, t/a) plus (sl/sr): 39.7812
1
Customer 5 served by drone.
Y_val: 1
W_val: 1
Drone fly from 7 at stage 2 to serve 5 and then fly back to 11 at stage 3. 
Truck travel time from stage 2 to 3 is: 8.08847
Start arc cost: 4.27109, end arc cost: 2.60569. Total drone travel time: 6.87678
Drone arrival time: 21.6482
Truck arrival time: 22.8599
Truck departure time = max(d/a, t/a) plus (sl/sr): 23.8599
1
Customer 10 served by drone.
Y_val: 1
W_val: 1
Drone fly from 4 at stage 7 to serve 10 and then fly back to 2 at stage 8. 
Truck travel time from stage 7 to 8 is: 11.4003
Start arc cost: 4.83321, end arc cost: 4.29014. Total drone travel time: 9.12335
Drone arrival time: 58.8672
Truck arrival time: 61.1441
Truck departure time = max(d/a, t/a) plus (sl/sr): 62.1441
1
Customer 12 served by drone.
Y_val: 1
W_val: 1
Drone fly from 0 at stage 1 to serve 12 and then fly back to 7 at stage 2. 
Truck travel time from stage 1 to 2 is: 12.7714
Start arc cost: 6.38604, end arc cost: 4.35839. Total drone travel time: 10.7444
Drone arrival time: 10.7444
Truck arrival time: 12.7714
Truck departure time = max(d/a, t/a) plus (sl/sr): 14.7714
Done!
-------------------------Re-calculated objective-----------------------
63.9529
------------------------------------------------------------------------
Solve time: 38.154
OBJECTIVE VALUE: 63.9529, NUMBER OF SORTIES: 5.
In write mode
