Instance name: /home/cuong/CLionProjects/uMV-FSTSP/rand_generated_instances/v49
Write arg val: 1

drone speed: 1 miles/minute
uav non-eligible customer: 3 5 11 12 14 
Travel time is in self-calculate mode. tau/tau_prime provided from instance file will be disregarded.
Printing tau:
0 1.14216 2.20959 19.398 20.7316 25.5863 20.8847 12.7502 11.9387 19.0167 11.7563 4.03521 15.7771 0 
1.14216 0 3.13501 19.9767 21.864 26.3828 21.1692 13.8788 13.0769 20.0999 12.8689 4.61673 16.8419 1.14216 
2.20959 3.13501 0 17.2992 19.4332 23.3797 19.0756 11.5582 10.3098 18.1154 10.732 2.16097 15.0068 2.20959 
19.398 19.9767 17.2992 0 22.6617 8.31014 5.82617 19.2767 16.1104 24.6994 19.847 15.3833 23.4553 19.398 
20.7316 21.864 19.4332 22.6617 0 21.5974 28.0517 7.99371 9.45769 4.28432 9.12273 19.987 6.69125 20.7316 
25.5863 26.3828 23.3797 8.31014 21.5974 0 12.998 21.2548 18.4594 24.8218 22.258 21.823 24.6925 25.5863 
20.8847 21.1692 19.0756 5.82617 28.0517 12.998 0 23.7615 20.6158 29.7041 24.1014 16.94 28.0838 20.8847 
12.7502 13.8788 11.5582 19.2767 7.99371 21.2548 23.7615 0 3.17188 6.80597 1.3728 12.3653 4.3631 12.7502 
11.9387 13.0769 10.3098 16.1104 9.45769 18.4594 20.6158 3.17188 0 9.46296 3.85569 10.596 7.46887 11.9387 
19.0167 20.0999 18.1154 24.6994 4.28432 24.8218 29.7041 6.80597 9.46296 0 7.39341 19.1053 3.35901 19.0167 
11.7563 12.8689 10.732 19.847 9.12273 22.258 24.1014 1.3728 3.85569 7.39341 0 11.7359 4.47678 11.7563 
4.03521 4.61673 2.16097 15.3833 19.987 21.823 16.94 12.3653 10.596 19.1053 11.7359 0 16.1557 4.03521 
15.7771 16.8419 15.0068 23.4553 6.69125 24.6925 28.0838 4.3631 7.46887 3.35901 4.47678 16.1557 0 15.7771 
0 0 0 0 0 0 0 0 0 0 0 0 0 0 
Printing tau_prime:
0 0.28554 0.552397 4.84949 5.1829 6.39657 5.22117 3.18755 2.98468 4.75418 2.93906 1.0088 3.94429 0 
0.28554 0 0.783752 4.99418 5.46601 6.59569 5.29231 3.46969 3.26922 5.02499 3.21722 1.15418 4.21046 0.28554 
0.552397 0.783752 0 4.32479 4.8583 5.84493 4.7689 2.88955 2.57745 4.52885 2.683 0.540242 3.7517 0.552397 
4.84949 4.99418 4.32479 0 5.66543 2.07753 1.45654 4.81917 4.02759 6.17485 4.96176 3.84584 5.86382 4.84949 
5.1829 5.46601 4.8583 5.66543 0 5.39936 7.01293 1.99843 2.36442 1.07108 2.28068 4.99675 1.67281 5.1829 
6.39657 6.59569 5.84493 2.07753 5.39936 0 3.24949 5.31369 4.61486 6.20546 5.56451 5.45574 6.17313 6.39657 
5.22117 5.29231 4.7689 1.45654 7.01293 3.24949 0 5.94037 5.15394 7.42603 6.02535 4.23501 7.02095 5.22117 
3.18755 3.46969 2.88955 4.81917 1.99843 5.31369 5.94037 0 0.792971 1.70149 0.343201 3.09132 1.09078 3.18755 
2.98468 3.26922 2.57745 4.02759 2.36442 4.61486 5.15394 0.792971 0 2.36574 0.963922 2.649 1.86722 2.98468 
4.75418 5.02499 4.52885 6.17485 1.07108 6.20546 7.42603 1.70149 2.36574 0 1.84835 4.77632 0.839754 4.75418 
2.93906 3.21722 2.683 4.96176 2.28068 5.56451 6.02535 0.343201 0.963922 1.84835 0 2.93398 1.1192 2.93906 
1.0088 1.15418 0.540242 3.84584 4.99675 5.45574 4.23501 3.09132 2.649 4.77632 2.93398 0 4.03893 1.0088 
3.94429 4.21046 3.7517 5.86382 1.67281 6.17313 7.02095 1.09078 1.86722 0.839754 1.1192 4.03893 0 3.94429 
0 0 0 0 0 0 0 0 0 0 0 0 0 0 
Printing number of nodes: 13

Warning:  Output names have been modified due to duplicate names or characters invalid in LP format.
Version identifier: 22.1.1.0 | 2022-11-28 | 9160aff4d
CPXPARAM_Emphasis_MIP                            2
CPXPARAM_MIP_Tolerances_Integrality              0
Tried aggregator 2 times.
MIP Presolve eliminated 12003 rows and 2847 columns.
MIP Presolve modified 5041 coefficients.
Aggregator did 28 substitutions.
Reduced MIP has 2298 rows, 4966 columns, and 59190 nonzeros.
Reduced MIP has 4941 binaries, 0 generals, 0 SOSs, and 0 indicators.
Presolve time = 0.06 sec. (121.04 ticks)
Found incumbent of value 24973.285397 after 0.10 sec. (207.19 ticks)
Probing time = 0.01 sec. (8.61 ticks)
Cover probing fixed 5 vars, tightened 1 bounds.
Tried aggregator 2 times.
Detecting symmetries...
MIP Presolve eliminated 21 rows and 5 columns.
MIP Presolve modified 170 coefficients.
Aggregator did 2 substitutions.
Reduced MIP has 2275 rows, 4959 columns, and 59140 nonzeros.
Reduced MIP has 4934 binaries, 0 generals, 0 SOSs, and 0 indicators.
Presolve time = 0.03 sec. (63.22 ticks)
Probing time = 0.01 sec. (8.23 ticks)
Clique table members: 23941.
MIP emphasis: optimality.
MIP search method: dynamic search.
Parallel mode: deterministic, using up to 20 threads.
Root relaxation solution time = 0.33 sec. (771.47 ticks)

        Nodes                                         Cuts/
   Node  Left     Objective  IInf  Best Integer    Best Bound    ItCnt     Gap

*     0+    0                        24973.2854        1.1422           100.00%
      0     0       51.7041   345    24973.2854       51.7041       20   99.79%
*     0+    0                           95.0303       51.7041            45.59%
      0     0       54.1011   214       95.0303      Cuts: 17     2176   43.07%
      0     0       57.8024   211       95.0303      Cuts: 19     4066   39.17%
*     0+    0                           92.1240       57.8024            37.26%
      0     0       60.1690   216       92.1240       Cuts: 9     5798   34.69%
*     0+    0                           90.5638       60.1690            33.56%
*     0+    0                           89.6235       60.1690            32.86%
      0     0       61.7055   257       89.6235       Cuts: 8     7318   31.15%
*     0+    0                           89.3784       61.7055            30.96%
      0     0       64.1643   230       89.3784      Cuts: 10     9420   28.21%
Detecting symmetries...
*     0+    0                           81.0071       64.1643            20.79%
      0     0       64.6480   238       81.0071   ZeroHalf: 8     9776   20.19%
      0     0       64.8732   235       81.0071       Cuts: 4    10118   19.92%
      0     0       65.1017   233       81.0071      Cuts: 13    10286   19.63%
      0     0       65.4196   266       81.0071       Cuts: 9    11293   19.24%
      0     0       65.4196   258       81.0071   ZeroHalf: 2    11342   19.24%
Detecting symmetries...
      0     2       65.4196   249       81.0071       65.4196    11342   19.24%
Elapsed time = 3.75 sec. (5323.06 ticks, tree = 0.02 MB, solutions = 7)
     57    19       72.3832   224       81.0071       65.5938    18055   19.03%
    327    71       80.2011   170       81.0071       65.5938    47695   19.03%
    603    47    infeasible             81.0071       66.4190    85648   18.01%
    803    37        cutoff             81.0071       66.4190   118730   18.01%
*   881+   39                           80.8371       66.4190            17.84%
    987    48       80.1013    44       80.8371       66.4190   141610   17.84%
   1110    76        cutoff             80.8371       67.4792   184861   16.52%
   1134    64        cutoff             80.8371       68.0713   180892   15.79%
   1146    87       79.8192    97       80.8371       68.1830   193505   15.65%
*  1151+   93                           80.8157       68.1830            15.63%
   1189    99        cutoff             80.8157       68.1830   210312   15.63%
*  1319+   97                           79.8645       68.1830            14.63%
*  1417+   92                           79.8224       68.1830            14.58%
*  1507    88      integral     0       77.3591       68.1830   247688   11.86%
Elapsed time = 6.70 sec. (7890.84 ticks, tree = 0.67 MB, solutions = 13)
   1887    19       75.1081   162       77.3591       69.5508   318896   10.09%
   2093     8        cutoff             77.3591       70.5652   400368    8.78%
*  2115     7      integral     0       77.2915       70.5652   400803    8.70%
   2190     5       74.1178   264       77.2915       73.6611   442075    4.70%

Clique cuts applied:  1
Cover cuts applied:  1
Implied bound cuts applied:  74
Zero-half cuts applied:  40
Lift and project cuts applied:  6
Gomory fractional cuts applied:  6

Root node processing (before b&c):
  Real time             =    3.65 sec. (5195.97 ticks)
Parallel b&c, 20 threads:
  Real time             =    5.38 sec. (6055.22 ticks)
  Sync time (average)   =    2.67 sec.
  Wait time (average)   =    0.00 sec.
                          ------------
Total (root+branch&cut) =    9.03 sec. (11251.19 ticks)
Feasible solution found!
Truck nodes:
Stage 1 at customer 0 with arrival time is: 0
Stage 1 at customer 0 with departure time is: 0
Stage 2 at customer 10 with arrival time is: 11.7563
Stage 2 at customer 10 with departure time is: 12.7563
Stage 3 at customer 12 with arrival time is: 17.233
Stage 3 at customer 12 with departure time is: 18.233
Stage 4 at customer 7 with arrival time is: 22.5961
Stage 4 at customer 7 with departure time is: 22.5961
Stage 5 at customer 8 with arrival time is: 25.768
Stage 5 at customer 8 with departure time is: 27.768
Stage 6 at customer 5 with arrival time is: 46.2275
Stage 6 at customer 5 with departure time is: 47.2275
Stage 7 at customer 3 with arrival time is: 55.5376
Stage 7 at customer 3 with departure time is: 56.5376
Stage 8 at customer 11 with arrival time is: 71.9209
Stage 8 at customer 11 with departure time is: 71.9209
Stage 9 at customer 2 with arrival time is: 74.0819
Stage 9 at customer 2 with departure time is: 75.0819
Stage 10 at customer 13 with arrival time is: 77.2915
Stage 10 at customer 13 with departure time is: 77.2915
Truck arcs:
Arc 1 connecting 0 and 10 with cost 11.7563 
Arc 2 connecting 10 and 12 with cost 4.47678 
Arc 3 connecting 12 and 7 with cost 4.3631 
Arc 4 connecting 7 and 8 with cost 3.17188 
Arc 5 connecting 8 and 5 with cost 18.4594 
Arc 6 connecting 5 and 3 with cost 8.31014 
Arc 7 connecting 3 and 11 with cost 15.3833 
Arc 8 connecting 11 and 2 with cost 2.16097 
Arc 9 connecting 2 and 13 with cost 2.20959 
Drone served customers
Drone flies from stage 1 to stage 2
Drone flies from stage 3 to stage 5
Drone flies from stage 5 to stage 6
Drone flies from stage 7 to stage 9
Drone flies from stage 3 to stage 5 to serve customer 1
Drone flies from stage 1 to stage 2 to serve customer 4
Drone flies from stage 5 to stage 6 to serve customer 6
Drone flies from stage 7 to stage 9 to serve customer 9
1
Customer 1 served by drone.
Y_val: 1
W_val: 1
Drone fly from 12 at stage 3 to serve 1 and then fly back to 8 at stage 5. 
Truck travel time from stage 3 to 5 is: 7.53498
Start arc cost: 4.21046, end arc cost: 3.26922. Total drone travel time: 7.47968
Drone arrival time: 25.7127
Truck arrival time: 25.768
Truck departure time = max(d/a, t/a) plus (sl/sr): 27.768
1
Customer 4 served by drone.
Y_val: 1
W_val: 1
Drone fly from 0 at stage 1 to serve 4 and then fly back to 10 at stage 2. 
Truck travel time from stage 1 to 2 is: 11.7563
Start arc cost: 5.1829, end arc cost: 2.28068. Total drone travel time: 7.46358
Drone arrival time: 7.46358
Truck arrival time: 11.7563
Truck departure time = max(d/a, t/a) plus (sl/sr): 12.7563
1
Customer 6 served by drone.
Y_val: 1
W_val: 1
Drone fly from 8 at stage 5 to serve 6 and then fly back to 5 at stage 6. 
Truck travel time from stage 5 to 6 is: 18.4594
Start arc cost: 5.15394, end arc cost: 3.24949. Total drone travel time: 8.40344
Drone arrival time: 36.1715
Truck arrival time: 46.2275
Truck departure time = max(d/a, t/a) plus (sl/sr): 47.2275
1
Customer 9 served by drone.
Y_val: 1
W_val: 1
Drone fly from 3 at stage 7 to serve 9 and then fly back to 2 at stage 9. 
Truck travel time from stage 7 to 9 is: 17.5443
Start arc cost: 6.17485, end arc cost: 4.52885. Total drone travel time: 10.7037
Drone arrival time: 67.2413
Truck arrival time: 74.0819
Truck departure time = max(d/a, t/a) plus (sl/sr): 75.0819
Done!
-------------------------Re-calculated objective-----------------------
77.2915
------------------------------------------------------------------------
Solve time: 9.042
OBJECTIVE VALUE: 77.2915, NUMBER OF SORTIES: 4.
In write mode
