Instance name: /home/cuong/CLionProjects/uMV-FSTSP/rand_generated_instances/v56
Write arg val: 1

drone speed: 1 miles/minute
uav non-eligible customer: 14 
Travel time is in self-calculate mode. tau/tau_prime provided from instance file will be disregarded.
Printing tau:
0 17.3649 7.32249 13.1874 24.9206 15.4815 15.6034 16.395 22.0359 24.848 22.0666 21.1527 16.4861 0 
17.3649 0 10.8649 5.05686 11.2078 9.07399 3.97973 9.11042 18.9564 9.75039 8.42989 5.58918 13.8166 17.3649 
7.32249 10.8649 0 6.12866 20.3164 12.4734 8.43975 13.2548 21.6272 19.6531 14.7447 13.9638 15.4918 7.32249 
13.1874 5.05686 6.12866 0 15.7636 10.5436 2.45073 11.0041 20.7539 14.6043 9.34393 7.97743 14.8688 13.1874 
24.9206 11.2078 20.3164 15.7636 0 9.8735 15.1848 9.00102 13.6441 2.45213 17.6285 14.4102 12.2053 24.9206 
15.4815 9.07399 12.4734 10.5436 9.8735 0 11.6089 0.916505 10.2429 10.5318 17.4919 14.6208 4.74269 15.4815 
15.6034 3.97973 8.43975 2.45073 15.1848 11.6089 0 11.9029 21.831 13.7 6.97986 5.54947 16.193 15.6034 
16.395 9.11042 13.2548 11.0041 9.00102 0.916505 11.9029 0 9.94206 9.75151 17.5387 14.585 4.84665 16.395 
22.0359 18.9564 21.6272 20.7539 13.6441 10.2429 21.831 9.94206 0 15.7625 27.3357 24.2636 6.14314 22.0359 
24.848 9.75039 19.6531 14.6043 2.45213 10.5318 13.7 9.75151 15.7625 0 15.4598 12.2884 13.6148 24.848 
22.0666 8.42989 14.7447 9.34393 17.6285 17.4919 6.97986 17.5387 27.3357 15.4598 0 3.25056 22.2311 22.0666 
21.1527 5.58918 13.9638 7.97743 14.4102 14.6208 5.54947 14.585 24.2636 12.2884 3.25056 0 19.3586 21.1527 
16.4861 13.8166 15.4918 14.8688 12.2053 4.74269 16.193 4.84665 6.14314 13.6148 22.2311 19.3586 0 16.4861 
0 0 0 0 0 0 0 0 0 0 0 0 0 0 
Printing tau_prime:
0 4.34124 1.83062 3.29684 6.23015 3.87037 3.90085 4.09874 5.50899 6.21201 5.51666 5.28818 4.12151 0 
4.34124 0 2.71622 1.26421 2.80194 2.2685 0.994933 2.2776 4.73909 2.4376 2.10747 1.3973 3.45415 4.34124 
1.83062 2.71622 0 1.53217 5.07911 3.11836 2.10994 3.31371 5.40679 4.91326 3.68619 3.49095 3.87294 1.83062 
3.29684 1.26421 1.53217 0 3.9409 2.63591 0.612683 2.75103 5.18848 3.65109 2.33598 1.99436 3.71719 3.29684 
6.23015 2.80194 5.07911 3.9409 0 2.46838 3.7962 2.25026 3.41102 0.613032 4.40712 3.60254 3.05133 6.23015 
3.87037 2.2685 3.11836 2.63591 2.46838 0 2.90224 0.229126 2.56073 2.63296 4.37297 3.65519 1.18567 3.87037 
3.90085 0.994933 2.10994 0.612683 3.7962 2.90224 0 2.97573 5.45774 3.42499 1.74497 1.38737 4.04825 3.90085 
4.09874 2.2776 3.31371 2.75103 2.25026 0.229126 2.97573 0 2.48552 2.43788 4.38469 3.64626 1.21166 4.09874 
5.50899 4.73909 5.40679 5.18848 3.41102 2.56073 5.45774 2.48552 0 3.94063 6.83393 6.0659 1.53579 5.50899 
6.21201 2.4376 4.91326 3.65109 0.613032 2.63296 3.42499 2.43788 3.94063 0 3.86496 3.07211 3.4037 6.21201 
5.51666 2.10747 3.68619 2.33598 4.40712 4.37297 1.74497 4.38469 6.83393 3.86496 0 0.812641 5.55778 5.51666 
5.28818 1.3973 3.49095 1.99436 3.60254 3.65519 1.38737 3.64626 6.0659 3.07211 0.812641 0 4.83964 5.28818 
4.12151 3.45415 3.87294 3.71719 3.05133 1.18567 4.04825 1.21166 1.53579 3.4037 5.55778 4.83964 0 4.12151 
0 0 0 0 0 0 0 0 0 0 0 0 0 0 
Printing number of nodes: 13

Warning:  Output names have been modified due to duplicate names or characters invalid in LP format.
Version identifier: 22.1.1.0 | 2022-11-28 | 9160aff4d
CPXPARAM_Emphasis_MIP                            2
CPXPARAM_MIP_Tolerances_Integrality              0
Tried aggregator 2 times.
MIP Presolve eliminated 11359 rows and 1343 columns.
MIP Presolve modified 7577 coefficients.
Aggregator did 50 substitutions.
Reduced MIP has 2916 rows, 6448 columns, and 83628 nonzeros.
Reduced MIP has 6423 binaries, 0 generals, 0 SOSs, and 0 indicators.
Presolve time = 0.09 sec. (169.12 ticks)
Probing time = 0.01 sec. (10.33 ticks)
Cover probing fixed 55 vars, tightened 0 bounds.
Tried aggregator 2 times.
Detecting symmetries...
MIP Presolve eliminated 26 rows and 55 columns.
MIP Presolve modified 174 coefficients.
Aggregator did 2 substitutions.
Reduced MIP has 2888 rows, 6391 columns, and 83268 nonzeros.
Reduced MIP has 6366 binaries, 0 generals, 0 SOSs, and 0 indicators.
Presolve time = 0.04 sec. (93.39 ticks)
Probing time = 0.01 sec. (9.66 ticks)
Clique table members: 32947.
MIP emphasis: optimality.
MIP search method: dynamic search.
Parallel mode: deterministic, using up to 20 threads.
Root relaxation solution time = 0.42 sec. (701.76 ticks)

        Nodes                                         Cuts/
   Node  Left     Objective  IInf  Best Integer    Best Bound    ItCnt     Gap

      0     0       46.8439   215                     46.8439       35         
      0     0       49.3145   214                    Cuts: 24     1037         
*     0+    0                           64.0845       49.3145            23.05%
      0     0       49.3641   358       64.0845  ZeroHalf: 12     2417   22.87%
*     0+    0                           58.8018       49.4310            15.94%
      0     0       49.3642   361       58.8018       Cuts: 7     2582   15.94%
      0     0       49.4870   281       58.8018      Cuts: 14     4389   15.62%
      0     0       50.0491   294       58.8018      Cuts: 17     8231   14.89%
Detecting symmetries...
      0     0       50.6589   286       58.8018  ZeroHalf: 18    11640   13.85%
      0     0       50.8112   330       58.8018   ZeroHalf: 7    15501   13.59%
      0     0       50.8643   258       58.8018       Cuts: 5    16087   13.50%
      0     0       50.9119   351       58.8018       Cuts: 9    16602   13.42%
      0     0       50.9234   343       58.8018       Cuts: 9    16848    9.50%
Detecting symmetries...
      0     2       50.9234   337       58.8018       53.2182    16848    9.50%
Elapsed time = 5.43 sec. (8773.52 ticks, tree = 0.02 MB, solutions = 2)
      2     3       51.6904   230       58.8018       53.2182    19585    9.50%
      3     3       56.1610    94       58.8018       53.2182    21841    9.50%
    336    29        cutoff             58.8018       53.2182    37259    9.50%
    642     6        cutoff             58.8018       53.2182    50630    9.50%
    643     3       51.9812   203       58.8018       53.2182    23278    9.50%
    644     3       53.4759   189       58.8018       53.2182    56356    9.50%
    648     6       57.2671    39       58.8018       53.2182    60594    9.50%
   1063    27       58.7509    23       58.8018       53.2182    73237    9.50%
   1700    69       58.7509    26       58.8018       53.2182   102663    9.50%
   3207    38       55.1653    63       58.8018       53.7673   179474    8.56%
Elapsed time = 8.42 sec. (13292.89 ticks, tree = 0.50 MB, solutions = 2)
   3887   355       56.1516   115       58.8018       54.9723   243811    6.51%
   5558   540       57.2701    48       58.8018       55.2884   346537    5.98%
   8056   533        cutoff             58.8018       55.2884   447363    5.98%
*  8691+  448                           58.8018       55.3592             5.85%

Performing restart 1

Repeating presolve.
Tried aggregator 2 times.
MIP Presolve eliminated 133 rows and 1132 columns.
MIP Presolve modified 21724 coefficients.
Aggregator did 39 substitutions.
Reduced MIP has 2716 rows, 5220 columns, and 62177 nonzeros.
Reduced MIP has 5195 binaries, 0 generals, 0 SOSs, and 0 indicators.
Presolve time = 0.08 sec. (177.24 ticks)
Tried aggregator 2 times.
MIP Presolve eliminated 24 rows and 31 columns.
Aggregator did 2 substitutions.
Reduced MIP has 2690 rows, 5187 columns, and 61210 nonzeros.
Reduced MIP has 5162 binaries, 0 generals, 0 SOSs, and 0 indicators.
Presolve time = 0.03 sec. (66.83 ticks)
Represolve time = 0.29 sec. (638.25 ticks)
   9095     0       51.2836   366       58.8018      Cuts: 16   509457    5.50%
   9095     0       51.2984   387       58.8018      Cuts: 16   510654    5.50%
   9095     0       51.3629   288       58.8018      Cuts: 15   512017    5.50%
   9095     0       51.3884   351       58.8018   ZeroHalf: 5   512317    5.50%
   9095     0       51.4056   391       58.8018   ZeroHalf: 9   512775    5.50%
   9095     2       51.4056   381       58.8018       55.5674   512775    5.50%
   9096     3       52.5877   178       58.8018       55.5674   515473    5.50%
   9100     4       56.6883    74       58.8018       55.5674   524289    5.50%
   9196     6       57.3635    76       58.8018       55.5674   525529    5.50%
   9283     4       58.2634    90       58.8018       55.5674   524277    5.50%
   9298     5       58.0324   107       58.8018       55.5674   549814    5.50%
   9329     7       57.1446    90       58.8018       55.5674   554509    5.50%
Elapsed time = 22.63 sec. (35168.20 ticks, tree = 0.02 MB, solutions = 2)
   9353     9       58.5792   111       58.8018       55.5674   563245    5.50%
   9373    10       58.2540   102       58.8018       55.5674   568092    5.50%
   9490    14       58.3346   132       58.8018       55.5674   606463    5.50%
   9640    20       55.8945   108       58.8018       55.5674   636983    5.50%
   9732    37       58.2996   118       58.8018       55.5674   686727    5.50%
   9839    31       56.8668   103       58.8018       55.5674   718130    5.50%
  10002    16       56.5953   103       58.8018       55.5674   735605    5.50%
  10282    25       58.4977   168       58.8018       55.5674   748920    5.50%
  10726    29        cutoff             58.8018       55.5674   807625    5.50%
  11174    80       56.5448   122       58.8018       55.5674   893468    5.50%
Elapsed time = 32.39 sec. (44794.93 ticks, tree = 0.95 MB, solutions = 2)
  11372   114        cutoff             58.8018       55.5674  1023064    5.50%
  11511    90       56.9479   134       58.8018       55.5674  1066009    5.50%
  11767    33       58.4214   131       58.8018       55.5674  1113901    5.50%
  11834    13        cutoff             58.8018       55.5674  1135307    5.50%
  11880    16       57.6173   174       58.8018       55.5674  1151493    5.50%
  11991    17       57.7465   135       58.8018       56.8688  1178724    3.29%
  12072    15       58.1447   192       58.8018       57.8661  1213831    1.59%

Implied bound cuts applied:  2
Mixed integer rounding cuts applied:  1
Zero-half cuts applied:  53
Gomory fractional cuts applied:  1

Root node processing (before b&c):
  Real time             =    5.33 sec. (8559.98 ticks)
Parallel b&c, 20 threads:
  Real time             =   32.35 sec. (43222.56 ticks)
  Sync time (average)   =   13.86 sec.
  Wait time (average)   =    0.01 sec.
                          ------------
Total (root+branch&cut) =   37.68 sec. (51782.54 ticks)
Feasible solution found!
Truck nodes:
Stage 1 at customer 0 with arrival time is: 0
Stage 1 at customer 0 with departure time is: 0
Stage 2 at customer 2 with arrival time is: 7.32249
Stage 2 at customer 2 with departure time is: 7.32249
Stage 3 at customer 3 with arrival time is: 13.4512
Stage 3 at customer 3 with departure time is: 15.4512
Stage 4 at customer 6 with arrival time is: 17.9019
Stage 4 at customer 6 with departure time is: 20.8329
Stage 5 at customer 1 with arrival time is: 24.8126
Stage 5 at customer 1 with departure time is: 26.8126
Stage 6 at customer 7 with arrival time is: 35.923
Stage 6 at customer 7 with departure time is: 37.923
Stage 7 at customer 5 with arrival time is: 38.8395
Stage 7 at customer 5 with departure time is: 42.3204
Stage 8 at customer 13 with arrival time is: 57.8018
Stage 8 at customer 13 with departure time is: 58.8018
Truck arcs:
Arc 1 connecting 0 and 2 with cost 7.32249 
Arc 2 connecting 2 and 3 with cost 6.12866 
Arc 3 connecting 3 and 6 with cost 2.45073 
Arc 4 connecting 6 and 1 with cost 3.97973 
Arc 5 connecting 1 and 7 with cost 9.11042 
Arc 6 connecting 7 and 5 with cost 0.916505 
Arc 7 connecting 5 and 13 with cost 15.4815 
Drone served customers
Drone flies from stage 1 to stage 3
Drone flies from stage 3 to stage 4
Drone flies from stage 4 to stage 5
Drone flies from stage 5 to stage 6
Drone flies from stage 6 to stage 7
Drone flies from stage 7 to stage 8
Drone flies from stage 7 to stage 8 to serve customer 4
Drone flies from stage 5 to stage 6 to serve customer 8
Drone flies from stage 1 to stage 3 to serve customer 9
Drone flies from stage 4 to stage 5 to serve customer 10
Drone flies from stage 3 to stage 4 to serve customer 11
Drone flies from stage 6 to stage 7 to serve customer 12
1
Customer 4 served by drone.
Y_val: 1
W_val: 1
Drone fly from 5 at stage 7 to serve 4 and then fly back to 13 at stage 8. 
Truck travel time from stage 7 to 8 is: 15.4815
Start arc cost: 2.46838, end arc cost: 6.23015. Total drone travel time: 8.69852
Drone arrival time: 51.0189
Truck arrival time: 57.8018
Truck departure time = max(d/a, t/a) plus (sl/sr): 58.8018
1
Customer 8 served by drone.
Y_val: 1
W_val: 1
Drone fly from 1 at stage 5 to serve 8 and then fly back to 7 at stage 6. 
Truck travel time from stage 5 to 6 is: 9.11042
Start arc cost: 4.73909, end arc cost: 2.48552. Total drone travel time: 7.22461
Drone arrival time: 34.0372
Truck arrival time: 35.923
Truck departure time = max(d/a, t/a) plus (sl/sr): 37.923
1
Customer 9 served by drone.
Y_val: 1
W_val: 1
Drone fly from 0 at stage 1 to serve 9 and then fly back to 3 at stage 3. 
Truck travel time from stage 1 to 3 is: 13.4512
Start arc cost: 6.21201, end arc cost: 3.65109. Total drone travel time: 9.86309
Drone arrival time: 9.86309
Truck arrival time: 13.4512
Truck departure time = max(d/a, t/a) plus (sl/sr): 15.4512
1
Customer 10 served by drone.
Y_val: 1
W_val: 1
Drone fly from 6 at stage 4 to serve 10 and then fly back to 1 at stage 5. 
Truck travel time from stage 4 to 5 is: 3.97973
Start arc cost: 1.74497, end arc cost: 2.10747. Total drone travel time: 3.85244
Drone arrival time: 24.6853
Truck arrival time: 24.8126
Truck departure time = max(d/a, t/a) plus (sl/sr): 26.8126
1
Customer 11 served by drone.
Y_val: 1
W_val: 1
Drone fly from 3 at stage 3 to serve 11 and then fly back to 6 at stage 4. 
Truck travel time from stage 3 to 4 is: 2.45073
Start arc cost: 1.99436, end arc cost: 1.38737. Total drone travel time: 3.38173
Drone arrival time: 18.8329
Truck arrival time: 17.9019
Truck departure time = max(d/a, t/a) plus (sl/sr): 20.8329
1
Customer 12 served by drone.
Y_val: 1
W_val: 1
Drone fly from 7 at stage 6 to serve 12 and then fly back to 5 at stage 7. 
Truck travel time from stage 6 to 7 is: 0.916505
Start arc cost: 1.21166, end arc cost: 1.18567. Total drone travel time: 2.39733
Drone arrival time: 40.3204
Truck arrival time: 38.8395
Truck departure time = max(d/a, t/a) plus (sl/sr): 42.3204
Done!
-------------------------Re-calculated objective-----------------------
58.8018
------------------------------------------------------------------------
Solve time: 37.688
OBJECTIVE VALUE: 58.8018, NUMBER OF SORTIES: 6.
In write mode
