Instance name: /home/cuong/CLionProjects/uMV-FSTSP/rand_generated_instances/v57
Write arg val: 1

drone speed: 1 miles/minute
uav non-eligible customer: 14 
Travel time is in self-calculate mode. tau/tau_prime provided from instance file will be disregarded.
Printing tau:
0 14.3047 12.2031 9.47781 3.34807 16.7171 11.7965 11.3847 8.37252 9.26315 15.0909 7.07855 5.2489 0 
14.3047 0 17.0895 6.63502 12.8465 22.0664 2.55352 5.17594 7.55487 23.0901 2.26198 20.6477 12.1848 14.3047 
12.2031 17.0895 0 16.9832 9.18153 5.21418 15.0648 17.9622 16.4412 13.4856 16.1326 11.5971 7.6938 12.2031 
9.47781 6.63502 16.9832 0 9.51752 22.1931 5.07646 1.99681 1.15412 18.7401 8.48032 16.5003 9.89107 9.47781 
3.34807 12.8465 9.18153 9.51752 0 14.0045 10.2972 11.1354 8.61049 10.2974 13.1748 7.82791 1.90563 3.34807 
16.7171 22.0664 5.21418 22.1931 14.0045 0 20.1597 23.1706 21.6326 15.4683 20.917 14.2372 12.7238 16.7171 
11.7965 2.55352 15.0648 5.07646 10.2972 20.1597 0 4.32144 5.73905 20.5368 3.59328 18.0944 9.69205 11.7965 
11.3847 5.17594 17.9622 1.99681 11.1354 23.1706 4.32144 0 3.14974 20.6329 7.26067 18.3545 11.2713 11.3847 
8.37252 7.55487 16.4412 1.15412 8.61049 21.6326 5.73905 3.14974 0 17.635 9.26343 15.4191 9.14372 8.37252 
9.26315 23.0901 13.4856 18.7401 10.2974 15.4683 20.5368 20.6329 17.635 0 23.4687 2.48654 11.4278 9.26315 
15.0909 2.26198 16.1326 8.48032 13.1748 20.917 3.59328 7.26067 9.26343 23.4687 0 20.9916 12.2051 15.0909 
7.07855 20.6477 11.5971 16.5003 7.82791 14.2372 18.0944 18.3545 15.4191 2.48654 20.9916 0 8.94377 7.07855 
5.2489 12.1848 7.6938 9.89107 1.90563 12.7238 9.69205 11.2713 9.14372 11.4278 12.2051 8.94377 0 5.2489 
0 0 0 0 0 0 0 0 0 0 0 0 0 0 
Printing tau_prime:
0 3.57616 3.05077 2.36945 0.837017 4.17928 2.94913 2.84618 2.09313 2.31579 3.77272 1.76964 1.31222 0 
3.57616 0 4.27238 1.65876 3.21163 5.5166 0.638379 1.29399 1.88872 5.77254 0.565495 5.16192 3.04621 3.57616 
3.05077 4.27238 0 4.2458 2.29538 1.30355 3.76621 4.49055 4.11031 3.37139 4.03315 2.89927 1.92345 3.05077 
2.36945 1.65876 4.2458 0 2.37938 5.54827 1.26912 0.499203 0.288529 4.68502 2.12008 4.12509 2.47277 2.36945 
0.837017 3.21163 2.29538 2.37938 0 3.50112 2.57431 2.78384 2.15262 2.57436 3.29371 1.95698 0.476407 0.837017 
4.17928 5.5166 1.30355 5.54827 3.50112 0 5.03993 5.79266 5.40814 3.86708 5.22925 3.55929 3.18095 4.17928 
2.94913 0.638379 3.76621 1.26912 2.57431 5.03993 0 1.08036 1.43476 5.13419 0.898319 4.52359 2.42301 2.94913 
2.84618 1.29399 4.49055 0.499203 2.78384 5.79266 1.08036 0 0.787434 5.15822 1.81517 4.58863 2.81781 2.84618 
2.09313 1.88872 4.11031 0.288529 2.15262 5.40814 1.43476 0.787434 0 4.40874 2.31586 3.85479 2.28593 2.09313 
2.31579 5.77254 3.37139 4.68502 2.57436 3.86708 5.13419 5.15822 4.40874 0 5.86719 0.621636 2.85696 2.31579 
3.77272 0.565495 4.03315 2.12008 3.29371 5.22925 0.898319 1.81517 2.31586 5.86719 0 5.24791 3.05127 3.77272 
1.76964 5.16192 2.89927 4.12509 1.95698 3.55929 4.52359 4.58863 3.85479 0.621636 5.24791 0 2.23594 1.76964 
1.31222 3.04621 1.92345 2.47277 0.476407 3.18095 2.42301 2.81781 2.28593 2.85696 3.05127 2.23594 0 1.31222 
0 0 0 0 0 0 0 0 0 0 0 0 0 0 
Printing number of nodes: 13

Warning:  Output names have been modified due to duplicate names or characters invalid in LP format.
Version identifier: 22.1.1.0 | 2022-11-28 | 9160aff4d
CPXPARAM_Emphasis_MIP                            2
CPXPARAM_MIP_Tolerances_Integrality              0
Tried aggregator 2 times.
MIP Presolve eliminated 11360 rows and 1343 columns.
MIP Presolve modified 7565 coefficients.
Aggregator did 50 substitutions.
Reduced MIP has 2915 rows, 6448 columns, and 83622 nonzeros.
Reduced MIP has 6423 binaries, 0 generals, 0 SOSs, and 0 indicators.
Presolve time = 0.08 sec. (166.98 ticks)
Probing time = 0.01 sec. (10.29 ticks)
Tried aggregator 2 times.
Detecting symmetries...
MIP Presolve eliminated 21 rows and 0 columns.
MIP Presolve modified 167 coefficients.
Aggregator did 2 substitutions.
Reduced MIP has 2892 rows, 6446 columns, and 83597 nonzeros.
Reduced MIP has 6421 binaries, 0 generals, 0 SOSs, and 0 indicators.
Presolve time = 0.04 sec. (79.11 ticks)
Probing time = 0.01 sec. (9.43 ticks)
Clique table members: 33063.
MIP emphasis: optimality.
MIP search method: dynamic search.
Parallel mode: deterministic, using up to 20 threads.
Root relaxation solution time = 0.35 sec. (637.91 ticks)

        Nodes                                         Cuts/
   Node  Left     Objective  IInf  Best Integer    Best Bound    ItCnt     Gap

      0     0       31.9081   184                     31.9081       23         
*     0+    0                        20383.4549       31.9081            99.84%
      0     0       33.7127   322    20383.4549      Cuts: 25     6801   99.83%
      0     0       33.7510   321    20383.4549      Cuts: 11     7098   99.83%
      0     0       33.8063   352    20383.4549  ZeroHalf: 10     7457   99.83%
*     0+    0                           81.4975       33.8063            58.52%
*     0+    0                           63.7234       33.8063            46.95%
*     0+    0                           58.8497       33.8063            42.55%
*     0+    0                           54.5586       33.8063            38.04%
      0     0  -1.00000e+75     0       54.5586       33.8063     7457   38.04%
      0     0       34.0396   348       54.5586  ZeroHalf: 19     8066   37.61%
      0     0       34.0613   351       54.5586       Cuts: 6     8809   37.57%
Detecting symmetries...
      0     0       34.0614   349       54.5586   ZeroHalf: 3     8839   37.57%
*     0+    0                           53.7787       34.0614            36.66%
      0     0       34.6275   368       53.7787       Cuts: 6    10378   35.61%
      0     0       34.9068   269       53.7787      Cuts: 12    10817   35.06%
      0     0       34.9413   180       53.7787      Cuts: 25    11083   35.03%
      0     0       34.9419   187       53.7787      Cuts: 14    11230   35.03%
*     0+    0                           46.7768       34.9419            25.30%
Detecting symmetries...
      0     2       34.9419   181       46.7768       36.1715    11230   22.67%
Elapsed time = 5.55 sec. (9156.23 ticks, tree = 0.02 MB, solutions = 7)
      2     4       35.2712   256       46.7768       36.1715    12586   22.67%
      4     3       40.1702   137       46.7768       36.1715    14657   22.67%
      7     4       40.9954   173       46.7768       36.1715    15609   22.67%
     11     6       40.9724   154       46.7768       36.1715    24397   22.67%
     18    13       43.2023   102       46.7768       36.1715    30434   22.67%
*    22+   10                           44.5142       36.1715            18.74%
    179    64       41.7906    38       44.5142       36.1715    54895   18.74%
    305    17       41.8035   128       44.5142       37.1694    40303   16.50%
    494   106        cutoff             44.5142       37.1694   118028   16.50%
    674   120       42.1081   124       44.5142       37.1694   147827   16.50%
    943   191       43.8935   266       44.5142       37.2589   209435   16.30%
Elapsed time = 8.40 sec. (12520.67 ticks, tree = 0.36 MB, solutions = 8)
   1536   482       44.1409    71       44.5142       37.2589   343906   16.30%
   2087   626        cutoff             44.5142       37.2589   477130   16.30%
   2311   747        cutoff             44.5142       37.2589   580544   16.30%
   2655   802        cutoff             44.5142       39.4022   646582   11.48%
   3187   935       43.2189    35       44.5142       39.6311   775481   10.97%
   3807  1103       43.7111   102       44.5142       40.8771   917484    8.17%
   4624  1391        cutoff             44.5142       40.9683  1089639    7.97%
   4930  1644        cutoff             44.5142       40.9693  1196038    7.96%
   5504  1694        cutoff             44.5142       40.9722  1288628    7.96%
   6437  1784       42.1185   116       44.5142       41.0746  1427359    7.73%
Elapsed time = 19.28 sec. (22075.82 ticks, tree = 5.25 MB, solutions = 8)

Performing restart 1

Repeating presolve.
Tried aggregator 2 times.
MIP Presolve eliminated 35 rows and 857 columns.
MIP Presolve modified 23978 coefficients.
Aggregator did 17 substitutions.
Reduced MIP has 2840 rows, 5572 columns, and 65213 nonzeros.
Reduced MIP has 5547 binaries, 0 generals, 0 SOSs, and 0 indicators.
Presolve time = 0.05 sec. (121.23 ticks)
Tried aggregator 1 time.
Reduced MIP has 2840 rows, 5572 columns, and 65213 nonzeros.
Reduced MIP has 5547 binaries, 0 generals, 0 SOSs, and 0 indicators.
Presolve time = 0.03 sec. (63.31 ticks)
Represolve time = 0.15 sec. (328.48 ticks)
   6859     0       34.9939   335       44.5142      Cuts: 39  1559174    6.95%
   6859     0       35.0018   360       44.5142      Cuts: 13  1560295    6.95%
*  6859+    0                           43.2545       41.4190             4.24%
   6859     0       35.0256   348       43.2545      Cuts: 11  1560708    4.24%
   6859     0       35.0285   342       43.2545      Cuts: 11  1561547    4.24%
   6859     0       35.0328   318       43.2545      Cuts: 11  1562132    4.24%
   6859     0       35.0335   340       43.2545       Cuts: 5  1562298    4.24%
   6859     0       35.0340   328       43.2545       Cuts: 3  1562531    4.24%
   6859     0       35.0345   345       43.2545       Cuts: 6  1562936    4.24%
   6859     2       35.0345   344       43.2545       41.4190  1562936    4.24%
   6860     2       42.9951   262       43.2545       41.4190  1569696    4.24%
   6862     3       35.1637   340       43.2545       41.4190  1565018    4.24%
   6863     2       43.0688    68       43.2545       41.4190  1575699    4.24%
   6866     1        cutoff             43.2545       41.4190  1579261    4.24%
   6867     3       35.1869   351       43.2545       41.4190  1578407    4.24%
   6868     3       35.1919   357       43.2545       41.4190  1579959    4.24%
   6871     2       41.8420   174       43.2545       41.4190  1583136    4.24%
   6874     2       41.8430   172       43.2545       41.4190  1584286    4.24%
   6883     4       41.8569   170       43.2545       41.4190  1587222    4.24%
Elapsed time = 33.82 sec. (52177.39 ticks, tree = 0.02 MB, solutions = 9)
   6890     4       40.2980   149       43.2545       41.4190  1595294    4.24%
   6905     5       42.0738   137       43.2545       41.4190  1604516    4.24%
   6936     8       42.0802   205       43.2545       41.4190  1609683    4.24%
   6974     7       42.1117   191       43.2545       41.4190  1611826    4.24%
   6996     7       41.3779    65       43.2545       41.4190  1624888    4.24%
   7013     6       42.7687   173       43.2545       41.4190  1639739    4.24%
   7031     5       41.7975   149       43.2545       41.4190  1652832    4.24%
   7059     6       42.7761    70       43.2545       41.4190  1659375    4.24%
   7116     8       43.1987    13       43.2545       41.4190  1663751    4.24%
   7146     3       40.7136   129       43.2545       41.4190  1667755    4.24%
Elapsed time = 39.24 sec. (62142.42 ticks, tree = 0.02 MB, solutions = 9)
   7153     6       36.9378   226       43.2545       41.4190  1668026    4.24%
   7172     5       42.9170   191       43.2545       41.4190  1680630    4.24%
   7190     6       40.9445   209       43.2545       41.4190  1692786    4.24%
   7286    14       42.1797   169       43.2545       41.4190  1745793    4.24%
   7399    27       43.1987    27       43.2545       41.4190  1787306    4.24%
   7502    14       42.6937   174       43.2545       41.4190  1812649    4.24%
   7638    12       40.5081   160       43.2545       41.4190  1838980    4.24%
   7775    12       42.9170   194       43.2545       41.4190  1859793    4.24%
   7870    13       41.2888   152       43.2545       41.4190  1915354    4.24%
   7899     4       41.5931   171       43.2545       41.4190  1937049    4.24%
Elapsed time = 45.94 sec. (72012.26 ticks, tree = 0.04 MB, solutions = 9)

Implied bound cuts applied:  1
Mixed integer rounding cuts applied:  8
Zero-half cuts applied:  41
Lift and project cuts applied:  3
Gomory fractional cuts applied:  3

Root node processing (before b&c):
  Real time             =    5.47 sec. (9001.92 ticks)
Parallel b&c, 20 threads:
  Real time             =   40.61 sec. (63107.26 ticks)
  Sync time (average)   =   19.22 sec.
  Wait time (average)   =    0.01 sec.
                          ------------
Total (root+branch&cut) =   46.07 sec. (72109.17 ticks)
Feasible solution found!
Truck nodes:
Stage 1 at customer 0 with arrival time is: 0
Stage 1 at customer 0 with departure time is: 0
Stage 2 at customer 4 with arrival time is: 3.34807
Stage 2 at customer 4 with departure time is: 3.34807
Stage 3 at customer 12 with arrival time is: 5.2537
Stage 3 at customer 12 with departure time is: 7.2537
Stage 4 at customer 6 with arrival time is: 16.9457
Stage 4 at customer 6 with departure time is: 18.9457
Stage 5 at customer 1 with arrival time is: 21.4993
Stage 5 at customer 1 with departure time is: 23.4993
Stage 6 at customer 7 with arrival time is: 28.6752
Stage 6 at customer 7 with departure time is: 28.6752
Stage 7 at customer 3 with arrival time is: 30.672
Stage 7 at customer 3 with departure time is: 30.672
Stage 8 at customer 8 with arrival time is: 31.8261
Stage 8 at customer 8 with departure time is: 33.882
Stage 9 at customer 13 with arrival time is: 42.2545
Stage 9 at customer 13 with departure time is: 43.2545
Truck arcs:
Arc 1 connecting 0 and 4 with cost 3.34807 
Arc 2 connecting 4 and 12 with cost 1.90563 
Arc 3 connecting 12 and 6 with cost 9.69205 
Arc 4 connecting 6 and 1 with cost 2.55352 
Arc 5 connecting 1 and 7 with cost 5.17594 
Arc 6 connecting 7 and 3 with cost 1.99681 
Arc 7 connecting 3 and 8 with cost 1.15412 
Arc 8 connecting 8 and 13 with cost 8.37252 
Drone served customers
Drone flies from stage 1 to stage 3
Drone flies from stage 3 to stage 4
Drone flies from stage 4 to stage 5
Drone flies from stage 5 to stage 8
Drone flies from stage 8 to stage 9
Drone flies from stage 5 to stage 8 to serve customer 2
Drone flies from stage 3 to stage 4 to serve customer 5
Drone flies from stage 8 to stage 9 to serve customer 9
Drone flies from stage 4 to stage 5 to serve customer 10
Drone flies from stage 1 to stage 3 to serve customer 11
1
Customer 2 served by drone.
Y_val: 1
W_val: 1
Drone fly from 1 at stage 5 to serve 2 and then fly back to 8 at stage 8. 
Truck travel time from stage 5 to 8 is: 8.32688
Start arc cost: 4.27238, end arc cost: 4.11031. Total drone travel time: 8.38269
Drone arrival time: 31.882
Truck arrival time: 31.8261
Truck departure time = max(d/a, t/a) plus (sl/sr): 33.882
1
Customer 5 served by drone.
Y_val: 1
W_val: 1
Drone fly from 12 at stage 3 to serve 5 and then fly back to 6 at stage 4. 
Truck travel time from stage 3 to 4 is: 9.69205
Start arc cost: 3.18095, end arc cost: 5.03993. Total drone travel time: 8.22088
Drone arrival time: 15.4746
Truck arrival time: 16.9457
Truck departure time = max(d/a, t/a) plus (sl/sr): 18.9457
1
Customer 9 served by drone.
Y_val: 1
W_val: 1
Drone fly from 8 at stage 8 to serve 9 and then fly back to 13 at stage 9. 
Truck travel time from stage 8 to 9 is: 8.37252
Start arc cost: 4.40874, end arc cost: 2.31579. Total drone travel time: 6.72453
Drone arrival time: 40.6065
Truck arrival time: 42.2545
Truck departure time = max(d/a, t/a) plus (sl/sr): 43.2545
1
Customer 10 served by drone.
Y_val: 1
W_val: 1
Drone fly from 6 at stage 4 to serve 10 and then fly back to 1 at stage 5. 
Truck travel time from stage 4 to 5 is: 2.55352
Start arc cost: 0.898319, end arc cost: 0.565495. Total drone travel time: 1.46381
Drone arrival time: 20.4096
Truck arrival time: 21.4993
Truck departure time = max(d/a, t/a) plus (sl/sr): 23.4993
1
Customer 11 served by drone.
Y_val: 1
W_val: 1
Drone fly from 0 at stage 1 to serve 11 and then fly back to 12 at stage 3. 
Truck travel time from stage 1 to 3 is: 5.2537
Start arc cost: 1.76964, end arc cost: 2.23594. Total drone travel time: 4.00558
Drone arrival time: 4.00558
Truck arrival time: 5.2537
Truck departure time = max(d/a, t/a) plus (sl/sr): 7.2537
Done!
-------------------------Re-calculated objective-----------------------
43.2545
------------------------------------------------------------------------
Solve time: 46.085
OBJECTIVE VALUE: 43.2545, NUMBER OF SORTIES: 5.
In write mode
