Instance name: /home/cuong/CLionProjects/uMV-FSTSP/rand_generated_instances/v63
Write arg val: 1

drone speed: 1 miles/minute
uav non-eligible customer: 3 4 6 10 14 
Travel time is in self-calculate mode. tau/tau_prime provided from instance file will be disregarded.
Printing tau:
0 6.7198 20.1653 14.1081 17.7269 13.8443 7.85703 1.93591 13.5104 17.838 8.94904 9.42913 3.65521 0 
6.7198 0 24.8551 17.127 20.7597 18.4632 7.88038 5.11742 13.9326 15.0548 3.24046 8.79139 3.23923 6.7198 
20.1653 24.8551 0 8.99666 7.09144 6.41525 17.9955 20.5436 15.0849 22.5586 27.9845 18.1971 21.9938 20.1653 
14.1081 17.127 8.99666 0 3.68193 4.61792 9.55176 13.7631 6.164 13.8662 20.3633 9.43978 14.7499 14.1081 
17.7269 20.7597 7.09144 3.68193 0 5.94597 13.0711 17.4376 8.62421 15.6598 23.9994 12.7701 18.4293 17.7269 
13.8443 18.4632 6.41525 4.61792 5.94597 0 11.9036 14.1394 10.3983 18.1946 21.5764 12.3495 15.5789 13.8443 
7.85703 7.88038 17.9955 9.55176 13.0711 11.9036 0 6.38613 6.21856 10.1785 11.0946 1.5886 6.35033 7.85703 
1.93591 5.11742 20.5436 13.7631 17.4376 14.1394 6.38613 0 12.36 16.1212 7.74839 7.90325 1.89117 1.93591 
13.5104 13.9326 15.0849 6.164 8.62421 10.3983 6.21856 12.36 0 7.79633 17.0648 5.14605 12.5542 13.5104 
17.838 15.0548 22.5586 13.8662 15.6598 18.1946 10.1785 16.1212 7.79633 0 17.4132 8.60844 15.3724 17.838 
8.94904 3.24046 27.9845 20.3633 23.9994 21.5764 11.0946 7.74839 17.0648 17.4132 0 11.9201 6.04653 8.94904 
9.42913 8.79139 18.1971 9.43978 12.7701 12.3495 1.5886 7.90325 5.14605 8.60844 11.9201 0 7.68796 9.42913 
3.65521 3.23923 21.9938 14.7499 18.4293 15.5789 6.35033 1.89117 12.5542 15.3724 6.04653 7.68796 0 3.65521 
0 0 0 0 0 0 0 0 0 0 0 0 0 0 
Printing tau_prime:
0 1.67995 5.04133 3.52703 4.43173 3.46108 1.96426 0.483978 3.37761 4.4595 2.23726 2.35728 0.913803 0 
1.67995 0 6.21377 4.28176 5.18992 4.61579 1.9701 1.27936 3.48316 3.76369 0.810115 2.19785 0.809808 1.67995 
5.04133 6.21377 0 2.24916 1.77286 1.60381 4.49888 5.13591 3.77122 5.63964 6.99612 4.54928 5.49846 5.04133 
3.52703 4.28176 2.24916 0 0.920482 1.15448 2.38794 3.44078 1.541 3.46655 5.09083 2.35994 3.68748 3.52703 
4.43173 5.18992 1.77286 0.920482 0 1.48649 3.26779 4.35941 2.15605 3.91495 5.99984 3.19253 4.60731 4.43173 
3.46108 4.61579 1.60381 1.15448 1.48649 0 2.97589 3.53485 2.59958 4.54866 5.3941 3.08738 3.89473 3.46108 
1.96426 1.9701 4.49888 2.38794 3.26779 2.97589 0 1.59653 1.55464 2.54462 2.77365 0.397151 1.58758 1.96426 
0.483978 1.27936 5.13591 3.44078 4.35941 3.53485 1.59653 0 3.09 4.0303 1.9371 1.97581 0.472792 0.483978 
3.37761 3.48316 3.77122 1.541 2.15605 2.59958 1.55464 3.09 0 1.94908 4.26619 1.28651 3.13855 3.37761 
4.4595 3.76369 5.63964 3.46655 3.91495 4.54866 2.54462 4.0303 1.94908 0 4.3533 2.15211 3.84309 4.4595 
2.23726 0.810115 6.99612 5.09083 5.99984 5.3941 2.77365 1.9371 4.26619 4.3533 0 2.98003 1.51163 2.23726 
2.35728 2.19785 4.54928 2.35994 3.19253 3.08738 0.397151 1.97581 1.28651 2.15211 2.98003 0 1.92199 2.35728 
0.913803 0.809808 5.49846 3.68748 4.60731 3.89473 1.58758 0.472792 3.13855 3.84309 1.51163 1.92199 0 0.913803 
0 0 0 0 0 0 0 0 0 0 0 0 0 0 
Printing number of nodes: 13

Warning:  Output names have been modified due to duplicate names or characters invalid in LP format.
Version identifier: 22.1.1.0 | 2022-11-28 | 9160aff4d
CPXPARAM_Emphasis_MIP                            2
CPXPARAM_MIP_Tolerances_Integrality              0
Tried aggregator 2 times.
MIP Presolve eliminated 12003 rows and 2847 columns.
MIP Presolve modified 5046 coefficients.
Aggregator did 28 substitutions.
Reduced MIP has 2298 rows, 4966 columns, and 59186 nonzeros.
Reduced MIP has 4941 binaries, 0 generals, 0 SOSs, and 0 indicators.
Presolve time = 0.06 sec. (121.11 ticks)
Probing time = 0.01 sec. (8.63 ticks)
Cover probing fixed 1 vars, tightened 0 bounds.
Tried aggregator 2 times.
Detecting symmetries...
MIP Presolve eliminated 21 rows and 1 columns.
MIP Presolve modified 167 coefficients.
Aggregator did 2 substitutions.
Reduced MIP has 2275 rows, 4963 columns, and 59156 nonzeros.
Reduced MIP has 4938 binaries, 0 generals, 0 SOSs, and 0 indicators.
Presolve time = 0.03 sec. (55.43 ticks)
Probing time = 0.01 sec. (7.96 ticks)
Clique table members: 23949.
MIP emphasis: optimality.
MIP search method: dynamic search.
Parallel mode: deterministic, using up to 20 threads.
Root relaxation solution time = 0.42 sec. (773.54 ticks)

        Nodes                                         Cuts/
   Node  Left     Objective  IInf  Best Integer    Best Bound    ItCnt     Gap

      0     0       38.9266   308                     38.9266       23         
*     0+    0                        20464.7754       38.9266            99.81%
      0     0       46.0100   220    20464.7754      Cuts: 15     1349   99.78%
*     0+    0                           95.1911       46.0100            51.67%
      0     0       46.1418   211       95.1911   ZeroHalf: 9     1511   51.53%
      0     0       46.4937   242       95.1911  ZeroHalf: 11     1809   51.16%
*     0+    0                           91.8304       46.4937            49.37%
*     0+    0                           89.8078       46.4937            48.23%
*     0+    0                           86.1062       46.4937            46.00%
*     0+    0                           79.6056       46.4937            41.59%
*     0+    0                           69.0580       46.4937            32.67%
      0     0  -1.00000e+75     0       69.0580       46.4937     1809   32.67%
*     0+    0                           64.6621       46.4937            28.10%
      0     0       47.1775   227       64.6621   ZeroHalf: 7     2113   27.04%
*     0+    0                           62.6664       47.1775            24.72%
      0     0       47.3799   254       62.6664   ZeroHalf: 9     2933   24.39%
Detecting symmetries...
      0     0       48.3135   271       62.6664      Cuts: 13     4075   22.90%
*     0+    0                           60.8708       48.3135            20.63%
      0     0       48.4243   263       60.8708      Cuts: 10     4530   20.45%
      0     0       48.6883   240       60.8708      Cuts: 11     5702   20.01%
*     0+    0                           60.3020       48.6883            19.26%
      0     0       48.7308   299       60.3020       Cuts: 3     8081   19.19%
      0     0       48.7360   288       60.3020       Cuts: 6     8346   19.18%
      0     0       48.8958   298       60.3020   ZeroHalf: 3     9075   18.92%
      0     0       49.0954   302       60.3020   ZeroHalf: 3    10082   18.58%
      0     0       49.1570   330       60.3020       Cuts: 8    10646   18.48%
      0     0       49.2715   298       60.3020       Cuts: 4    11045   18.29%
      0     0       49.2837   284       60.3020   ZeroHalf: 2    11086   18.27%
*     0+    0                           60.1432       49.2837            18.06%
      0     0       49.4539   305       60.1432       Cuts: 3    11723   17.77%
      0     0       49.5282   324       60.1432       Cuts: 6    12384   17.65%
Detecting symmetries...
      0     2       49.5282   256       60.1432       49.5282    12384   17.65%
Elapsed time = 3.97 sec. (5876.98 ticks, tree = 0.02 MB, solutions = 12)
      5     3       52.5522   270       60.1432       49.6785    17565   17.40%
     56    22       55.6145   213       60.1432       49.6785    24025   17.40%
    233    35       56.8832   204       60.1432       50.0155    52042   16.84%
    388    26       59.7816   199       60.1432       50.0155    93987   16.84%
    529    25       57.3015   270       60.1432       50.9046   122398   15.36%
*   664    25      integral     0       59.5503       51.6972   156029   13.19%
    684    40       58.6635    90       59.5503       51.6972   167247   13.19%
*   728    28      integral     0       59.1434       51.6972   170310   12.59%
    742    35        cutoff             59.1434       51.6972   195503   12.59%
    754    33       57.4033   198       59.1434       51.6972   185450   12.59%
    786    39        cutoff             59.1434       51.6972   233136   12.59%
   1122    26       57.5705   173       59.1434       52.2304   309788   11.69%
Elapsed time = 7.70 sec. (9469.78 ticks, tree = 0.02 MB, solutions = 14)

Implied bound cuts applied:  30
Zero-half cuts applied:  46
Lift and project cuts applied:  2
Gomory fractional cuts applied:  4

Root node processing (before b&c):
  Real time             =    3.86 sec. (5745.26 ticks)
Parallel b&c, 20 threads:
  Real time             =    4.54 sec. (4514.21 ticks)
  Sync time (average)   =    1.87 sec.
  Wait time (average)   =    0.00 sec.
                          ------------
Total (root+branch&cut) =    8.40 sec. (10259.48 ticks)
Feasible solution found!
Truck nodes:
Stage 1 at customer 0 with arrival time is: 0
Stage 1 at customer 0 with departure time is: 0
Stage 2 at customer 3 with arrival time is: 14.1081
Stage 2 at customer 3 with departure time is: 14.1081
Stage 3 at customer 4 with arrival time is: 17.7901
Stage 3 at customer 4 with departure time is: 18.7901
Stage 4 at customer 8 with arrival time is: 27.4143
Stage 4 at customer 8 with departure time is: 27.4143
Stage 5 at customer 11 with arrival time is: 32.5603
Stage 5 at customer 11 with departure time is: 33.5603
Stage 6 at customer 6 with arrival time is: 35.1489
Stage 6 at customer 6 with departure time is: 35.1489
Stage 7 at customer 1 with arrival time is: 43.0293
Stage 7 at customer 1 with departure time is: 43.0293
Stage 8 at customer 10 with arrival time is: 46.2698
Stage 8 at customer 10 with departure time is: 48.2698
Stage 9 at customer 12 with arrival time is: 54.3163
Stage 9 at customer 12 with departure time is: 54.3163
Stage 10 at customer 7 with arrival time is: 56.2075
Stage 10 at customer 7 with departure time is: 56.2075
Stage 11 at customer 13 with arrival time is: 58.1434
Stage 11 at customer 13 with departure time is: 59.1434
Truck arcs:
Arc 1 connecting 0 and 3 with cost 14.1081 
Arc 2 connecting 3 and 4 with cost 3.68193 
Arc 3 connecting 4 and 8 with cost 8.62421 
Arc 4 connecting 8 and 11 with cost 5.14605 
Arc 5 connecting 11 and 6 with cost 1.5886 
Arc 6 connecting 6 and 1 with cost 7.88038 
Arc 7 connecting 1 and 10 with cost 3.24046 
Arc 8 connecting 10 and 12 with cost 6.04653 
Arc 9 connecting 12 and 7 with cost 1.89117 
Arc 10 connecting 7 and 13 with cost 1.93591 
Drone served customers
Drone flies from stage 1 to stage 3
Drone flies from stage 5 to stage 8
Drone flies from stage 8 to stage 11
Drone flies from stage 5 to stage 8 to serve customer 2
Drone flies from stage 1 to stage 3 to serve customer 5
Drone flies from stage 8 to stage 11 to serve customer 9
1
Customer 2 served by drone.
Y_val: 1
W_val: 1
Drone fly from 11 at stage 5 to serve 2 and then fly back to 10 at stage 8. 
Truck travel time from stage 5 to 8 is: 12.7094
Start arc cost: 4.54928, end arc cost: 6.99612. Total drone travel time: 11.5454
Drone arrival time: 45.1057
Truck arrival time: 46.2698
Truck departure time = max(d/a, t/a) plus (sl/sr): 48.2698
1
Customer 5 served by drone.
Y_val: 1
W_val: 1
Drone fly from 0 at stage 1 to serve 5 and then fly back to 4 at stage 3. 
Truck travel time from stage 1 to 3 is: 17.7901
Start arc cost: 3.46108, end arc cost: 1.48649. Total drone travel time: 4.94757
Drone arrival time: 4.94757
Truck arrival time: 17.7901
Truck departure time = max(d/a, t/a) plus (sl/sr): 18.7901
1
Customer 9 served by drone.
Y_val: 1
W_val: 1
Drone fly from 10 at stage 8 to serve 9 and then fly back to 13 at stage 11. 
Truck travel time from stage 8 to 11 is: 9.87361
Start arc cost: 4.3533, end arc cost: 4.4595. Total drone travel time: 8.8128
Drone arrival time: 57.0826
Truck arrival time: 58.1434
Truck departure time = max(d/a, t/a) plus (sl/sr): 59.1434
Done!
-------------------------Re-calculated objective-----------------------
59.1434
------------------------------------------------------------------------
Solve time: 8.41
OBJECTIVE VALUE: 59.1434, NUMBER OF SORTIES: 3.
In write mode
