Instance name: /home/cuong/CLionProjects/uMV-FSTSP/rand_generated_instances/v7
Write arg val: 1

drone speed: 1 miles/minute
uav non-eligible customer: 1 2 6 8 9 14 
Travel time is in self-calculate mode. tau/tau_prime provided from instance file will be disregarded.
Printing tau:
0 4.97993 25.3859 4.19876 21.2993 10.6459 8.3254 4.70598 22.2681 16.6598 3.16427 3.27867 21.304 0 
4.97993 0 20.8174 3.16682 16.6988 5.72675 5.91954 9.54365 17.296 11.7368 1.82794 7.83135 16.4562 4.97993 
25.3859 20.8174 0 23.5906 4.12141 16.7042 18.0559 29.1122 8.16782 13.3327 22.3988 28.541 5.61491 25.3859 
4.19876 3.16682 23.5906 0 19.4725 7.46342 8.90919 8.77597 19.3557 13.2841 2.82469 5.87676 18.9326 4.19876 
21.2993 16.6988 4.12141 19.4725 0 12.672 14.1769 25.1114 6.49273 9.95946 18.2918 24.4374 3.04313 21.2993 
10.6459 5.72675 16.7042 7.46342 12.672 0 8.44916 15.2665 11.8923 6.01619 7.54449 13.1889 11.6687 10.6459 
8.3254 5.91954 18.0559 8.90919 14.1769 8.44916 0 11.2031 16.985 13.2462 6.31463 11.588 15.0196 8.3254 
4.70598 9.54365 29.1122 8.77597 25.1114 15.2665 11.2031 0 26.6765 21.2799 7.72196 4.0412 25.444 4.70598 
22.2681 17.296 8.16782 19.3557 6.49273 11.8923 16.985 26.6765 0 6.55441 19.1039 25.0238 3.46366 22.2681 
16.6598 11.7368 13.3327 13.2841 9.95946 6.01619 13.2462 21.2799 6.55441 0 13.5586 19.1146 7.72619 16.6598 
3.16427 1.82794 22.3988 2.82469 18.2918 7.54449 6.31463 7.72196 19.1039 13.5586 0 6.14805 18.1809 3.16427 
3.27867 7.83135 28.541 5.87676 24.4374 13.1889 11.588 4.0412 25.0238 19.1146 6.14805 0 24.2875 3.27867 
21.304 16.4562 5.61491 18.9326 3.04313 11.6687 15.0196 25.444 3.46366 7.72619 18.1809 24.2875 0 21.304 
0 0 0 0 0 0 0 0 0 0 0 0 0 0 
Printing tau_prime:
0 1.24498 6.34647 1.04969 5.32483 2.66147 2.08135 1.17649 5.56703 4.16495 0.791068 0.819666 5.326 0 
1.24498 0 5.20435 0.791705 4.17469 1.43169 1.47989 2.38591 4.32401 2.9342 0.456986 1.95784 4.11404 1.24498 
6.34647 5.20435 0 5.89766 1.03035 4.17605 4.51397 7.27805 2.04196 3.33316 5.59971 7.13524 1.40373 6.34647 
1.04969 0.791705 5.89766 0 4.86812 1.86585 2.2273 2.19399 4.83893 3.32102 0.706172 1.46919 4.73316 1.04969 
5.32483 4.17469 1.03035 4.86812 0 3.16801 3.54422 6.27785 1.62318 2.48987 4.57294 6.10934 0.760783 5.32483 
2.66147 1.43169 4.17605 1.86585 3.16801 0 2.11229 3.81661 2.97307 1.50405 1.88612 3.29723 2.91719 2.66147 
2.08135 1.47989 4.51397 2.2273 3.54422 2.11229 0 2.80078 4.24625 3.31155 1.57866 2.89699 3.75489 2.08135 
1.17649 2.38591 7.27805 2.19399 6.27785 3.81661 2.80078 0 6.66913 5.31998 1.93049 1.0103 6.36099 1.17649 
5.56703 4.32401 2.04196 4.83893 1.62318 2.97307 4.24625 6.66913 0 1.6386 4.77597 6.25595 0.865914 5.56703 
4.16495 2.9342 3.33316 3.32102 2.48987 1.50405 3.31155 5.31998 1.6386 0 3.38964 4.77865 1.93155 4.16495 
0.791068 0.456986 5.59971 0.706172 4.57294 1.88612 1.57866 1.93049 4.77597 3.38964 0 1.53701 4.54522 0.791068 
0.819666 1.95784 7.13524 1.46919 6.10934 3.29723 2.89699 1.0103 6.25595 4.77865 1.53701 0 6.07187 0.819666 
5.326 4.11404 1.40373 4.73316 0.760783 2.91719 3.75489 6.36099 0.865914 1.93155 4.54522 6.07187 0 5.326 
0 0 0 0 0 0 0 0 0 0 0 0 0 0 
Printing number of nodes: 13

Warning:  Output names have been modified due to duplicate names or characters invalid in LP format.
Version identifier: 22.1.1.0 | 2022-11-28 | 9160aff4d
CPXPARAM_Emphasis_MIP                            2
CPXPARAM_MIP_Tolerances_Integrality              0
Tried aggregator 2 times.
MIP Presolve eliminated 12164 rows and 3223 columns.
MIP Presolve modified 4494 coefficients.
Aggregator did 28 substitutions.
Reduced MIP has 2138 rows, 4590 columns, and 53122 nonzeros.
Reduced MIP has 4565 binaries, 0 generals, 0 SOSs, and 0 indicators.
Presolve time = 0.05 sec. (110.87 ticks)
Found incumbent of value 22302.425856 after 0.08 sec. (177.18 ticks)
Probing time = 0.01 sec. (8.38 ticks)
Cover probing fixed 4 vars, tightened 1 bounds.
Tried aggregator 2 times.
Detecting symmetries...
MIP Presolve eliminated 21 rows and 4 columns.
MIP Presolve modified 167 coefficients.
Aggregator did 2 substitutions.
Reduced MIP has 2115 rows, 4584 columns, and 53077 nonzeros.
Reduced MIP has 4559 binaries, 0 generals, 0 SOSs, and 0 indicators.
Presolve time = 0.02 sec. (49.50 ticks)
Probing time = 0.01 sec. (7.56 ticks)
Clique table members: 21664.
MIP emphasis: optimality.
MIP search method: dynamic search.
Parallel mode: deterministic, using up to 20 threads.
Root relaxation solution time = 0.23 sec. (507.78 ticks)

        Nodes                                         Cuts/
   Node  Left     Objective  IInf  Best Integer    Best Bound    ItCnt     Gap

*     0+    0                        22302.4259        3.1643            99.99%
      0     0       55.4569   280    22302.4259       55.4569       20   99.75%
*     0+    0                           74.7512       55.4569            25.81%
      0     0       58.5368   157       74.7512      Cuts: 14     1816   21.69%
      0     0       59.3085   238       74.7512      Cuts: 24     3172   20.66%
      0     0       59.4612   205       74.7512  ZeroHalf: 10     3727   20.45%
*     0+    0                           72.8920       59.4612            18.43%
*     0+    0                           71.9176       59.4612            17.32%
      0     0  -1.00000e+75     0       71.9176       59.4612     3727   17.32%
      0     0       59.4809   237       71.9176   ZeroHalf: 5     3856   17.29%
      0     0       59.4862   277       71.9176   ZeroHalf: 4     4171   17.29%
Detecting symmetries...
*     0+    0                           68.9484       59.4862            13.72%
      0     0       59.5039   274       68.9484   ZeroHalf: 6     4262   13.70%
*     0+    0                           67.6412       59.5039            12.03%
      0     0       59.6247   228       67.6412   ZeroHalf: 9     4841   11.85%
      0     0       59.6621   221       67.6412   ZeroHalf: 6     5137   11.80%
*     0+    0                           67.4007       59.6621            11.48%
      0     0       59.8313   236       67.4007   ZeroHalf: 6     5785   11.23%
      0     0       59.9257   224       67.4007  ZeroHalf: 16     5961   11.09%
      0     0       59.9286   227       67.4007  ZeroHalf: 10     6021   11.09%
      0     0       59.9500   200       67.4007  ZeroHalf: 12     6138   11.05%
      0     0       59.9574   234       67.4007  ZeroHalf: 11     6471   11.04%
*     0+    0                           63.9918       59.9574             6.30%
Detecting symmetries...

Repeating presolve.
Tried aggregator 2 times.
MIP Presolve eliminated 139 rows and 1292 columns.
MIP Presolve modified 355 coefficients.
Aggregator did 31 substitutions.
Reduced MIP has 1945 rows, 3261 columns, and 42851 nonzeros.
Reduced MIP has 3236 binaries, 0 generals, 0 SOSs, and 0 indicators.
Presolve time = 0.03 sec. (58.68 ticks)
Probing fixed 134 vars, tightened 0 bounds.
Probing changed sense of 7 constraints.
Probing time = 0.07 sec. (174.91 ticks)
Tried aggregator 2 times.
MIP Presolve eliminated 92 rows and 138 columns.
MIP Presolve modified 72 coefficients.
Aggregator did 2 substitutions.
Reduced MIP has 1851 rows, 3121 columns, and 40425 nonzeros.
Reduced MIP has 3096 binaries, 0 generals, 0 SOSs, and 0 indicators.
Presolve time = 0.03 sec. (52.98 ticks)
Probing time = 0.01 sec. (7.62 ticks)
Tried aggregator 2 times.
Detecting symmetries...
MIP Presolve eliminated 9 rows and 0 columns.
MIP Presolve modified 5 coefficients.
Aggregator did 2 substitutions.
Reduced MIP has 1840 rows, 3119 columns, and 40412 nonzeros.
Reduced MIP has 3094 binaries, 0 generals, 0 SOSs, and 0 indicators.
Presolve time = 0.02 sec. (36.74 ticks)
Represolve time = 0.19 sec. (375.11 ticks)
Probing time = 0.01 sec. (7.72 ticks)
Clique table members: 17401.
MIP emphasis: optimality.
MIP search method: dynamic search.
Parallel mode: deterministic, using up to 20 threads.
Root relaxation solution time = 0.24 sec. (484.67 ticks)

        Nodes                                         Cuts/
   Node  Left     Objective  IInf  Best Integer    Best Bound    ItCnt     Gap

*     0+    0                           63.9918       60.2733             5.81%
      0     0       60.5564   236       63.9918       60.5564    11472    5.37%
      0     0       60.7273   224       63.9918      Cuts: 14    11904    5.10%
      0     0       60.7919   264       63.9918  ZeroHalf: 17    12541    5.00%
      0     0       60.8156   222       63.9918   ZeroHalf: 7    12798    4.96%
      0     0       60.8433   243       63.9918   ZeroHalf: 5    13227    4.92%
      0     0       60.8927   290       63.9918      Cuts: 10    14025    4.18%
      0     0       60.9535   259       63.9918  ZeroHalf: 10    15063    4.18%
      0     0       61.0050   299       63.9918       Cuts: 5    16048    2.27%
      0     0        cutoff             63.9918       63.9918    19490    0.00%
Elapsed time = 3.91 sec. (6077.46 ticks, tree = 0.01 MB, solutions = 8)

Clique cuts applied:  2
Implied bound cuts applied:  1
Zero-half cuts applied:  29
Lift and project cuts applied:  1
Gomory fractional cuts applied:  6

Root node processing (before b&c):
  Real time             =    3.91 sec. (6078.20 ticks)
Parallel b&c, 20 threads:
  Real time             =    0.00 sec. (0.00 ticks)
  Sync time (average)   =    0.00 sec.
  Wait time (average)   =    0.00 sec.
                          ------------
Total (root+branch&cut) =    3.91 sec. (6078.20 ticks)
Feasible solution found!
Truck nodes:
Stage 1 at customer 0 with arrival time is: 0
Stage 1 at customer 0 with departure time is: 0
Stage 2 at customer 10 with arrival time is: 3.16427
Stage 2 at customer 10 with departure time is: 3.16427
Stage 3 at customer 1 with arrival time is: 4.99221
Stage 3 at customer 1 with departure time is: 4.99221
Stage 4 at customer 5 with arrival time is: 10.719
Stage 4 at customer 5 with departure time is: 10.719
Stage 5 at customer 9 with arrival time is: 16.7352
Stage 5 at customer 9 with departure time is: 18.7352
Stage 6 at customer 8 with arrival time is: 25.2896
Stage 6 at customer 8 with departure time is: 25.2896
Stage 7 at customer 12 with arrival time is: 28.7532
Stage 7 at customer 12 with departure time is: 29.7532
Stage 8 at customer 2 with arrival time is: 35.3681
Stage 8 at customer 2 with departure time is: 35.3681
Stage 9 at customer 4 with arrival time is: 39.4895
Stage 9 at customer 4 with departure time is: 39.4895
Stage 10 at customer 6 with arrival time is: 53.6664
Stage 10 at customer 6 with departure time is: 54.6664
Stage 11 at customer 13 with arrival time is: 62.9918
Stage 11 at customer 13 with departure time is: 63.9918
Truck arcs:
Arc 1 connecting 0 and 10 with cost 3.16427 
Arc 2 connecting 10 and 1 with cost 1.82794 
Arc 3 connecting 1 and 5 with cost 5.72675 
Arc 4 connecting 5 and 9 with cost 6.01619 
Arc 5 connecting 9 and 8 with cost 6.55441 
Arc 6 connecting 8 and 12 with cost 3.46366 
Arc 7 connecting 12 and 2 with cost 5.61491 
Arc 8 connecting 2 and 4 with cost 4.12141 
Arc 9 connecting 4 and 6 with cost 14.1769 
Arc 10 connecting 6 and 13 with cost 8.3254 
Drone served customers
Drone flies from stage 1 to stage 5
Drone flies from stage 5 to stage 7
Drone flies from stage 10 to stage 11
Drone flies from stage 5 to stage 7 to serve customer 3
Drone flies from stage 1 to stage 5 to serve customer 7
Drone flies from stage 10 to stage 11 to serve customer 11
1
Customer 3 served by drone.
Y_val: 1
W_val: 1
Drone fly from 9 at stage 5 to serve 3 and then fly back to 12 at stage 7. 
Truck travel time from stage 5 to 7 is: 10.0181
Start arc cost: 3.32102, end arc cost: 4.73316. Total drone travel time: 8.05418
Drone arrival time: 26.7893
Truck arrival time: 28.7532
Truck departure time = max(d/a, t/a) plus (sl/sr): 29.7532
1
Customer 7 served by drone.
Y_val: 1
W_val: 1
Drone fly from 0 at stage 1 to serve 7 and then fly back to 9 at stage 5. 
Truck travel time from stage 1 to 5 is: 16.7352
Start arc cost: 1.17649, end arc cost: 5.31998. Total drone travel time: 6.49648
Drone arrival time: 6.49648
Truck arrival time: 16.7352
Truck departure time = max(d/a, t/a) plus (sl/sr): 18.7352
1
Customer 11 served by drone.
Y_val: 1
W_val: 1
Drone fly from 6 at stage 10 to serve 11 and then fly back to 13 at stage 11. 
Truck travel time from stage 10 to 11 is: 8.3254
Start arc cost: 2.89699, end arc cost: 0.819666. Total drone travel time: 3.71666
Drone arrival time: 58.3831
Truck arrival time: 62.9918
Truck departure time = max(d/a, t/a) plus (sl/sr): 63.9918
Done!
-------------------------Re-calculated objective-----------------------
63.9918
------------------------------------------------------------------------
Solve time: 3.91
OBJECTIVE VALUE: 63.9918, NUMBER OF SORTIES: 3.
In write mode
