Instance name: /home/cuong/CLionProjects/uMV-FSTSP/rand_generated_instances/v98
Write arg val: 1

drone speed: 1 miles/minute
uav non-eligible customer: 14 
Travel time is in self-calculate mode. tau/tau_prime provided from instance file will be disregarded.
Printing tau:
0 8.60822 11.3852 9.13207 10.4241 15.8185 7.45249 9.8249 5.45539 17.4098 7.43112 4.62189 15.692 0 
8.60822 0 6.85084 13.8446 9.99088 7.73523 11.5053 13.3403 10.3117 8.8162 5.07199 10.0738 12.3484 8.60822 
11.3852 6.85084 0 11.2857 16.6389 6.96555 9.2862 9.98879 15.3792 11.2147 3.95703 9.71453 19.139 11.3852 
9.13207 13.8446 11.2857 0 19.3902 18.0947 2.34018 1.80132 14.4848 21.6435 9.20728 4.60528 24.2392 9.13207 
10.4241 9.99088 16.6389 19.3902 0 16.7495 17.4206 19.7678 6.24345 15.1919 13.6571 14.785 5.79974 10.4241 
15.8185 7.73523 6.96555 18.0947 16.7495 0 15.952 16.9069 18.0418 4.93027 9.36413 15.7348 17.0173 15.8185 
7.45249 11.5053 9.2862 2.34018 17.4206 15.952 0 2.37993 12.9043 19.363 6.90606 2.84855 22.0928 7.45249 
9.8249 13.3403 9.98879 1.80132 19.7678 16.9069 2.37993 0 15.2718 20.7035 8.44259 5.20757 24.3403 9.8249 
5.45539 10.3117 15.3792 14.4848 6.24345 18.0418 12.9043 15.2718 0 18.165 11.5874 10.0643 12.0287 5.45539 
17.4098 8.8162 11.2147 21.6435 15.1919 4.93027 19.363 20.7035 18.165 0 12.4612 18.5279 13.87 17.4098 
7.43112 5.07199 3.95703 9.20728 13.6571 9.36413 6.90606 8.44259 11.5874 12.4612 0 6.37174 17.0689 7.43112 
4.62189 10.0738 9.71453 4.60528 14.785 15.7348 2.84855 5.20757 10.0643 18.5279 6.37174 0 19.6913 4.62189 
15.692 12.3484 19.139 24.2392 5.79974 17.0173 22.0928 24.3403 12.0287 13.87 17.0689 19.6913 0 15.692 
0 0 0 0 0 0 0 0 0 0 0 0 0 0 
Printing tau_prime:
0 2.15205 2.8463 2.28302 2.60602 3.95463 1.86312 2.45623 1.36385 4.35244 1.85778 1.15547 3.92299 0 
2.15205 0 1.71271 3.46116 2.49772 1.93381 2.87632 3.33508 2.57793 2.20405 1.268 2.51844 3.0871 2.15205 
2.8463 1.71271 0 2.82143 4.15973 1.74139 2.32155 2.4972 3.8448 2.80367 0.989258 2.42863 4.78474 2.8463 
2.28302 3.46116 2.82143 0 4.84754 4.52367 0.585045 0.450329 3.62119 5.41087 2.30182 1.15132 6.0598 2.28302 
2.60602 2.49772 4.15973 4.84754 0 4.18738 4.35516 4.94194 1.56086 3.79796 3.41427 3.69624 1.44993 2.60602 
3.95463 1.93381 1.74139 4.52367 4.18738 0 3.98801 4.22673 4.51045 1.23257 2.34103 3.93369 4.25433 3.95463 
1.86312 2.87632 2.32155 0.585045 4.35516 3.98801 0 0.594982 3.22608 4.84075 1.72651 0.712138 5.52321 1.86312 
2.45623 3.33508 2.4972 0.450329 4.94194 4.22673 0.594982 0 3.81795 5.17587 2.11065 1.30189 6.08508 2.45623 
1.36385 2.57793 3.8448 3.62119 1.56086 4.51045 3.22608 3.81795 0 4.54125 2.89684 2.51607 3.00716 1.36385 
4.35244 2.20405 2.80367 5.41087 3.79796 1.23257 4.84075 5.17587 4.54125 0 3.1153 4.63197 3.4675 4.35244 
1.85778 1.268 0.989258 2.30182 3.41427 2.34103 1.72651 2.11065 2.89684 3.1153 0 1.59293 4.26724 1.85778 
1.15547 2.51844 2.42863 1.15132 3.69624 3.93369 0.712138 1.30189 2.51607 4.63197 1.59293 0 4.92282 1.15547 
3.92299 3.0871 4.78474 6.0598 1.44993 4.25433 5.52321 6.08508 3.00716 3.4675 4.26724 4.92282 0 3.92299 
0 0 0 0 0 0 0 0 0 0 0 0 0 0 
Printing number of nodes: 13

Warning:  Output names have been modified due to duplicate names or characters invalid in LP format.
Version identifier: 22.1.1.0 | 2022-11-28 | 9160aff4d
CPXPARAM_Emphasis_MIP                            2
CPXPARAM_MIP_Tolerances_Integrality              0
Tried aggregator 2 times.
MIP Presolve eliminated 11360 rows and 1343 columns.
MIP Presolve modified 7558 coefficients.
Aggregator did 50 substitutions.
Reduced MIP has 2915 rows, 6448 columns, and 83622 nonzeros.
Reduced MIP has 6423 binaries, 0 generals, 0 SOSs, and 0 indicators.
Presolve time = 0.08 sec. (168.18 ticks)
Found incumbent of value 20672.134189 after 0.13 sec. (281.53 ticks)
Probing time = 0.01 sec. (10.20 ticks)
Tried aggregator 2 times.
Detecting symmetries...
MIP Presolve eliminated 21 rows and 0 columns.
MIP Presolve modified 173 coefficients.
Aggregator did 2 substitutions.
Reduced MIP has 2892 rows, 6446 columns, and 83597 nonzeros.
Reduced MIP has 6421 binaries, 0 generals, 0 SOSs, and 0 indicators.
Presolve time = 0.04 sec. (93.16 ticks)
Probing time = 0.01 sec. (9.38 ticks)
Clique table members: 33063.
MIP emphasis: optimality.
MIP search method: dynamic search.
Parallel mode: deterministic, using up to 20 threads.
Root relaxation solution time = 0.39 sec. (847.19 ticks)

        Nodes                                         Cuts/
   Node  Left     Objective  IInf  Best Integer    Best Bound    ItCnt     Gap

*     0+    0                        20672.1342        4.6219            99.98%
      0     0       36.8986   208    20672.1342       36.8986       34   99.82%
      0     0       37.9123   258    20672.1342      Cuts: 34     1603   99.82%
      0     0       38.0380   205    20672.1342      Cuts: 33     2235   99.82%
      0     0       38.0387   207    20672.1342      Cuts: 22     2349   99.82%
*     0+    0                          117.3226       38.0387            67.58%
*     0+    0                          104.2146       38.0387            63.50%
*     0+    0                           97.6986       38.0387            61.07%
*     0+    0                           60.0160       38.0387            36.62%
*     0+    0                           57.6831       38.0387            34.06%
*     0+    0                           56.1307       38.0387            32.23%
      0     0  -1.00000e+75     0       56.1307       38.0387     2349   32.23%
      0     0       38.0388   211       56.1307       Cuts: 8     2442   32.23%
*     0+    0                           52.8794       38.0388            28.06%
      0     0  -1.00000e+75     0       52.8794       38.0388     2442   28.06%
Detecting symmetries...
      0     2       38.0388   209       52.8794       38.0388     2442   28.06%
Elapsed time = 3.07 sec. (4162.85 ticks, tree = 0.02 MB, solutions = 8)
      4     4       38.7195   151       52.8794       38.1797     3720   27.80%
     13    11       40.6080   149       52.8794       38.2533     9123   27.66%
*    35+   16                           50.4405       38.2533            24.16%
     50    32       42.5691   131       50.4405       38.2533    30536   24.16%
    218    85       46.3968    26       50.4405       38.2533    58862   24.16%
    263   178       49.9047    69       50.4405       38.3371    80778   24.00%
    457   250        cutoff             50.4405       38.3371    95219   24.00%
    702   327       45.5572    35       50.4405       38.3371   109028   24.00%
*   784   418      integral     0       49.0149       38.3371   127353   21.78%
    858   446       45.3893   112       49.0149       38.3371   134519   21.78%
    997   493       38.4976   126       49.0149       38.3371   165968   21.78%
   1458   786       43.3725   114       49.0149       38.3371   280446   21.78%
Elapsed time = 6.33 sec. (7340.73 ticks, tree = 1.63 MB, solutions = 12)
   1903  1060       46.5069    63       49.0149       38.3371   414633   21.78%
   2375  1450       43.3172    91       49.0149       38.3375   574193   21.78%
   2567  1623       40.9942   122       49.0149       38.3375   669171   21.78%
   2997  1862       47.4670    69       49.0149       38.3838   761853   21.69%
   3493  2291       45.5339   395       49.0149       38.5123   950875   21.43%
   4014  2556        cutoff             49.0149       38.6409  1056192   21.16%
   4508  2997       45.9078    63       49.0149       39.4532  1213875   19.51%

Performing restart 1

Repeating presolve.
Tried aggregator 2 times.
MIP Presolve eliminated 21 rows and 671 columns.
MIP Presolve modified 24290 coefficients.
Aggregator did 4 substitutions.
Reduced MIP has 2867 rows, 5771 columns, and 66292 nonzeros.
Reduced MIP has 5746 binaries, 0 generals, 0 SOSs, and 0 indicators.
Presolve time = 0.05 sec. (118.58 ticks)
Tried aggregator 1 time.
Reduced MIP has 2867 rows, 5771 columns, and 66292 nonzeros.
Reduced MIP has 5746 binaries, 0 generals, 0 SOSs, and 0 indicators.
Presolve time = 0.03 sec. (64.65 ticks)
Represolve time = 0.16 sec. (332.11 ticks)
   4603     0       38.0992   201       49.0149      Cuts: 13  1363047   19.27%
   4603     0       38.1235   219       49.0149      Cuts: 11  1363554   19.27%
   4603     0       38.1275   300       49.0149       Cuts: 6  1363719   19.27%
   4603     0       38.1655   287       49.0149       Cuts: 4  1364181   19.27%
   4603     0       38.1930   284       49.0149       Cuts: 3  1364442   19.27%
   4603     2       38.1930   282       49.0149       39.5681  1364442   19.27%
   4604     3       39.6018   143       49.0149       39.5681  1365022   19.27%
   4606     4       40.4645   125       49.0149       39.5681  1365389   19.27%
Elapsed time = 22.35 sec. (29657.97 ticks, tree = 0.02 MB, solutions = 12)
   4615     7       41.8853   152       49.0149       39.5681  1367167   19.27%
*  4644    13      integral     0       48.8344       39.5681  1369311   18.98%
   4708    14        cutoff             48.8344       39.5681  1377520   18.98%
   4873    12       44.1627   143       48.8344       39.5681  1395973   18.98%
   4920     8       43.9412   113       48.8344       39.5681  1416270   18.98%
   4969    10       46.6549   105       48.8344       39.5681  1430844   18.98%
   4990    20       46.7026    65       48.8344       39.5681  1447443   18.98%
   5204    17       44.9418    85       48.8344       39.5681  1475313   18.98%
   5251    33       48.0357   104       48.8344       39.5681  1523200   18.98%
   5335    69       47.5915    52       48.8344       39.5681  1599397   18.98%
Elapsed time = 29.90 sec. (38883.45 ticks, tree = 0.15 MB, solutions = 14)
   5377    84       48.5056   158       48.8344       39.5681  1620263   18.98%
   5411   106       45.6814   113       48.8344       39.5681  1657384   18.98%
   5506   126       45.5761   153       48.8344       39.5681  1690219   18.98%
   5748   219       48.4953   354       48.8344       39.8049  1792527   18.49%
   6055   303       43.2688   220       48.8344       39.8049  1850841   18.49%
   6234   438       46.1470   100       48.8344       39.9296  1977811   18.23%
   6393   502       46.5325   100       48.8344       39.9443  2036223   18.20%
   6523   516        cutoff             48.8344       39.9887  2054484   18.11%
   6621   643       41.8723   338       48.8344       39.9887  2202578   18.11%
   6774   748        cutoff             48.8344       40.2503  2339929   17.58%
Elapsed time = 40.98 sec. (48469.73 ticks, tree = 1.35 MB, solutions = 14)
   6963   783       43.1567   369       48.8344       40.2503  2396489   17.58%
   7058   886        cutoff             48.8344       40.4527  2494633   17.16%
   7111   870       42.1076   183       48.8344       40.4592  2472149   17.15%
   7167   957        cutoff             48.8344       40.4592  2590712   17.15%
   7327  1048       47.0289   188       48.8344       40.5256  2699702   17.01%
   7570  1084        cutoff             48.8344       40.5512  2733871   16.96%
   7793  1241        cutoff             48.8344       40.5513  2921216   16.96%
   8071  1240       44.3993   183       48.8344       42.4421  2899821   13.09%
   8466  1397       44.6692   174       48.8344       42.4421  3053168   13.09%
   8822  1635       44.1871   221       48.8344       43.1098  3229591   11.72%
Elapsed time = 51.82 sec. (58075.88 ticks, tree = 4.03 MB, solutions = 14)
   9048  1845       45.7994    90       48.8344       43.6390  3373981   10.64%
   9107  1896        cutoff             48.8344       43.7070  3409644   10.50%
   9166  2108       47.3983    31       48.8344       43.7684  3572923   10.37%
   9259  2140       46.2324   125       48.8344       43.7684  3633154   10.37%
   9481  2168        cutoff             48.8344       43.7684  3666118   10.37%
   9890  2250       46.2305   429       48.8344       44.1878  3749870    9.52%
  10262  2429       47.5931   104       48.8344       44.2743  3889326    9.34%
  10562  2504       45.7197   105       48.8344       44.2743  3934503    9.34%
  10765  2556       45.4424   110       48.8344       44.5158  4042487    8.84%
  10857  2784       45.0900   125       48.8344       44.5667  4216272    8.74%
Elapsed time = 62.31 sec. (67703.93 ticks, tree = 7.73 MB, solutions = 14)
  10945  2789        cutoff             48.8344       44.6227  4265172    8.62%
  11012  2804        cutoff             48.8344       44.6227  4276878    8.62%
  11216  2802        cutoff             48.8344       44.8286  4278331    8.20%
  11653  2824       45.7828   124       48.8344       44.9651  4375196    7.92%
  12105  2841       47.2163   129       48.8344       45.0632  4375993    7.72%
  12220  2969       47.3925   136       48.8344       45.2299  4564588    7.38%
  12340  3113       45.7400    67       48.8344       45.3010  4695728    7.24%
  12912  3112        cutoff             48.8344       45.3381  4776151    7.16%
  13479  3261       46.0530   114       48.8344       45.4068  4907141    7.02%
  13955  3261        cutoff             48.8344       45.5832  4881504    6.66%
Elapsed time = 73.16 sec. (77264.68 ticks, tree = 9.31 MB, solutions = 14)
  14084  3337       46.2841   204       48.8344       45.6906  5019874    6.44%
  14198  3490       46.1437   100       48.8344       45.7714  5194247    6.27%
  14387  3496       48.6858    83       48.8344       45.7982  5211045    6.22%
  14779  3556       47.5224   114       48.8344       45.8550  5322411    6.10%
  15380  3675        cutoff             48.8344       46.0150  5481731    5.77%
* 15582+ 3614                           48.5941       46.1070             5.12%
  15735  3457        cutoff             48.5941       46.1343  5608991    5.06%
  15919  3719       46.6280   157       48.5941       46.1818  5559128    4.96%
  16051  3527       47.4165   147       48.5941       46.2863  5681379    4.75%
  16206  3493       47.6184   116       48.5941       46.3489  5731978    4.62%
  16358  3515       46.6081   114       48.5941       46.3947  5796066    4.53%
Elapsed time = 83.94 sec. (86866.94 ticks, tree = 10.09 MB, solutions = 15)
  16525  3501       46.7795   107       48.5941       46.4287  5759994    4.46%
  16685  3499       47.1598   158       48.5941       46.4691  5834275    4.37%
  16828  3502       46.7074    81       48.5941       46.5169  5863295    4.27%
  16917  3505       47.1569   186       48.5941       46.5469  5870168    4.21%
  17121  3504       46.9191    75       48.5941       46.5727  5942936    4.16%
  17814  3546    infeasible             48.5941       46.6055  6003783    4.09%
  18782  3620       47.0380    87       48.5941       46.7128  6224564    3.87%
  19316  3658       47.1030   109       48.5941       46.9307  6331686    3.42%
  19562  3660        cutoff             48.5941       46.9786  6381241    3.32%
  19800  3673        cutoff             48.5941       47.0306  6373607    3.22%
Elapsed time = 94.28 sec. (96425.86 ticks, tree = 10.59 MB, solutions = 15)
  20087  3659        cutoff             48.5941       47.0629  6463430    3.15%
  20359  3660        cutoff             48.5941       47.0687  6458095    3.14%
  20602  3650       47.2712    71       48.5941       47.1344  6532687    3.00%
  20812  3657        cutoff             48.5941       47.1715  6583549    2.93%
  21048  3630        cutoff             48.5941       47.2127  6601590    2.84%
  21383  3524    infeasible             48.5941       47.2431  6649209    2.78%
  22620  3535        cutoff             48.5941       47.2509  6728435    2.76%
  23532  3541       47.6075    42       48.5941       47.3324  6866825    2.60%
  24002  3481        cutoff             48.5941       47.3324  6923911    2.60%
  25527  2814       47.8805    91       48.5941       47.6814  7105779    1.88%
Elapsed time = 107.83 sec. (108851.51 ticks, tree = 7.54 MB, solutions = 15)
  27588  1812       48.5941    43       48.5941       47.9777  7267874    1.27%

Cover cuts applied:  1
Implied bound cuts applied:  5
Mixed integer rounding cuts applied:  6
Zero-half cuts applied:  19
Gomory fractional cuts applied:  4

Root node processing (before b&c):
  Real time             =    3.03 sec. (4094.75 ticks)
Parallel b&c, 20 threads:
  Real time             =  112.77 sec. (112109.89 ticks)
  Sync time (average)   =   39.15 sec.
  Wait time (average)   =    0.01 sec.
                          ------------
Total (root+branch&cut) =  115.80 sec. (116204.64 ticks)
Feasible solution found!
Truck nodes:
Stage 1 at customer 0 with arrival time is: 0
Stage 1 at customer 0 with departure time is: 0
Stage 2 at customer 11 with arrival time is: 4.62189
Stage 2 at customer 11 with departure time is: 6.62189
Stage 3 at customer 3 with arrival time is: 11.2272
Stage 3 at customer 3 with departure time is: 11.2272
Stage 4 at customer 7 with arrival time is: 13.0285
Stage 4 at customer 7 with departure time is: 13.0285
Stage 5 at customer 6 with arrival time is: 15.4084
Stage 5 at customer 6 with departure time is: 17.4084
Stage 6 at customer 10 with arrival time is: 24.3145
Stage 6 at customer 10 with departure time is: 27.3645
Stage 7 at customer 2 with arrival time is: 31.3215
Stage 7 at customer 2 with departure time is: 33.3215
Stage 8 at customer 10 with arrival time is: 37.2785
Stage 8 at customer 10 with departure time is: 39.4039
Stage 9 at customer 13 with arrival time is: 46.835
Stage 9 at customer 13 with departure time is: 48.5941
Truck arcs:
Arc 1 connecting 0 and 11 with cost 4.62189 
Arc 2 connecting 11 and 3 with cost 4.60528 
Arc 3 connecting 3 and 7 with cost 1.80132 
Arc 4 connecting 7 and 6 with cost 2.37993 
Arc 5 connecting 6 and 10 with cost 6.90606 
Arc 6 connecting 10 and 2 with cost 3.95703 
Arc 7 connecting 2 and 10 with cost 3.95703 
Arc 8 connecting 10 and 13 with cost 7.43112 
Drone served customers
Drone flies from stage 1 to stage 2
Drone flies from stage 2 to stage 5
Drone flies from stage 5 to stage 6
Drone flies from stage 6 to stage 7
Drone flies from stage 7 to stage 8
Drone flies from stage 8 to stage 9
Drone flies from stage 6 to stage 7 to serve customer 1
Drone flies from stage 2 to stage 5 to serve customer 4
Drone flies from stage 7 to stage 8 to serve customer 5
Drone flies from stage 1 to stage 2 to serve customer 8
Drone flies from stage 5 to stage 6 to serve customer 9
Drone flies from stage 8 to stage 9 to serve customer 12
1
Customer 1 served by drone.
Y_val: 1
W_val: 1
Drone fly from 10 at stage 6 to serve 1 and then fly back to 2 at stage 7. 
Truck travel time from stage 6 to 7 is: 3.95703
Start arc cost: 1.268, end arc cost: 1.71271. Total drone travel time: 2.98071
Drone arrival time: 30.3452
Truck arrival time: 31.3215
Truck departure time = max(d/a, t/a) plus (sl/sr): 33.3215
1
Customer 4 served by drone.
Y_val: 1
W_val: 1
Drone fly from 11 at stage 2 to serve 4 and then fly back to 6 at stage 5. 
Truck travel time from stage 2 to 5 is: 8.78653
Start arc cost: 3.69624, end arc cost: 4.35516. Total drone travel time: 8.0514
Drone arrival time: 14.6733
Truck arrival time: 15.4084
Truck departure time = max(d/a, t/a) plus (sl/sr): 17.4084
1
Customer 5 served by drone.
Y_val: 1
W_val: 1
Drone fly from 2 at stage 7 to serve 5 and then fly back to 10 at stage 8. 
Truck travel time from stage 7 to 8 is: 3.95703
Start arc cost: 1.74139, end arc cost: 2.34103. Total drone travel time: 4.08242
Drone arrival time: 37.4039
Truck arrival time: 37.2785
Truck departure time = max(d/a, t/a) plus (sl/sr): 39.4039
1
Customer 8 served by drone.
Y_val: 1
W_val: 1
Drone fly from 0 at stage 1 to serve 8 and then fly back to 11 at stage 2. 
Truck travel time from stage 1 to 2 is: 4.62189
Start arc cost: 1.36385, end arc cost: 2.51607. Total drone travel time: 3.87991
Drone arrival time: 3.87991
Truck arrival time: 4.62189
Truck departure time = max(d/a, t/a) plus (sl/sr): 6.62189
1
Customer 9 served by drone.
Y_val: 1
W_val: 1
Drone fly from 6 at stage 5 to serve 9 and then fly back to 10 at stage 6. 
Truck travel time from stage 5 to 6 is: 6.90606
Start arc cost: 4.84075, end arc cost: 3.1153. Total drone travel time: 7.95604
Drone arrival time: 25.3645
Truck arrival time: 24.3145
Truck departure time = max(d/a, t/a) plus (sl/sr): 27.3645
1
Customer 12 served by drone.
Y_val: 1
W_val: 1
Drone fly from 10 at stage 8 to serve 12 and then fly back to 13 at stage 9. 
Truck travel time from stage 8 to 9 is: 7.43112
Start arc cost: 4.26724, end arc cost: 3.92299. Total drone travel time: 8.19023
Drone arrival time: 47.5941
Truck arrival time: 46.835
Truck departure time = max(d/a, t/a) plus (sl/sr): 48.5941
Done!
-------------------------Re-calculated objective-----------------------
48.5941
------------------------------------------------------------------------
Solve time: 115.811
OBJECTIVE VALUE: 48.5941, NUMBER OF SORTIES: 6.
In write mode
