Instance name: /home/cuong/CLionProjects/uMV-FSTSP/rand_generated_instances/v10
Write arg val: 1

drone speed: 1 miles/minute
uav non-eligible customer: 5 12 
Printing tau:
0 2.64913 11.2917 1.66346 6.52685 12.2644 8.74508 12.3623 5.5649 12.0142 17.0803 0 
2.64913 0 10.3773 4.27216 5.61247 9.61523 7.8307 9.71314 2.91577 11.8126 14.4312 2.64913 
11.2917 10.3773 0 9.62824 4.76485 16.602 8.02692 7.9563 11.1738 22.1899 17.1544 11.2917 
1.66346 4.27216 9.62824 0 4.86339 13.8874 7.08162 13.9853 7.18793 13.6372 18.7033 1.66346 
6.52685 5.61247 4.76485 4.86339 0 11.8372 5.21172 10.7715 6.40891 17.4251 15.4895 6.52685 
12.2644 9.61523 16.602 13.8874 11.8372 0 15.8853 9.47588 6.69946 5.58789 4.81593 12.2644 
8.74508 7.8307 8.02692 7.08162 5.21172 15.8853 0 15.9832 9.18586 19.6433 20.7012 8.74508 
12.3623 9.71314 7.9563 13.9853 10.7715 9.47588 15.9832 0 6.79736 15.0638 10.0283 12.3623 
5.5649 2.91577 11.1738 7.18793 6.40891 6.69946 9.18586 6.79736 0 11.0161 11.5154 5.5649 
12.0142 11.8126 22.1899 13.6372 17.4251 5.58789 19.6433 15.0638 11.0161 0 5.0661 12.0142 
17.0803 14.4312 17.1544 18.7033 15.4895 4.81593 20.7012 10.0283 11.5154 5.0661 0 17.0803 
0 0 0 0 0 0 0 0 0 0 0 0 
Printing tau_prime:
0 0.990831 4.28537 0.821685 2.37514 4.72512 3.34641 4.61218 1.96793 5.73489 6.38463 0 
0.990831 0 3.72114 1.53348 2.01928 4.04968 3.54672 3.62138 1.06865 5.32965 5.63679 0.990831 
4.28537 3.72114 0 4.0164 1.95669 6.49405 2.97735 3.77632 3.97172 8.29365 7.54083 4.28537 
0.821685 1.53348 4.0164 0 2.06098 5.49424 2.60147 5.02306 2.5994 6.55524 7.12792 0.821685 
2.37514 2.01928 1.95669 2.06098 0 5.6352 2.00258 3.89873 2.66618 7.17879 7.01273 2.37514 
4.72512 4.04968 6.49405 5.49424 5.6352 0 7.49914 3.35041 3.04854 1.9776 1.71385 4.72512 
3.34641 3.54672 2.97735 2.60147 2.00258 7.49914 0 5.8783 4.45544 8.87635 8.95774 3.34641 
4.61218 3.62138 3.77632 5.02306 3.89873 3.35041 5.8783 0 2.79704 5.32727 3.91833 4.61218 
1.96793 1.06865 3.97172 2.5994 2.66618 3.04854 4.45544 2.79704 0 4.51316 4.58765 1.96793 
5.73489 5.32965 8.29365 6.55524 7.17879 1.9776 8.87635 5.32727 4.51316 0 2.52541 5.73489 
6.38463 5.63679 7.54083 7.12792 7.01273 1.71385 8.95774 3.91833 4.58765 2.52541 0 6.38463 
0 0 0 0 0 0 0 0 0 0 0 0 
Printing number of nodes: 11

Version identifier: 22.1.1.0 | 2022-11-28 | 9160aff4d
CPXPARAM_ClockType                               0
CPXPARAM_Emphasis_MIP                            2
CPXPARAM_MIP_Tolerances_Integrality              0
Tried aggregator 2 times.
MIP Presolve eliminated 435 rows and 381 columns.
MIP Presolve modified 2347 coefficients.
Aggregator did 2 substitutions.
Reduced MIP has 5693 rows, 1332 columns, and 165244 nonzeros.
Reduced MIP has 1323 binaries, 0 generals, 0 SOSs, and 0 indicators.
Presolve time = 0.09 sec. (304.23 ticks)
Found incumbent of value 123.274190 after 0.14 sec. (425.43 ticks)
Probing fixed 150 vars, tightened 0 bounds.
Probing changed sense of 18 constraints.
Probing time = 0.04 sec. (56.77 ticks)
Tried aggregator 1 time.
MIP Presolve eliminated 31 rows and 168 columns.
MIP Presolve modified 26 coefficients.
Reduced MIP has 5662 rows, 1164 columns, and 164432 nonzeros.
Reduced MIP has 1155 binaries, 0 generals, 0 SOSs, and 0 indicators.
Presolve time = 0.07 sec. (182.96 ticks)
Probing time = 0.01 sec. (14.64 ticks)
Tried aggregator 1 time.
Detecting symmetries...
Reduced MIP has 5662 rows, 1164 columns, and 164432 nonzeros.
Reduced MIP has 1155 binaries, 0 generals, 0 SOSs, and 0 indicators.
Presolve time = 0.04 sec. (89.70 ticks)
Probing time = 0.01 sec. (14.54 ticks)
Clique table members: 81566.
MIP emphasis: optimality.
MIP search method: dynamic search.
Parallel mode: deterministic, using up to 20 threads.
Root relaxation solution time = 0.17 sec. (234.66 ticks)

        Nodes                                         Cuts/
   Node  Left     Objective  IInf  Best Integer    Best Bound    ItCnt     Gap

*     0+    0                          123.2742      -10.0000           108.11%
      0     0       39.7339   119      123.2742       39.7339      951   67.77%
*     0+    0                          115.7004       39.7339            65.66%
      0     0       39.8155   141      115.7004      Cuts: 51     1550   65.59%
*     0+    0                           58.5606       39.8155            32.01%
      0     0       40.0285   129       58.5606      Cuts: 13     1867   31.65%
*     0+    0                           49.9899       40.0285            19.93%
      0     0       40.1542   118       49.9899      Cuts: 12     1979   19.68%
*     0+    0                           46.8668       40.1542            14.32%
      0     0  -1.00000e+75     0       46.8668       40.1542     1979   14.32%
      0     0       40.2149   140       46.8668      Cuts: 18     2045   14.19%
      0     0       40.2209   149       46.8668       Cuts: 5     2092   14.18%
Detecting symmetries...
      0     0       40.2440   141       46.8668       Cuts: 3     2120   14.13%
      0     0       40.2581   160       46.8668       Cuts: 9     2183   14.10%
      0     0       40.2723   161       46.8668      Cuts: 11     2218   14.07%
*     0+    0                           46.5806       40.2723            13.54%
      0     0       40.2900   165       46.5806       Cuts: 3     2254   13.50%
      0     0       40.2917   160       46.5806    MIRcuts: 1     2265   13.50%
      0     0       40.2919   164       46.5806   Flowcuts: 1     2266   13.50%
*     0+    0                           44.9286       40.2919            10.32%
Detecting symmetries...
      0     2       40.2919   163       44.9286       40.2919     2266   10.32%
Elapsed time = 1.88 sec. (3972.60 ticks, tree = 0.02 MB, solutions = 7)
      5     4        cutoff             44.9286       40.2919     3500   10.32%
    170    34        cutoff             44.9286       40.4620    15937    9.94%
    311    27       44.4471    47       44.9286       40.5271    24577    9.80%
    538    74       44.4471    41       44.9286       40.5470    49484    9.75%
    890    87       44.4688   141       44.9286       41.5415    73655    7.54%
*  1285+   50                           44.8632       41.9462             6.50%
   1299    73       44.9256   117       44.8632       41.9462    89812    6.50%
   1527    16        cutoff             44.8632       43.0190   119429    4.11%
   1565     8       44.4907   112       44.8632       44.4471   127351    0.93%

Clique cuts applied:  2
Implied bound cuts applied:  10
Flow cuts applied:  4
Mixed integer rounding cuts applied:  4
Zero-half cuts applied:  23
Lift and project cuts applied:  2
Gomory fractional cuts applied:  1

Root node processing (before b&c):
  Real time             =    1.84 sec. (3929.62 ticks)
Parallel b&c, 20 threads:
  Real time             =    2.83 sec. (2062.96 ticks)
  Sync time (average)   =    1.47 sec.
  Wait time (average)   =    0.00 sec.
                          ------------
Total (root+branch&cut) =    4.67 sec. (5992.58 ticks)
Truck arcs:
0 8
1 4
3 11
4 3
5 1
8 5
44.8632
In write mode
