Instance name: /home/cuong/CLionProjects/uMV-FSTSP/rand_generated_instances/v100
Write arg val: 1

drone speed: 1 miles/minute
uav non-eligible customer: 12 
Printing tau:
0 8.47465 2.05972 2.65582 3.26862 19.3545 12.8894 6.33922 24.1828 9.16839 17.7666 0 
8.47465 0 8.60788 8.43339 5.20604 10.8798 4.41475 9.05224 15.7081 9.8853 17.0497 8.47465 
2.05972 8.60788 0 4.71553 3.40184 19.4877 13.0226 4.2795 24.316 11.2281 15.7069 2.05972 
2.65582 8.43339 4.71553 0 5.14882 19.3132 12.8481 8.99503 24.1415 7.2852 20.4224 2.65582 
3.26862 5.20604 3.40184 5.14882 0 16.0858 9.62078 3.84621 20.9142 11.6614 15.2736 3.26862 
19.3545 10.8798 19.4877 19.3132 16.0858 0 8.59403 19.932 5.83492 17.6039 9.95644 19.3545 
12.8894 4.41475 13.0226 12.8481 9.62078 8.59403 0 13.467 11.2934 9.00989 17.9251 12.8894 
6.33922 9.05224 4.2795 8.99503 3.84621 19.932 13.467 0 24.7604 15.5076 11.4274 6.33922 
24.1828 15.7081 24.316 24.1415 20.9142 5.83492 11.2934 24.7604 0 16.8563 15.166 24.1828 
9.16839 9.8853 11.2281 7.2852 11.6614 17.6039 9.00989 15.5076 16.8563 0 26.935 9.16839 
17.7666 17.0497 15.7069 20.4224 15.2736 9.95644 17.9251 11.4274 15.166 26.935 0 17.7666 
0 0 0 0 0 0 0 0 0 0 0 0 
Printing tau_prime:
0 3.00694 0.729741 0.939087 1.4534 7.46452 4.55744 2.25053 8.5992 4.14934 7.10611 0 
3.00694 0 3.08015 3.21126 1.94478 4.71629 1.59124 3.76752 5.59345 3.51848 6.03681 3.00694 
0.729741 3.08015 0 1.66833 1.21245 7.24931 4.67051 1.52117 8.59913 4.76599 6.49568 0.729741 
0.939087 3.21126 1.66833 0 2.14844 7.87414 4.62752 3.18774 8.7353 3.45485 7.94217 0.939087 
1.4534 1.94478 1.21245 2.14844 0 6.06287 3.52828 1.9231 7.39437 4.36541 5.81864 1.4534 
7.46452 4.71629 7.24931 7.87414 6.06287 0 3.80221 7.08591 2.67766 7.53799 4.82441 7.46452 
4.55744 1.59124 4.67051 4.62752 3.52828 3.80221 0 5.28654 4.11025 3.74373 6.45658 4.55744 
2.25053 3.76752 1.52117 3.18774 1.9231 7.08591 5.28654 0 8.85334 6.15386 5.36304 2.25053 
8.5992 5.59345 8.59913 8.7353 7.39437 2.67766 4.11025 8.85334 0 7.26847 7.4883 8.5992 
4.14934 3.51848 4.76599 3.45485 4.36541 7.53799 3.74373 6.15386 7.26847 0 9.55108 4.14934 
7.10611 6.03681 6.49568 7.94217 5.81864 4.82441 6.45658 5.36304 7.4883 9.55108 0 7.10611 
0 0 0 0 0 0 0 0 0 0 0 0 
Printing number of nodes: 11

Version identifier: 22.1.1.0 | 2022-11-28 | 9160aff4d
CPXPARAM_ClockType                               0
CPXPARAM_Emphasis_MIP                            2
CPXPARAM_MIP_Tolerances_Integrality              0
Tried aggregator 1 time.
MIP Presolve eliminated 265 rows and 415 columns.
MIP Presolve modified 2227 coefficients.
Reduced MIP has 5721 rows, 1300 columns, and 167470 nonzeros.
Reduced MIP has 1290 binaries, 0 generals, 0 SOSs, and 0 indicators.
Presolve time = 0.08 sec. (248.56 ticks)
Found incumbent of value 172.179050 after 0.14 sec. (372.33 ticks)
Probing fixed 140 vars, tightened 0 bounds.
Probing time = 0.04 sec. (55.56 ticks)
Tried aggregator 1 time.
MIP Presolve eliminated 10 rows and 140 columns.
MIP Presolve modified 88 coefficients.
Reduced MIP has 5711 rows, 1160 columns, and 166798 nonzeros.
Reduced MIP has 1150 binaries, 0 generals, 0 SOSs, and 0 indicators.
Presolve time = 0.05 sec. (156.51 ticks)
Probing time = 0.01 sec. (15.03 ticks)
Tried aggregator 1 time.
Detecting symmetries...
Reduced MIP has 5711 rows, 1160 columns, and 166798 nonzeros.
Reduced MIP has 1150 binaries, 0 generals, 0 SOSs, and 0 indicators.
Presolve time = 0.04 sec. (92.29 ticks)
Probing time = 0.01 sec. (14.78 ticks)
Clique table members: 82983.
MIP emphasis: optimality.
MIP search method: dynamic search.
Parallel mode: deterministic, using up to 20 threads.
Root relaxation solution time = 0.21 sec. (262.46 ticks)

        Nodes                                         Cuts/
   Node  Left     Objective  IInf  Best Integer    Best Bound    ItCnt     Gap

*     0+    0                          172.1790      -10.0000           105.81%
*     0+    0                          151.4120      -10.0000           106.60%
      0     0       40.1513   156      151.4120       40.1513     1214   73.48%
*     0+    0                           69.0008       40.1513            41.81%
      0     0       40.9619   181       69.0008      Cuts: 39     1936   40.64%
      0     0       41.0515   190       69.0008      Cuts: 12     2156   40.51%
      0     0       41.1010   201       69.0008      Cuts: 15     2277   40.43%
*     0+    0                           51.7854       41.1010            20.63%
      0     0  -1.00000e+75     0       51.7854       41.1010     2277   20.63%
      0     0       41.1251   199       51.7854       Cuts: 6     2341   20.59%
      0     0       41.1821   191       51.7854      Cuts: 10     2455   20.48%
Detecting symmetries...
      0     0       41.2113   203       51.7854       Cuts: 6     2511   20.42%
      0     0       41.2315   212       51.7854       Cuts: 8     2582   20.38%
      0     0       41.2466   232       51.7854       Cuts: 4     2634   20.35%
      0     0       41.2545   223       51.7854       Cuts: 4     2669   20.34%
      0     0       41.2858   216       51.7854       Cuts: 4     2737   20.28%
      0     0       41.3111   195       51.7854       Cuts: 7     2792   20.23%
      0     0       41.3151   194       51.7854   ZeroHalf: 2     2822   20.22%
*     0+    0                           48.8609       41.3151            15.44%
*     0+    0                           47.8609       41.3151            13.68%
      0     0  -1.00000e+75     0       47.8609       41.3151     2822   13.68%
Detecting symmetries...
      0     2       41.3151   194       47.8609       41.3151     2822   13.68%
Elapsed time = 2.44 sec. (5646.41 ticks, tree = 0.02 MB, solutions = 6)
     34    23       44.5380    81       47.8609       41.4187     5563   13.46%
*   178    53      integral     0       47.8366       41.4187     9974   13.42%
*   268+   51                           46.7407       41.4187            11.39%
    347    25       41.6115   247       46.7407       41.5677    15955   11.07%
    563    21       46.4964    22       46.7407       42.8234    29325    8.38%
    678    10       45.1425    97       46.7407       43.7022    35915    6.50%
    782    10       46.2559   138       46.7407       44.9298    40977    3.87%

Clique cuts applied:  2
Implied bound cuts applied:  12
Flow cuts applied:  2
Mixed integer rounding cuts applied:  12
Zero-half cuts applied:  22
Gomory fractional cuts applied:  3

Root node processing (before b&c):
  Real time             =    2.41 sec. (5601.23 ticks)
Parallel b&c, 20 threads:
  Real time             =    1.52 sec. (1459.83 ticks)
  Sync time (average)   =    0.95 sec.
  Wait time (average)   =    0.00 sec.
                          ------------
Total (root+branch&cut) =    3.94 sec. (7061.06 ticks)
Truck arcs:
0 3
1 4
2 11
3 9
4 7
6 1
7 2
9 6
46.7407
In write mode
