Instance name: /home/cuong/CLionProjects/uMV-FSTSP/rand_generated_instances/v11
Write arg val: 1

drone speed: 1 miles/minute
uav non-eligible customer: 12 
Printing tau:
0 6.90385 3.87116 13.9143 6.64334 20.5021 19.862 15.9293 7.40087 12.9246 22.0033 0 
6.90385 0 3.03269 9.19431 12.2101 27.406 26.7658 10.0318 5.05006 19.8284 28.9072 6.90385 
3.87116 3.03269 0 10.6232 9.17743 24.3733 23.7331 12.6382 4.10973 16.7957 25.8745 3.87116 
13.9143 9.19431 10.6232 0 7.271 18.2117 17.5715 2.01496 6.51346 20.1998 19.7129 13.9143 
6.64334 12.2101 9.17743 7.271 0 15.1959 14.5557 9.28597 7.16006 12.9288 16.6971 6.64334 
20.5021 27.406 24.3733 18.2117 15.1959 0 16.2319 17.8437 22.3559 7.57755 1.50122 20.5021 
19.862 26.7658 23.7331 17.5715 14.5557 16.2319 0 17.2035 21.7158 22.9947 17.0437 19.862 
15.9293 10.0318 12.6382 2.01496 9.28597 17.8437 17.2035 0 8.52843 22.2147 19.3449 15.9293 
7.40087 5.05006 4.10973 6.51346 7.16006 22.3559 21.7158 8.52843 0 14.7784 23.8571 7.40087 
12.9246 19.8284 16.7957 20.1998 12.9288 7.57755 22.9947 22.2147 14.7784 0 9.07877 12.9246 
22.0033 28.9072 25.8745 19.7129 16.6971 1.50122 17.0437 19.3449 23.8571 9.07877 0 22.0033 
0 0 0 0 0 0 0 0 0 0 0 0 
Printing tau_prime:
0 3.21022 1.79644 4.98567 3.00604 7.25056 9.17673 5.70975 2.69744 5.08123 7.78026 0 
3.21022 0 1.4138 4.31283 4.32497 9.87716 10.206 4.89992 1.8629 8.22794 10.455 3.21022 
1.79644 1.4138 0 4.34191 3.45439 8.67449 9.63917 5.0294 1.61863 6.83564 9.23739 1.79644 
4.98567 4.31283 4.34191 0 2.78304 8.0017 6.29058 0.724181 2.72947 8.0709 8.5996 4.98567 
3.00604 4.32497 3.45439 2.78304 0 5.79799 6.25692 3.41394 2.54559 5.30556 6.39806 3.00604 
7.25056 9.87716 8.67449 8.0017 5.79799 0 5.74332 8.34535 8.27437 3.59087 0.603393 7.25056 
9.17673 10.206 9.63917 6.29058 6.25692 5.74332 0 6.08862 8.35331 8.4918 6.07324 9.17673 
5.70975 4.89992 5.0294 0.724181 3.41394 8.34535 6.08862 0 3.41128 8.65222 8.93542 5.70975 
2.69744 1.8629 1.61863 2.72947 2.54559 8.27437 8.35331 3.41128 0 7.1214 8.86706 2.69744 
5.08123 8.22794 6.83564 8.0709 5.30556 3.59087 8.4918 8.65222 7.1214 0 3.83794 5.08123 
7.78026 10.455 9.23739 8.5996 6.39806 0.603393 6.07324 8.93542 8.86706 3.83794 0 7.78026 
0 0 0 0 0 0 0 0 0 0 0 0 
Printing number of nodes: 11

Version identifier: 22.1.1.0 | 2022-11-28 | 9160aff4d
CPXPARAM_ClockType                               0
CPXPARAM_Emphasis_MIP                            2
CPXPARAM_MIP_Tolerances_Integrality              0
Tried aggregator 1 time.
MIP Presolve eliminated 280 rows and 562 columns.
MIP Presolve modified 1792 coefficients.
Reduced MIP has 5706 rows, 1153 columns, and 166750 nonzeros.
Reduced MIP has 1143 binaries, 0 generals, 0 SOSs, and 0 indicators.
Presolve time = 0.08 sec. (244.86 ticks)
Probing fixed 111 vars, tightened 0 bounds.
Probing time = 0.12 sec. (48.84 ticks)
Tried aggregator 1 time.
Detecting symmetries...
MIP Presolve eliminated 9 rows and 111 columns.
MIP Presolve modified 56 coefficients.
Reduced MIP has 5697 rows, 1042 columns, and 166215 nonzeros.
Reduced MIP has 1032 binaries, 0 generals, 0 SOSs, and 0 indicators.
Presolve time = 0.06 sec. (171.98 ticks)
Probing time = 0.01 sec. (14.74 ticks)
Clique table members: 83122.
MIP emphasis: optimality.
MIP search method: dynamic search.
Parallel mode: deterministic, using up to 20 threads.
Root relaxation solution time = 0.19 sec. (233.37 ticks)

        Nodes                                         Cuts/
   Node  Left     Objective  IInf  Best Integer    Best Bound    ItCnt     Gap

*     0+    0                          126.9326      -10.0000           107.88%
      0     0       45.6847   157      126.9326       45.6847     1057   64.01%
*     0+    0                           78.3726       45.6847            41.71%
      0     0       46.2167   204       78.3726      Cuts: 70     2040   41.03%
      0     0       46.4674   224       78.3726      Cuts: 32     2297   40.71%
      0     0       46.6423   217       78.3726      Cuts: 19     2423   40.49%
      0     0       46.7926   205       78.3726      Cuts: 16     2541   40.29%
      0     0       46.8164   220       78.3726       Cuts: 8     2601   40.26%
Detecting symmetries...
      0     0       46.8857   214       78.3726      Cuts: 15     2693   40.18%
      0     0       46.9046   217       78.3726       Cuts: 8     2735   40.15%
      0     0       46.9455   227       78.3726       Cuts: 7     2815   40.10%
      0     0       46.9516   224       78.3726       Cuts: 5     2842   40.09%
      0     0       46.9562   229       78.3726       Cuts: 4     2868   40.09%
      0     0       46.9805   214       78.3726       Cuts: 4     2920   40.06%
      0     0       47.0522   211       78.3726      Cuts: 11     3001   39.96%
      0     0       47.3408   222       78.3726      Cuts: 13     3084   39.60%
      0     0       47.7499   227       78.3726      Cuts: 21     3217   39.07%
      0     0       47.7677   221       78.3726      Cuts: 10     3246   39.05%
      0     0       47.7896   232       78.3726      Cuts: 14     3294   39.02%
*     0+    0                           66.6522       47.7896            28.30%
      0     0       47.8281   248       66.6522       Cuts: 9     3338   28.24%
      0     0       47.8518   245       66.6522       Cuts: 4     3381   28.21%
      0     0       47.8841   241       66.6522       Cuts: 5     3425   28.16%
      0     0       47.8904   244       66.6522       Cuts: 4     3437   28.15%
*     0+    0                           62.4777       47.8904            23.35%
*     0+    0                           61.6217       47.8904            22.28%
      0     0  -1.00000e+75     0       61.6217       47.8904     3437   22.28%
Detecting symmetries...
      0     2       47.8904   244       61.6217       47.8904     3437   22.28%
Elapsed time = 2.11 sec. (4127.72 ticks, tree = 0.02 MB, solutions = 5)
      6     7       58.6730   277       61.6217       48.0706     4257   21.99%
*    23+    5                           58.6487       48.4552            17.38%
     43     4        cutoff             58.6487       48.4552     6231   17.38%
     99     8       57.0665   211       58.6487       50.8252    11501   13.34%
*   124+    7                           58.5918       51.7913            11.61%
    162     5       56.9065   226       58.5918       56.7099    16355    3.21%

Clique cuts applied:  8
Cover cuts applied:  1
Implied bound cuts applied:  49
Flow cuts applied:  1
Mixed integer rounding cuts applied:  11
Zero-half cuts applied:  26
Gomory fractional cuts applied:  1

Root node processing (before b&c):
  Real time             =    2.07 sec. (4065.41 ticks)
Parallel b&c, 20 threads:
  Real time             =    1.17 sec. (1173.51 ticks)
  Sync time (average)   =    0.94 sec.
  Wait time (average)   =    0.00 sec.
                          ------------
Total (root+branch&cut) =    3.24 sec. (5238.92 ticks)
Truck arcs:
0 9
1 2
2 11
3 8
4 3
8 1
9 4
58.5918
In write mode
