Instance name: /home/cuong/CLionProjects/uMV-FSTSP/rand_generated_instances/v12
Write arg val: 1

drone speed: 1 miles/minute
uav non-eligible customer: 12 
Printing tau:
0 9.85743 5.82626 0.441988 3.26736 17.7075 17.4059 15.7443 13.6138 14.2584 7.3811 0 
9.85743 0 4.03117 9.72139 6.59006 27.5649 27.2633 25.6017 14.4448 24.1158 9.95735 9.85743 
5.82626 4.03117 0 5.69022 3.30088 23.5338 23.2321 21.5705 12.0672 20.0846 5.92618 5.82626 
0.441988 9.72139 5.69022 0 3.13133 17.8436 17.5419 15.8803 13.1718 14.3944 6.93911 0.441988 
3.26736 6.59006 3.30088 3.13133 0 20.9749 20.6733 19.0116 15.3681 17.5257 9.13536 3.26736 
17.7075 27.5649 23.5338 17.8436 20.9749 0 1.547 9.10302 13.1202 13.4136 17.6076 17.7075 
17.4059 27.2633 23.2321 17.5419 20.6733 1.547 0 10.65 12.8186 14.9606 17.306 17.4059 
15.7443 25.6017 21.5705 15.8803 19.0116 9.10302 10.65 0 13.0088 4.31054 15.6443 15.7443 
13.6138 14.4448 12.0672 13.1718 15.3681 13.1202 12.8186 13.0088 0 17.3193 6.23273 13.6138 
14.2584 24.1158 20.0846 14.3944 17.5257 13.4136 14.9606 4.31054 17.3193 0 14.1585 14.2584 
7.3811 9.95735 5.92618 6.93911 9.13536 17.6076 17.306 15.6443 6.23273 14.1585 0 7.3811 
0 0 0 0 0 0 0 0 0 0 0 0 
Printing tau_prime:
0 3.74191 2.13124 0.1635 1.31116 7.1397 7.32838 5.57055 5.07912 5.20855 2.60985 0 
3.74191 0 1.64203 3.64248 3.05923 9.9631 9.98798 9.12412 6.16363 8.93521 3.7349 3.74191 
2.13124 1.64203 0 2.04936 1.47664 8.80659 8.90215 7.63359 5.63538 7.33977 2.94025 2.13124 
0.1635 3.64248 2.04936 0 1.35225 7.10856 7.28562 5.61483 4.94732 5.29624 2.45477 0.1635 
1.31116 3.05923 1.47664 1.35225 0 8.45082 8.63587 6.77318 6.10199 6.23457 3.44226 1.31116 
7.1397 9.9631 8.80659 7.10856 8.45082 0 0.557248 3.2924 4.83986 4.89669 6.27935 7.1397 
7.32838 9.98798 8.90215 7.28562 8.63587 0.557248 0 3.81091 4.60813 5.40515 6.27001 7.32838 
5.57055 9.12412 7.63359 5.61483 6.77318 3.2924 3.81091 0 6.05914 1.61201 6.02765 5.57055 
5.07912 6.16363 5.63538 4.94732 6.10199 4.83986 4.60813 6.05914 0 7.01328 2.71532 5.07912 
5.20855 8.93521 7.33977 5.29624 6.23457 4.89669 5.40515 1.61201 7.01328 0 6.35782 5.20855 
2.60985 3.7349 2.94025 2.45477 3.44226 6.27935 6.27001 6.02765 2.71532 6.35782 0 2.60985 
0 0 0 0 0 0 0 0 0 0 0 0 
Printing number of nodes: 11

Version identifier: 22.1.1.0 | 2022-11-28 | 9160aff4d
CPXPARAM_ClockType                               0
CPXPARAM_Emphasis_MIP                            2
CPXPARAM_MIP_Tolerances_Integrality              0
Tried aggregator 1 time.
MIP Presolve eliminated 265 rows and 437 columns.
MIP Presolve modified 1897 coefficients.
Reduced MIP has 5721 rows, 1278 columns, and 167399 nonzeros.
Reduced MIP has 1268 binaries, 0 generals, 0 SOSs, and 0 indicators.
Presolve time = 0.10 sec. (319.27 ticks)
Found incumbent of value 184.913780 after 0.16 sec. (447.13 ticks)
Probing fixed 114 vars, tightened 0 bounds.
Probing time = 0.04 sec. (54.42 ticks)
Tried aggregator 1 time.
Detecting symmetries...
MIP Presolve eliminated 10 rows and 114 columns.
MIP Presolve modified 83 coefficients.
Reduced MIP has 5711 rows, 1164 columns, and 166852 nonzeros.
Reduced MIP has 1154 binaries, 0 generals, 0 SOSs, and 0 indicators.
Presolve time = 0.05 sec. (166.94 ticks)
Probing time = 0.01 sec. (14.67 ticks)
Clique table members: 82724.
MIP emphasis: optimality.
MIP search method: dynamic search.
Parallel mode: deterministic, using up to 20 threads.
Root relaxation solution time = 0.19 sec. (248.29 ticks)

        Nodes                                         Cuts/
   Node  Left     Objective  IInf  Best Integer    Best Bound    ItCnt     Gap

*     0+    0                          184.9138      -10.0000           105.41%
*     0+    0                          107.7498      -10.0000           109.28%
      0     0       38.8941   160      107.7498       38.8941     1018   63.90%
*     0+    0                           64.4710       38.8941            39.67%
      0     0       40.2069   174       64.4710      Cuts: 56     1568   37.64%
      0     0       41.1997   209       64.4710      Cuts: 17     1928   36.10%
      0     0       41.3129   222       64.4710      Cuts: 14     2092   35.92%
*     0+    0                           63.0707       41.3129            34.50%
      0     0  -1.00000e+75     0       63.0707       41.3129     2092   34.50%
*     0+    0                           59.8577       41.3129            30.98%
      0     0       41.4395   229       59.8577      Cuts: 16     2198   30.77%
      0     0       41.4887   234       59.8577      Cuts: 12     2261   30.69%
Detecting symmetries...
      0     0       41.5134   248       59.8577       Cuts: 5     2306   30.65%
      0     0       41.5180   251       59.8577       Cuts: 3     2324   30.64%
*     0+    0                           57.3782       41.5180            27.64%
      0     0  -1.00000e+75     0       57.3782       41.5180     2324   27.64%
      0     0       41.5202   253       57.3782    MIRcuts: 1     2337   27.64%
      0     0       41.5242   252       57.3782   ZeroHalf: 2     2353   27.63%
      0     0       41.5254   249       57.3782    MIRcuts: 1     2367   27.63%
*     0+    0                           56.3782       41.5254            26.34%
      0     0  -1.00000e+75     0       56.3782       41.5254     2367   26.34%
Detecting symmetries...
      0     2       41.5254   249       56.3782       41.5254     2367   26.34%
Elapsed time = 2.28 sec. (5089.15 ticks, tree = 0.02 MB, solutions = 7)
      1     3       52.4388   145       56.3782       41.5254     3658   26.34%
      3     5       53.4356   109       56.3782       41.5254     4966   26.34%
     36    14       55.2649    76       56.3782       41.6522    10487   26.12%
    103    30       55.2819    71       56.3782       43.8662    17317   22.19%
*   125    31      integral     0       56.1062       44.4062    26120   20.85%
    200    56        cutoff             56.1062       45.6209    36105   18.69%
    321    62       54.6869    69       56.1062       45.6209    37474   18.69%
*   359+  111                           55.6108       45.6209            17.96%
    460   122        cutoff             55.6108       45.6209    60196   17.96%
    655   179       54.2441    49       55.6108       45.6209    80650   17.96%
    848   243       55.0507   112       55.6108       47.8055   103284   14.04%
   1790   407       52.6842   172       55.6108       49.6777   153239   10.67%
Elapsed time = 6.67 sec. (8285.67 ticks, tree = 0.41 MB, solutions = 9)
   3301   699        cutoff             55.6108       54.2856   250464    2.38%
   4245   590       55.4654   173       55.6108       54.6869   295132    1.66%

Clique cuts applied:  4
Cover cuts applied:  33
Implied bound cuts applied:  162
Flow cuts applied:  6
Mixed integer rounding cuts applied:  10
Zero-half cuts applied:  32
Gomory fractional cuts applied:  3

Root node processing (before b&c):
  Real time             =    2.24 sec. (5041.50 ticks)
Parallel b&c, 20 threads:
  Real time             =    8.31 sec. (5647.72 ticks)
  Sync time (average)   =    3.53 sec.
  Wait time (average)   =    0.00 sec.
                          ------------
Total (root+branch&cut) =   10.54 sec. (10689.22 ticks)
Truck arcs:
0 3
2 10
3 4
4 2
7 9
8 7
9 11
10 8
55.6108
In write mode
