Instance name: /home/cuong/CLionProjects/uMV-FSTSP/rand_generated_instances/v17
Write arg val: 1

drone speed: 1 miles/minute
uav non-eligible customer: 3 12 
Printing tau:
0 12.3785 14.4003 6.38716 12.1284 25.4454 25.7369 29.5758 13.9707 21.74 21.5583 0 
12.3785 0 2.02182 14.0494 4.11816 24.41 24.7016 28.5405 12.9354 11.8727 20.523 12.3785 
14.4003 2.02182 0 16.0713 2.39702 22.6889 22.9804 26.8194 12.1655 10.1516 18.8019 14.4003 
6.38716 14.0494 16.0713 0 13.7993 19.0582 19.3497 23.1887 7.58358 23.411 15.1712 6.38716 
12.1284 4.11816 2.39702 13.7993 0 20.2919 20.5834 24.4224 9.89359 9.61162 16.4049 12.1284 
25.4454 24.41 22.6889 19.0582 20.2919 0 4.88229 8.06213 11.4746 21.8575 3.88704 25.4454 
25.7369 24.7016 22.9804 19.3497 20.5834 4.88229 0 3.83894 11.7661 16.9752 5.88782 25.7369 
29.5758 28.5405 26.8194 23.1887 24.4224 8.06213 3.83894 0 15.6051 16.6678 9.06766 29.5758 
13.9707 12.9354 12.1655 7.58358 9.89359 11.4746 11.7661 15.6051 0 19.5052 7.58758 13.9707 
21.74 11.8727 10.1516 23.411 9.61162 21.8575 16.9752 16.6678 19.5052 0 22.863 21.74 
21.5583 20.523 18.8019 15.1712 16.4049 3.88704 5.88782 9.06766 7.58758 22.863 0 21.5583 
0 0 0 0 0 0 0 0 0 0 0 0 
Printing tau_prime:
0 4.39175 5.18372 2.3342 4.65908 8.99639 9.25399 10.8273 5.0022 8.939 7.63235 0 
4.39175 0 0.938756 5.31542 1.45867 9.69535 9.13876 10.2116 5.81184 5.34554 8.68536 4.39175 
5.18372 0.938756 0 5.82524 1.16765 9.52334 8.8101 9.75291 5.84979 4.42895 8.62034 5.18372 
2.3342 5.31542 5.82524 0 4.89826 6.76044 7.20964 8.87535 3.01591 8.59211 5.36731 2.3342 
4.65908 1.45867 1.16765 4.89826 0 8.37945 7.72899 8.76039 4.68545 4.36629 7.45585 4.65908 
8.99639 9.69535 9.52334 6.76044 8.37945 0 1.72923 3.20271 4.14125 8.9088 1.41951 8.99639 
9.25399 9.13876 8.8101 7.20964 7.72899 1.72923 0 1.76242 4.25504 7.52277 2.55262 9.25399 
10.8273 10.2116 9.75291 8.87535 8.76039 3.20271 1.76242 0 5.87496 7.64957 4.27935 10.8273 
5.0022 5.81184 5.84979 3.01591 4.68545 4.14125 4.25504 5.87496 0 6.90636 2.93356 5.0022 
8.939 5.34554 4.42895 8.59211 4.36629 8.9088 7.52277 7.64957 6.90636 0 8.64251 8.939 
7.63235 8.68536 8.62034 5.36731 7.45585 1.41951 2.55262 4.27935 2.93356 8.64251 0 7.63235 
0 0 0 0 0 0 0 0 0 0 0 0 
Printing number of nodes: 11

Version identifier: 22.1.1.0 | 2022-11-28 | 9160aff4d
CPXPARAM_ClockType                               0
CPXPARAM_Emphasis_MIP                            2
CPXPARAM_MIP_Tolerances_Integrality              0
Tried aggregator 2 times.
MIP Presolve eliminated 473 rows and 728 columns.
MIP Presolve modified 1527 coefficients.
Aggregator did 2 substitutions.
Reduced MIP has 5655 rows, 985 columns, and 163543 nonzeros.
Reduced MIP has 976 binaries, 0 generals, 0 SOSs, and 0 indicators.
Presolve time = 0.08 sec. (282.20 ticks)
Found incumbent of value 221.522940 after 0.14 sec. (402.59 ticks)
Probing fixed 87 vars, tightened 0 bounds.
Probing changed sense of 18 constraints.
Probing time = 0.04 sec. (42.36 ticks)
Tried aggregator 1 time.
MIP Presolve eliminated 30 rows and 105 columns.
MIP Presolve modified 100 coefficients.
Reduced MIP has 5625 rows, 880 columns, and 163033 nonzeros.
Reduced MIP has 871 binaries, 0 generals, 0 SOSs, and 0 indicators.
Presolve time = 0.07 sec. (189.24 ticks)
Probing time = 0.01 sec. (13.88 ticks)
Tried aggregator 1 time.
Detecting symmetries...
Reduced MIP has 5625 rows, 880 columns, and 163033 nonzeros.
Reduced MIP has 871 binaries, 0 generals, 0 SOSs, and 0 indicators.
Presolve time = 0.03 sec. (88.39 ticks)
Probing time = 0.01 sec. (13.93 ticks)
Clique table members: 82976.
MIP emphasis: optimality.
MIP search method: dynamic search.
Parallel mode: deterministic, using up to 20 threads.
Root relaxation solution time = 0.20 sec. (213.83 ticks)

        Nodes                                         Cuts/
   Node  Left     Objective  IInf  Best Integer    Best Bound    ItCnt     Gap

*     0+    0                          221.5229        3.7743            98.30%
      0     0       48.1923   152      221.5229       48.1923      843   78.24%
*     0+    0                           70.1756       48.1923            31.33%
      0     0       51.0451   179       70.1756      Cuts: 81     1974   23.91%
*     0+    0                           64.4921       53.3970            17.20%
      0     0       51.4975   198       64.4921      Cuts: 35     2152   11.63%
      0     0       51.6802   191       64.4921      Cuts: 37     2266   11.63%
      0     0       51.8682   206       64.4921      Cuts: 18     2371   11.63%
Detecting symmetries...
      0     2       51.8682   206       64.4921       60.3357     2371    6.44%
Elapsed time = 2.27 sec. (5484.04 ticks, tree = 0.02 MB, solutions = 3)
     10     8       62.7677    58       64.4921       60.3357     4027    6.44%
*    12     8      integral     0       63.6666       60.3357     4037    5.23%
*    14+    6                           61.7606       60.3357             2.31%
*    19+    3                           61.7606       60.3357             2.31%
     38     1        cutoff             61.7606       61.4262     7218    0.54%

Clique cuts applied:  15
Implied bound cuts applied:  19
Flow cuts applied:  2
Mixed integer rounding cuts applied:  4
Zero-half cuts applied:  25
Gomory fractional cuts applied:  1

Root node processing (before b&c):
  Real time             =    2.24 sec. (5439.14 ticks)
Parallel b&c, 20 threads:
  Real time             =    0.39 sec. (542.22 ticks)
  Sync time (average)   =    0.33 sec.
  Wait time (average)   =    0.00 sec.
                          ------------
Total (root+branch&cut) =    2.64 sec. (5981.36 ticks)
Truck arcs:
0 1
1 2
2 4
3 11
4 10
8 3
10 8
61.7606
In write mode
