Instance name: /home/cuong/CLionProjects/uMV-FSTSP/rand_generated_instances/v21
Write arg val: 1

drone speed: 1 miles/minute
uav non-eligible customer: 1 7 12 
Printing tau:
0 5.6205 8.99316 6.96442 6.45687 19.5793 18.0347 7.15562 18.7228 17.9474 13.3118 0 
5.6205 0 3.37266 1.34393 3.75673 25.1998 20.7086 2.7805 24.3433 20.6212 18.9323 5.6205 
8.99316 3.37266 0 2.02873 5.15132 28.5725 22.1031 4.17508 27.716 22.0158 22.3049 8.99316 
6.96442 1.34393 2.02873 0 4.0331 26.5438 20.9849 3.05687 25.6873 20.8976 20.2762 6.96442 
6.45687 3.75673 5.15132 4.0331 0 26.0362 16.9518 0.976235 25.1797 16.8645 19.7687 6.45687 
19.5793 25.1998 28.5725 26.5438 26.0362 0 17.0857 26.735 6.51044 18.6571 6.26757 19.5793 
18.0347 20.7086 22.1031 20.9849 16.9518 17.0857 0 17.9281 14.103 3.6976 16.4926 18.0347 
7.15562 2.7805 4.17508 3.05687 0.976235 26.735 17.9281 0 25.8785 17.8407 20.4674 7.15562 
18.7228 24.3433 27.716 25.6873 25.1797 6.51044 14.103 25.8785 0 17.8006 5.91736 18.7228 
17.9474 20.6212 22.0158 20.8976 16.8645 18.6571 3.6976 17.8407 17.8006 0 16.4053 17.9474 
13.3118 18.9323 22.3049 20.2762 19.7687 6.26757 16.4926 20.4674 5.91736 16.4053 0 13.3118 
0 0 0 0 0 0 0 0 0 0 0 0 
Printing tau_prime:
0 2.20055 3.48979 2.67411 2.31473 6.93047 6.58211 2.53018 7.12555 6.35373 4.7379 0 
2.20055 0 1.29033 0.485093 1.36072 9.00109 8.16784 1.12293 9.32256 7.64887 6.85752 2.20055 
3.48979 1.29033 0 0.819005 2.03005 10.2565 9.17784 1.61276 10.6129 8.53677 8.13164 3.48979 
2.67411 0.485093 0.819005 0 1.43716 9.48535 8.47468 1.08288 9.79921 7.89706 7.34256 2.67411 
2.31473 1.36072 2.03005 1.43716 0 9.20531 7.15941 0.424454 9.1834 6.50829 6.99116 2.31473 
6.93047 9.00109 10.2565 9.48535 9.20531 0 8.02892 9.45693 2.32162 8.92352 2.22582 6.93047 
6.58211 8.16784 9.17784 8.47468 7.15941 8.02892 0 7.58351 6.23229 1.30766 6.59125 6.58211 
2.53018 1.12293 1.61276 1.08288 0.424454 9.45693 7.58351 0 9.51156 6.92408 7.25409 2.53018 
7.12555 9.32256 10.6129 9.79921 9.1834 2.32162 6.23229 9.51156 0 7.30461 2.83493 7.12555 
6.35373 7.64887 8.53677 7.89706 6.50829 8.92352 1.30766 6.92408 7.30461 0 7.26838 6.35373 
4.7379 6.85752 8.13164 7.34256 6.99116 2.22582 6.59125 7.25409 2.83493 7.26838 0 4.7379 
0 0 0 0 0 0 0 0 0 0 0 0 
Printing number of nodes: 11

Version identifier: 22.1.1.0 | 2022-11-28 | 9160aff4d
CPXPARAM_ClockType                               0
CPXPARAM_Emphasis_MIP                            2
CPXPARAM_MIP_Tolerances_Integrality              0
Tried aggregator 2 times.
MIP Presolve eliminated 910 rows and 801 columns.
MIP Presolve modified 1404 coefficients.
Aggregator did 2 substitutions.
Reduced MIP has 5362 rows, 912 columns, and 151672 nonzeros.
Reduced MIP has 904 binaries, 0 generals, 0 SOSs, and 0 indicators.
Presolve time = 0.08 sec. (257.25 ticks)
Found incumbent of value 230.740920 after 0.13 sec. (367.27 ticks)
Probing fixed 78 vars, tightened 0 bounds.
Probing changed sense of 32 constraints.
Probing time = 0.03 sec. (36.95 ticks)
Tried aggregator 1 time.
MIP Presolve eliminated 48 rows and 110 columns.
MIP Presolve modified 69 coefficients.
Reduced MIP has 5314 rows, 802 columns, and 151137 nonzeros.
Reduced MIP has 794 binaries, 0 generals, 0 SOSs, and 0 indicators.
Presolve time = 0.07 sec. (172.53 ticks)
Probing time = 0.01 sec. (13.28 ticks)
Tried aggregator 1 time.
Detecting symmetries...
Reduced MIP has 5314 rows, 802 columns, and 151137 nonzeros.
Reduced MIP has 794 binaries, 0 generals, 0 SOSs, and 0 indicators.
Presolve time = 0.03 sec. (81.76 ticks)
Probing time = 0.01 sec. (13.91 ticks)
Clique table members: 75804.
MIP emphasis: optimality.
MIP search method: dynamic search.
Parallel mode: deterministic, using up to 20 threads.
Root relaxation solution time = 0.10 sec. (155.02 ticks)

        Nodes                                         Cuts/
   Node  Left     Objective  IInf  Best Integer    Best Bound    ItCnt     Gap

*     0+    0                          230.7409        3.2410            98.60%
*     0+    0                          123.3805        3.2410            97.37%
      0     0       42.0870   116      123.3805       42.0870     1504   65.89%
*     0+    0                           68.6905       42.0870            38.73%
      0     0       45.3938   140       68.6905      Cuts: 81     1883   33.92%
      0     0       46.3377   144       68.6905      Cuts: 45     2109   32.54%
      0     0       46.4563   160       68.6905      Cuts: 36     2186   32.37%
      0     0       46.5131   174       68.6905      Cuts: 18     2298   32.29%
      0     0       46.6226   175       68.6905      Cuts: 22     2391   32.13%
Detecting symmetries...
      0     0       46.7153   182       68.6905      Cuts: 10     2500   31.99%
      0     0       46.7276   180       68.6905       Cuts: 3     2536   31.97%
      0     0       46.7472   184       68.6905    Cliques: 5     2565   31.95%
      0     0       46.7542   187       68.6905       Cuts: 3     2585   31.93%
*     0+    0                           64.7600       46.7542            27.80%
      0     0       46.8056   173       64.7600       Cuts: 5     2641   27.72%
      0     0       46.8132   189       64.7600       Cuts: 9     2672   27.71%
      0     0       46.8465   190       64.7600      Cuts: 12     2713   27.66%
      0     0       46.8574   196       64.7600       Cuts: 2     2736   27.64%
      0     0       46.8588   193       64.7600       Cuts: 2     2749   27.64%
*     0+    0                           63.5533       46.8588            26.27%
      0     0       46.9850   186       63.5533       Cuts: 4     2836   25.02%
      0     0       47.1020   181       63.5533      Cuts: 13     2917   25.02%
      0     0       47.1254   181       63.5533       Cuts: 9     2934   25.02%
Detecting symmetries...
      0     2       47.1254   181       63.5533       55.2644     2934   13.04%
Elapsed time = 1.73 sec. (4080.82 ticks, tree = 0.02 MB, solutions = 5)
      3     3       55.8769    97       63.5533       55.2644     3492   13.04%
*    31+    5                           61.2316       55.2644             9.75%
     49    18    infeasible             61.2316       55.2644     8891    9.75%
*    94    26      integral     0       57.7413       55.2644    11135    4.29%
    157    15       56.5943    40       57.7413       56.5943    16590    1.99%
    246     5       56.8254    82       57.7413       56.7268    29050    1.76%

Clique cuts applied:  49
Cover cuts applied:  11
Implied bound cuts applied:  22
Mixed integer rounding cuts applied:  3
Zero-half cuts applied:  16
Gomory fractional cuts applied:  4

Root node processing (before b&c):
  Real time             =    1.70 sec. (4043.23 ticks)
Parallel b&c, 20 threads:
  Real time             =    1.00 sec. (1145.61 ticks)
  Sync time (average)   =    0.68 sec.
  Wait time (average)   =    0.00 sec.
                          ------------
Total (root+branch&cut) =    2.70 sec. (5188.85 ticks)
Truck arcs:
0 6
1 11
2 3
3 1
4 7
6 9
7 2
9 4
57.7413
In write mode
