Instance name: /home/cuong/CLionProjects/uMV-FSTSP/rand_generated_instances/v49
Write arg val: 1

drone speed: 1 miles/minute
uav non-eligible customer: 12 
Printing tau:
0 11.1063 2.63086 9.06603 8.44496 7.94309 25.5427 22.4964 6.6431 12.3971 10.804 0 
11.1063 0 13.7372 3.65172 9.02435 10.431 26.1221 23.0757 10.6184 12.9765 21.9103 11.1063 
2.63086 13.7372 0 11.6969 7.84745 8.5406 24.9452 21.8988 6.04558 11.7996 8.17313 2.63086 
9.06603 3.65172 11.6969 0 6.83869 11.0154 22.4704 19.424 8.57815 9.32478 19.87 9.06603 
8.44496 9.02435 7.84745 6.83869 0 16.388 17.0977 14.0514 1.80186 3.95215 13.0313 8.44496 
7.94309 10.431 8.5406 11.0154 16.388 0 33.4858 30.4394 14.5862 20.3402 11.4792 7.94309 
25.5427 26.1221 24.9452 22.4704 17.0977 33.4858 0 11.0178 18.8996 13.1456 22.2235 25.5427 
22.4964 23.0757 21.8988 19.424 14.0514 30.4394 11.0178 0 15.8533 10.0993 19.1772 22.4964 
6.6431 10.6184 6.04558 8.57815 1.80186 14.5862 18.8996 15.8533 0 5.75401 11.2919 6.6431 
12.3971 12.9765 11.7996 9.32478 3.95215 20.3402 13.1456 10.0993 5.75401 0 13.6786 12.3971 
10.804 21.9103 8.17313 19.87 13.0313 11.4792 22.2235 19.1772 11.2919 13.6786 0 10.804 
0 0 0 0 0 0 0 0 0 0 0 0 
Printing tau_prime:
0 3.932 0.953839 3.38438 3.08785 2.81843 9.27462 8.15092 2.35502 4.49933 3.99599 0 
3.932 0 4.87461 1.47892 4.47597 4.51429 9.41194 9.95761 4.5403 5.43311 7.86813 3.932 
0.953839 4.87461 0 4.22703 3.26314 3.23791 9.32972 7.78917 2.40509 4.60354 3.04565 0.953839 
3.38438 1.47892 4.22703 0 3.07475 4.89572 8.01921 8.48755 3.2851 3.95735 7.02566 3.38438 
3.08785 4.47597 3.26314 3.07475 0 5.81998 6.18859 5.59323 0.885467 1.41591 4.95087 3.08785 
2.81843 4.51429 3.23791 4.89572 5.81998 0 11.9865 10.9501 5.15742 7.23326 5.68564 2.81843 
9.27462 9.41194 9.32972 8.01921 6.18859 11.9865 0 4.04152 6.95809 4.7753 9.84549 9.27462 
8.15092 9.95761 7.78917 8.48755 5.59323 10.9501 4.04152 0 5.93609 4.53673 7.07966 8.15092 
2.35502 4.5403 2.40509 3.2851 0.885467 5.15742 6.95809 5.93609 0 2.20242 4.16165 2.35502 
4.49933 5.43311 4.60354 3.95735 1.41591 7.23326 4.7753 4.53673 2.20242 0 5.80423 4.49933 
3.99599 7.86813 3.04565 7.02566 4.95087 5.68564 9.84549 7.07966 4.16165 5.80423 0 3.99599 
0 0 0 0 0 0 0 0 0 0 0 0 
Printing number of nodes: 11

Version identifier: 22.1.1.0 | 2022-11-28 | 9160aff4d
CPXPARAM_ClockType                               0
CPXPARAM_Emphasis_MIP                            2
CPXPARAM_MIP_Tolerances_Integrality              0
Tried aggregator 1 time.
MIP Presolve eliminated 275 rows and 499 columns.
MIP Presolve modified 1766 coefficients.
Reduced MIP has 5711 rows, 1216 columns, and 167080 nonzeros.
Reduced MIP has 1206 binaries, 0 generals, 0 SOSs, and 0 indicators.
Presolve time = 0.06 sec. (162.58 ticks)
Found incumbent of value 168.435210 after 0.12 sec. (292.62 ticks)
Probing fixed 126 vars, tightened 0 bounds.
Probing time = 0.04 sec. (52.58 ticks)
Tried aggregator 1 time.
MIP Presolve eliminated 8 rows and 126 columns.
MIP Presolve modified 94 coefficients.
Reduced MIP has 5703 rows, 1090 columns, and 166460 nonzeros.
Reduced MIP has 1080 binaries, 0 generals, 0 SOSs, and 0 indicators.
Presolve time = 0.05 sec. (127.96 ticks)
Probing time = 0.01 sec. (14.90 ticks)
Tried aggregator 1 time.
Detecting symmetries...
MIP Presolve modified 6 coefficients.
Reduced MIP has 5703 rows, 1090 columns, and 166460 nonzeros.
Reduced MIP has 1080 binaries, 0 generals, 0 SOSs, and 0 indicators.
Presolve time = 0.04 sec. (91.83 ticks)
Probing time = 0.01 sec. (14.69 ticks)
Clique table members: 83689.
MIP emphasis: optimality.
MIP search method: dynamic search.
Parallel mode: deterministic, using up to 20 threads.
Root relaxation solution time = 0.22 sec. (299.51 ticks)

        Nodes                                         Cuts/
   Node  Left     Objective  IInf  Best Integer    Best Bound    ItCnt     Gap

*     0+    0                          168.4352      -10.0000           105.94%
*     0+    0                          150.3606      -10.0000           106.65%
      0     0       43.8608   125      150.3606       43.8608     2408   70.83%
      0     0       44.4532   154      150.3606      Cuts: 49     2862   70.44%
      0     0       44.5091   170      150.3606      Cuts: 17     3020   70.40%
      0     0       44.5471   184      150.3606      Cuts: 10     3143   70.37%
*     0+    0                           67.8397       44.5471            34.33%
      0     0  -1.00000e+75     0       67.8397       44.5471     3143   34.33%
      0     0       44.6189   187       67.8397      Cuts: 10     3213   34.23%
      0     0       44.6229   187       67.8397       Cuts: 4     3234   34.22%
Detecting symmetries...
      0     0       44.6304   191       67.8397       Cuts: 5     3255   34.21%
      0     0       44.6668   177       67.8397       Cuts: 5     3328   34.16%
*     0+    0                           53.9149       44.6668            17.15%
      0     0       44.6668   186       53.9149       Cuts: 7     3338   17.15%
      0     0       44.6786   184       53.9149       Cuts: 4     3398   17.13%
      0     0       44.6786   187       53.9149    MIRcuts: 2     3400   17.13%
*     0+    0                           52.6363       44.6786            15.12%
Detecting symmetries...
      0     2       44.6786   185       52.6363       44.6786     3400   15.12%
Elapsed time = 1.81 sec. (3859.94 ticks, tree = 0.02 MB, solutions = 5)
     11    12       48.6332   206       52.6363       44.7011     5001   15.08%
*    33+    4                           51.4336       44.9629            12.58%
    184    49       47.1247    65       51.4336       45.1087    15437   12.30%
    294    94        cutoff             51.4336       45.1347    28611   12.25%
*   312+   95                           50.4796       45.1347            10.59%
    599   112        cutoff             50.4796       45.3792    42749   10.10%
    994   110        cutoff             50.4796       46.2465    65911    8.39%
   1395   113       49.7281    75       50.4796       46.7887    74675    7.31%
   1658    20       49.4838   125       50.4796       47.4518   106692    6.00%

Cover cuts applied:  13
Implied bound cuts applied:  19
Flow cuts applied:  3
Mixed integer rounding cuts applied:  3
Zero-half cuts applied:  21
Lift and project cuts applied:  1
Gomory fractional cuts applied:  5

Root node processing (before b&c):
  Real time             =    1.78 sec. (3815.90 ticks)
Parallel b&c, 20 threads:
  Real time             =    2.64 sec. (1898.97 ticks)
  Sync time (average)   =    1.25 sec.
  Wait time (average)   =    0.00 sec.
                          ------------
Total (root+branch&cut) =    4.42 sec. (5714.87 ticks)
Truck arcs:
0 2
1 3
2 8
3 11
4 1
8 9
9 4
50.4796
In write mode
