Instance name: /home/cuong/CLionProjects/uMV-FSTSP/rand_generated_instances/v5
Write arg val: 1

drone speed: 1 miles/minute
uav non-eligible customer: 1 12 
Printing tau:
0 7.95719 2.38276 4.80728 10.6947 11.9951 5.50598 18.4563 21.8164 23.6463 9.4287 0 
7.95719 0 8.46396 12.7645 2.73751 4.03791 7.02229 10.4991 13.8592 15.6891 8.31934 7.95719 
2.38276 8.46396 0 4.30051 11.2015 12.5019 3.12322 18.9631 22.3232 24.153 7.04594 2.38276 
4.80728 12.7645 4.30051 0 15.502 16.8024 5.74218 23.2636 26.6237 28.4536 6.44826 4.80728 
10.6947 2.73751 11.2015 15.502 0 2.52554 9.7598 7.76159 11.1217 12.9516 9.43538 10.6947 
11.9951 4.03791 12.5019 16.8024 2.52554 0 11.0602 6.46119 9.82134 11.6512 10.6725 11.9951 
5.50598 7.02229 3.12322 5.74218 9.7598 11.0602 0 17.5214 20.8815 22.7114 3.92272 5.50598 
18.4563 10.4991 18.9631 23.2636 7.76159 6.46119 17.5214 0 3.36015 5.18999 17.1337 18.4563 
21.8164 13.8592 22.3232 26.6237 11.1217 9.82134 20.8815 3.36015 0 1.82984 20.4938 21.8164 
23.6463 15.6891 24.153 28.4536 12.9516 11.6512 22.7114 5.18999 1.82984 0 22.3237 23.6463 
9.4287 8.31934 7.04594 6.44826 9.43538 10.6725 3.92272 17.1337 20.4938 22.3237 0 9.4287 
0 0 0 0 0 0 0 0 0 0 0 0 
Printing tau_prime:
0 2.8405 0.861274 1.99978 3.78115 4.3334 1.97452 6.87446 7.99163 8.5053 3.36618 0 
2.8405 0 3.02614 4.56115 1.0452 1.51209 2.92923 4.11276 5.18605 5.6694 3.76214 2.8405 
0.861274 3.02614 0 1.53507 4.04942 4.42034 1.21619 6.83328 7.99057 8.56984 2.57371 0.861274 
1.99978 4.56115 1.53507 0 5.5816 5.94278 2.21785 8.29938 9.46987 10.0728 3.14554 1.99978 
3.78115 1.0452 4.04942 5.5816 0 1.00433 3.963 3.49562 4.45456 4.83965 4.7019 3.78115 
4.3334 1.51209 4.42034 5.94278 1.00433 0 4.05048 2.61489 3.67397 4.17404 4.49511 4.3334 
1.97452 2.92923 1.21619 2.21785 3.963 4.05048 0 6.19853 7.38415 8.03879 1.39365 1.97452 
6.87446 4.11276 6.83328 8.29938 3.49562 2.61489 6.19853 0 1.19019 1.93018 6.16972 6.87446 
7.99163 5.18605 7.99057 9.46987 4.45456 3.67397 7.38415 1.19019 0 0.834167 7.35147 7.99163 
8.5053 5.6694 8.56984 10.0728 4.83965 4.17404 8.03879 1.93018 0.834167 0 8.0885 8.5053 
3.36618 3.76214 2.57371 3.14554 4.7019 4.49511 1.39365 6.16972 7.35147 8.0885 0 3.36618 
0 0 0 0 0 0 0 0 0 0 0 0 
Printing number of nodes: 11

Version identifier: 22.1.1.0 | 2022-11-28 | 9160aff4d
CPXPARAM_ClockType                               0
CPXPARAM_Emphasis_MIP                            2
CPXPARAM_MIP_Tolerances_Integrality              0
Tried aggregator 2 times.
MIP Presolve eliminated 449 rows and 513 columns.
MIP Presolve modified 1997 coefficients.
Aggregator did 2 substitutions.
Reduced MIP has 5679 rows, 1200 columns, and 164579 nonzeros.
Reduced MIP has 1191 binaries, 0 generals, 0 SOSs, and 0 indicators.
Presolve time = 0.08 sec. (271.43 ticks)
Found incumbent of value 161.584000 after 0.13 sec. (388.39 ticks)
Probing fixed 134 vars, tightened 0 bounds.
Probing changed sense of 18 constraints.
Probing time = 0.05 sec. (49.46 ticks)
Tried aggregator 1 time.
MIP Presolve eliminated 31 rows and 152 columns.
MIP Presolve modified 34 coefficients.
Reduced MIP has 5648 rows, 1048 columns, and 163850 nonzeros.
Reduced MIP has 1039 binaries, 0 generals, 0 SOSs, and 0 indicators.
Presolve time = 0.07 sec. (182.66 ticks)
Probing time = 0.01 sec. (14.67 ticks)
Tried aggregator 1 time.
Detecting symmetries...
Reduced MIP has 5648 rows, 1048 columns, and 163850 nonzeros.
Reduced MIP has 1039 binaries, 0 generals, 0 SOSs, and 0 indicators.
Presolve time = 0.03 sec. (88.96 ticks)
Probing time = 0.01 sec. (14.61 ticks)
Clique table members: 83077.
MIP emphasis: optimality.
MIP search method: dynamic search.
Parallel mode: deterministic, using up to 20 threads.
Root relaxation solution time = 0.20 sec. (247.05 ticks)

        Nodes                                         Cuts/
   Node  Left     Objective  IInf  Best Integer    Best Bound    ItCnt     Gap

*     0+    0                          161.5840      -10.0000           106.19%
      0     0       39.4312   129      161.5840       39.4312     1085   75.60%
*     0+    0                           61.6197       39.4312            36.01%
      0     0       39.9331   139       61.6197      Cuts: 49     1930   35.19%
*     0+    0                           46.5567       39.9331            14.23%
      0     0       39.9583   148       46.5567      Cuts: 13     2115   14.17%
      0     0       39.9615   148       46.5567       Cuts: 6     2172   14.17%
      0     0       40.0077   167       46.5567      Cuts: 13     2335   14.07%
      0     0       40.0237   169       46.5567       Cuts: 7     2425   14.03%
Detecting symmetries...
      0     0       40.0312   184       46.5567       Cuts: 7     2483   14.02%
      0     0       40.0637   194       46.5567       Cuts: 9     2620   13.95%
      0     0       40.0776   201       46.5567       Cuts: 4     2690   13.92%
      0     0       40.1120   196       46.5567       Cuts: 6     2771   13.84%
      0     0       40.1150   193       46.5567       Cuts: 4     2791   13.84%
      0     0       40.1164   201       46.5567       Cuts: 2     2822   13.83%
Detecting symmetries...
      0     2       40.1164   198       46.5567       40.1164     2822   13.83%
Elapsed time = 2.47 sec. (5460.74 ticks, tree = 0.02 MB, solutions = 3)
      2     3       40.3245   126       46.5567       40.1164     3664   13.83%
      6     5       40.5905   105       46.5567       40.3302     5074   13.37%
*    32    12      integral     0       45.9877       40.3303     6198   12.30%
*    50    14      integral     0       44.5994       40.3303     6466    9.57%
*    52    12      integral     0       43.9697       40.3303     6323    8.28%
    188    27       43.2675   125       43.9697       40.4924    12304    7.91%
    370    44        cutoff             43.9697       40.8769    23927    7.03%
    772    37        cutoff             43.9697       41.1690    44190    6.37%

Clique cuts applied:  1
Cover cuts applied:  1
Implied bound cuts applied:  14
Flow cuts applied:  1
Mixed integer rounding cuts applied:  4
Zero-half cuts applied:  20
Lift and project cuts applied:  4
Gomory fractional cuts applied:  4

Root node processing (before b&c):
  Real time             =    2.43 sec. (5409.12 ticks)
Parallel b&c, 20 threads:
  Real time             =    1.86 sec. (1502.03 ticks)
  Sync time (average)   =    1.08 sec.
  Wait time (average)   =    0.00 sec.
                          ------------
Total (root+branch&cut) =    4.29 sec. (6911.15 ticks)
Truck arcs:
0 1
1 5
2 11
4 10
5 4
6 2
10 6
43.9697
In write mode
