Instance name: /home/cuong/CLionProjects/uMV-FSTSP/rand_generated_instances/v63
Write arg val: 1

drone speed: 1 miles/minute
uav non-eligible customer: 12 
Printing tau:
0 2.37492 5.66814 7.17332 4.92397 9.67053 18.0097 15.2857 6.34058 5.17704 7.54672 0 
2.37492 0 8.04306 9.54824 2.79411 8.60783 16.947 14.223 4.49128 6.94111 5.1718 2.37492 
5.66814 8.04306 0 3.72682 10.5921 13.1942 21.5334 18.8094 12.0087 1.65334 13.2149 5.66814 
7.17332 9.54824 3.72682 0 12.0973 13.3877 17.8066 18.4496 13.5139 5.38017 14.72 7.17332 
4.92397 2.79411 10.5921 12.0973 0 11.4019 19.7411 17.0171 7.28538 9.49017 5.99193 4.92397 
9.67053 8.60783 13.1942 13.3877 11.4019 0 16.913 5.61513 4.11655 14.8476 5.41001 9.67053 
18.0097 16.947 21.5334 17.8066 19.7411 16.913 0 21.9749 17.0392 23.1867 18.2453 18.0097 
15.2857 14.223 18.8094 18.4496 17.0171 5.61513 21.9749 0 9.73168 20.4627 11.0251 15.2857 
6.34058 4.49128 12.0087 13.5139 7.28538 4.11655 17.0392 9.73168 0 10.9068 1.29346 6.34058 
5.17704 6.94111 1.65334 5.38017 9.49017 14.8476 23.1867 20.4627 10.9068 0 12.1129 5.17704 
7.54672 5.1718 13.2149 14.72 5.99193 5.41001 18.2453 11.0251 1.29346 12.1129 0 7.54672 
0 0 0 0 0 0 0 0 0 0 0 0 
Printing tau_prime:
0 0.91989 2.35967 2.53717 1.84537 4.06414 7.40616 6.7157 2.98013 2.44059 3.064 0 
0.91989 0 3.27349 3.38946 1.33719 3.33235 7.56735 5.93218 2.11831 3.29988 2.14981 0.91989 
2.35967 3.27349 0 1.42104 3.79811 6.27777 7.81819 8.95059 5.32228 0.70248 5.42248 2.35967 
2.53717 3.38946 1.42104 0 4.33138 5.79723 6.41777 8.42518 5.13879 2.11374 5.3984 2.53717 
1.84537 1.33719 3.79811 4.33138 0 4.05693 8.90068 6.42196 2.62401 3.56959 2.31252 1.84537 
4.06414 3.33235 6.27777 5.79723 4.05693 0 6.66701 2.67283 1.4561 6.48722 1.96987 4.06414 
7.40616 7.56735 7.81819 6.41777 8.90068 6.66701 0 7.82876 7.46223 8.47962 8.07722 7.40616 
6.7157 5.93218 8.95059 8.42518 6.42196 2.67283 7.82876 0 3.85789 9.14949 4.11496 6.7157 
2.98013 2.11831 5.32228 5.13879 2.62401 1.4561 7.46223 3.85789 0 5.40963 0.625278 2.98013 
2.44059 3.29988 0.70248 2.11374 3.56959 6.48722 8.47962 9.14949 5.40963 0 5.42897 2.44059 
3.064 2.14981 5.42248 5.3984 2.31252 1.96987 8.07722 4.11496 0.625278 5.42897 0 3.064 
0 0 0 0 0 0 0 0 0 0 0 0 
Printing number of nodes: 11

Version identifier: 22.1.1.0 | 2022-11-28 | 9160aff4d
CPXPARAM_ClockType                               0
CPXPARAM_Emphasis_MIP                            2
CPXPARAM_MIP_Tolerances_Integrality              0
Tried aggregator 1 time.
MIP Presolve eliminated 254 rows and 294 columns.
MIP Presolve modified 2342 coefficients.
Reduced MIP has 5732 rows, 1421 columns, and 168108 nonzeros.
Reduced MIP has 1411 binaries, 0 generals, 0 SOSs, and 0 indicators.
Presolve time = 0.07 sec. (220.71 ticks)
Found incumbent of value 134.933190 after 0.13 sec. (344.55 ticks)
Probing fixed 161 vars, tightened 0 bounds.
Probing time = 0.05 sec. (62.02 ticks)
Tried aggregator 1 time.
MIP Presolve eliminated 11 rows and 161 columns.
MIP Presolve modified 82 coefficients.
Reduced MIP has 5721 rows, 1260 columns, and 167287 nonzeros.
Reduced MIP has 1250 binaries, 0 generals, 0 SOSs, and 0 indicators.
Presolve time = 0.04 sec. (124.44 ticks)
Probing time = 0.01 sec. (14.88 ticks)
Tried aggregator 1 time.
Detecting symmetries...
Reduced MIP has 5721 rows, 1260 columns, and 167287 nonzeros.
Reduced MIP has 1250 binaries, 0 generals, 0 SOSs, and 0 indicators.
Presolve time = 0.04 sec. (92.62 ticks)
Probing time = 0.01 sec. (14.94 ticks)
Clique table members: 82680.
MIP emphasis: optimality.
MIP search method: dynamic search.
Parallel mode: deterministic, using up to 20 threads.
Root relaxation solution time = 0.25 sec. (324.61 ticks)

        Nodes                                         Cuts/
   Node  Left     Objective  IInf  Best Integer    Best Bound    ItCnt     Gap

*     0+    0                          134.9332      -10.0000           107.41%
*     0+    0                          116.8300      -10.0000           108.56%
      0     0       36.0699   144      116.8300       36.0699     1554   69.13%
*     0+    0                           46.9300       36.0699            23.14%
      0     0       36.4568   159       46.9300      Cuts: 38     2379   22.32%
      0     0       36.5262   168       46.9300      Cuts: 18     2695   22.17%
      0     0       36.5582   174       46.9300       Cuts: 8     2803   22.10%
*     0+    0                           45.7314       36.5582            20.06%
      0     0  -1.00000e+75     0       45.7314       36.5582     2803   20.06%
      0     0       36.5807   147       45.7314       Cuts: 7     2865   20.01%
      0     0       36.6034   173       45.7314       Cuts: 4     2994   19.96%
Detecting symmetries...
      0     0       36.7192   176       45.7314       Cuts: 8     3201   19.71%
      0     0       36.7447   197       45.7314      Cuts: 18     3326   19.65%
      0     0       36.7517   202       45.7314       Cuts: 8     3389   19.64%
      0     0       36.7774   200       45.7314       Cuts: 8     3459   19.58%
      0     0       36.8002   199       45.7314       Cuts: 9     3553   19.53%
      0     0       36.8430   185       45.7314       Cuts: 4     3633   19.44%
      0     0       36.9481   146       45.7314      Cuts: 16     3763   19.21%
      0     0       36.9891   153       45.7314       Cuts: 5     3835   19.12%
      0     0       37.0004   184       45.7314      Cuts: 12     3859   19.09%
      0     0       37.0125   207       45.7314       Cuts: 3     3881   19.07%
      0     0       37.0168   209       45.7314   ZeroHalf: 1     3899   19.06%
      0     0       37.0170   209       45.7314       Cuts: 2     3908   19.06%
*     0+    0                           41.5956       37.0170            11.01%
Detecting symmetries...
      0     2       37.0170   207       41.5956       37.0170     3908   11.01%
Elapsed time = 2.13 sec. (4406.96 ticks, tree = 0.02 MB, solutions = 5)
      6     8       39.9813    60       41.5956       37.1514     5495   10.68%
    199    25       37.8592   272       41.5956       37.1514    16693   10.68%
*   299+   36                           41.0880       37.1514             9.58%
    394    50        cutoff             41.0880       37.4709    33897    8.80%
    621    62        cutoff             41.0880       37.4709    40171    8.80%
*   814    24      integral     0       40.8933       37.4709    53509    8.37%
    929    13        cutoff             40.8933       37.4709    61861    8.37%
    999    11       38.2924   252       40.8933       37.4709    68517    8.37%
   1192    24        cutoff             40.8933       37.9229    81645    7.26%
   1465    26       39.6069   144       40.8933       38.6064    92356    5.59%
   1699    13        cutoff             40.8933       38.8152   105179    5.08%

Cover cuts applied:  9
Implied bound cuts applied:  32
Flow cuts applied:  5
Mixed integer rounding cuts applied:  4
Zero-half cuts applied:  28
Gomory fractional cuts applied:  1

Root node processing (before b&c):
  Real time             =    2.07 sec. (4335.37 ticks)
Parallel b&c, 20 threads:
  Real time             =    3.34 sec. (2470.45 ticks)
  Sync time (average)   =    1.79 sec.
  Wait time (average)   =    0.00 sec.
                          ------------
Total (root+branch&cut) =    5.42 sec. (6805.82 ticks)
Truck arcs:
0 9
1 11
2 5
5 10
8 1
9 2
10 8
40.8933
In write mode
