Instance name: /home/cuong/CLionProjects/uMV-FSTSP/rand_generated_instances/v78
Write arg val: 1

drone speed: 1 miles/minute
uav non-eligible customer: 12 
Printing tau:
0 7.88514 5.17682 4.71929 5.63943 15.3836 16.5472 8.46325 1.52238 12.3536 10.5571 0 
7.88514 0 4.25321 6.3506 9.42175 19.1659 24.4323 12.2456 7.15807 4.46848 14.3394 7.88514 
5.17682 4.25321 0 2.09739 5.16854 14.9127 21.724 7.99235 4.44976 7.17679 10.0862 5.17682 
4.71929 6.3506 2.09739 0 3.07115 12.8153 21.2665 5.89496 4.09066 7.63433 7.98882 4.71929 
5.63943 9.42175 5.16854 3.07115 0 9.74419 18.9116 2.82382 7.16181 9.98924 5.34649 5.63943 
15.3836 19.1659 14.9127 12.8153 9.74419 0 10.8422 6.92037 16.906 18.299 4.82651 15.3836 
16.5472 24.4323 21.724 21.2665 18.9116 10.8422 0 17.1985 17.2743 28.9008 13.5651 16.5472 
8.46325 12.2456 7.99235 5.89496 2.82382 6.92037 17.1985 0 9.98563 11.7023 3.63346 8.46325 
1.52238 7.15807 4.44976 4.09066 7.16181 16.906 17.2743 9.98563 0 11.6266 12.0795 1.52238 
12.3536 4.46848 7.17679 7.63433 9.98924 18.299 28.9008 11.7023 11.6266 0 15.3357 12.3536 
10.5571 14.3394 10.0862 7.98882 5.34649 4.82651 13.5651 3.63346 12.0795 15.3357 0 10.5571 
0 0 0 0 0 0 0 0 0 0 0 0 
Printing tau_prime:
0 3.09195 1.83784 1.8996 2.16199 5.80089 6.07531 3.00106 0.596475 4.48764 3.87856 0 
3.09195 0 1.78272 2.5088 3.86083 8.3068 9.13618 5.02844 2.6539 1.60931 6.36117 3.09195 
1.83784 1.78272 0 0.758978 2.08037 6.52689 7.8203 3.24726 1.72386 2.80564 4.58666 1.83784 
1.8996 2.5088 0.758978 0 1.36828 5.84056 7.55419 2.53226 2.02087 3.32328 3.92321 1.8996 
2.16199 3.86083 2.08037 1.36828 0 4.47302 6.69571 1.16771 2.59741 4.64986 2.56828 2.16199 
5.80089 8.3068 6.52689 5.84056 4.47302 0 5.39824 3.32216 6.39515 9.08958 1.95924 5.80089 
6.07531 9.13618 7.8203 7.55419 6.69571 5.39824 0 6.22957 6.48354 10.5608 5.23337 6.07531 
3.00106 5.02844 3.24726 2.53226 1.16771 3.32216 6.22957 0 3.53055 5.77078 1.48266 3.00106 
0.596475 2.6539 1.72386 2.02087 2.59741 6.39515 6.48354 3.53055 0 4.14 4.46755 0.596475 
4.48764 1.60931 2.80564 3.32328 4.64986 9.08958 10.5608 5.77078 4.14 0 7.2171 4.48764 
3.87856 6.36117 4.58666 3.92321 2.56828 1.95924 5.23337 1.48266 4.46755 7.2171 0 3.87856 
0 0 0 0 0 0 0 0 0 0 0 0 
Printing number of nodes: 11

Version identifier: 22.1.1.0 | 2022-11-28 | 9160aff4d
CPXPARAM_ClockType                               0
CPXPARAM_Emphasis_MIP                            2
CPXPARAM_MIP_Tolerances_Integrality              0
Tried aggregator 1 time.
MIP Presolve eliminated 254 rows and 302 columns.
MIP Presolve modified 2353 coefficients.
Reduced MIP has 5732 rows, 1413 columns, and 168050 nonzeros.
Reduced MIP has 1403 binaries, 0 generals, 0 SOSs, and 0 indicators.
Presolve time = 0.10 sec. (311.97 ticks)
Found incumbent of value 128.918910 after 0.16 sec. (435.86 ticks)
Probing fixed 153 vars, tightened 0 bounds.
Probing time = 0.04 sec. (61.65 ticks)
Tried aggregator 1 time.
MIP Presolve eliminated 11 rows and 153 columns.
MIP Presolve modified 96 coefficients.
Reduced MIP has 5721 rows, 1260 columns, and 167279 nonzeros.
Reduced MIP has 1250 binaries, 0 generals, 0 SOSs, and 0 indicators.
Presolve time = 0.04 sec. (128.26 ticks)
Probing time = 0.01 sec. (15.04 ticks)
Tried aggregator 1 time.
Detecting symmetries...
Reduced MIP has 5721 rows, 1260 columns, and 167279 nonzeros.
Reduced MIP has 1250 binaries, 0 generals, 0 SOSs, and 0 indicators.
Presolve time = 0.04 sec. (92.80 ticks)
Probing time = 0.01 sec. (14.89 ticks)
Clique table members: 82686.
MIP emphasis: optimality.
MIP search method: dynamic search.
Parallel mode: deterministic, using up to 20 threads.
Root relaxation solution time = 0.25 sec. (325.23 ticks)

        Nodes                                         Cuts/
   Node  Left     Objective  IInf  Best Integer    Best Bound    ItCnt     Gap

*     0+    0                          128.9189      -10.0000           107.76%
*     0+    0                          102.5968      -10.0000           109.75%
      0     0       34.5991   151      102.5968       34.5991     1589   66.28%
*     0+    0                           77.3748       34.5991            55.28%
      0     0       34.9179   170       77.3748      Cuts: 34     2635   54.87%
      0     0       35.0254   179       77.3748      Cuts: 14     2961   54.73%
      0     0       35.0394   201       77.3748      Cuts: 10     3062   54.71%
*     0+    0                           39.9382       35.0394            12.27%
      0     0  -1.00000e+75     0       39.9382       35.0394     3062   12.27%
      0     0       35.0417   209       39.9382       Cuts: 3     3081   12.26%
      0     0       35.0645   203       39.9382       Cuts: 5     3154   12.20%
Detecting symmetries...
      0     0       35.0735   194       39.9382       Cuts: 5     3204   12.18%
      0     0       35.0776   207       39.9382       Cuts: 5     3237   12.17%
      0     0       35.0802   209       39.9382       Cuts: 2     3268   12.16%
*     0+    0                           38.1386       35.0802             8.02%
      0     0       35.0809   212       38.1386       Cuts: 4     3293    8.02%
Detecting symmetries...
      0     2       35.0809   211       38.1386       35.0809     3293    8.02%
Elapsed time = 2.30 sec. (4807.74 ticks, tree = 0.02 MB, solutions = 5)
     43    15        cutoff             38.1386       35.0879     5918    8.00%
    264    43        cutoff             38.1386       35.6935    19378    6.41%
*   283    45      integral     0       37.7028       35.6935    20750    5.33%
    389    13       37.5052    93       37.7028       35.9942    28089    4.53%

Implied bound cuts applied:  6
Flow cuts applied:  3
Mixed integer rounding cuts applied:  6
Zero-half cuts applied:  17
Lift and project cuts applied:  3
Gomory fractional cuts applied:  2

Root node processing (before b&c):
  Real time             =    2.26 sec. (4748.54 ticks)
Parallel b&c, 20 threads:
  Real time             =    1.00 sec. (896.55 ticks)
  Sync time (average)   =    0.56 sec.
  Wait time (average)   =    0.00 sec.
                          ------------
Total (root+branch&cut) =    3.26 sec. (5645.09 ticks)
Truck arcs:
0 10
2 8
3 2
4 3
7 4
8 11
10 7
37.7028
In write mode
