Instance name: /home/cuong/CLionProjects/uMV-FSTSP/rand_generated_instances/v79
Write arg val: 1

drone speed: 1 miles/minute
uav non-eligible customer: 12 
Printing tau:
0 13.9021 3.74736 3.47605 3.24402 12.487 2.0525 25.5599 15.0176 15.5301 22.4685 0 
13.9021 0 13.8696 10.4261 10.6581 11.0047 11.8496 11.6578 11.0159 9.01969 13.5945 13.9021 
3.74736 13.8696 0 3.44348 4.28796 13.1457 5.5365 25.5273 14.985 15.4975 22.4359 3.74736 
3.47605 10.4261 3.44348 0 1.3265 10.1842 2.57504 22.0838 11.5415 12.054 18.9924 3.47605 
3.24402 10.6581 4.28796 1.3265 0 9.24295 1.24854 22.3159 11.7735 12.2861 19.2245 3.24402 
12.487 11.0047 13.1457 10.1842 9.24295 0 10.4345 21.5814 2.53059 3.04313 24.5992 12.487 
2.0525 11.8496 5.5365 2.57504 1.24854 10.4345 0 23.5074 12.9651 13.4776 20.416 2.0525 
25.5599 11.6578 25.5273 22.0838 22.3159 21.5814 23.5074 0 21.5926 19.5964 3.09141 25.5599 
15.0176 11.0159 14.985 11.5415 11.7735 2.53059 12.9651 21.5926 0 1.99618 24.6104 15.0176 
15.5301 9.01969 15.4975 12.054 12.2861 3.04313 13.4776 19.5964 1.99618 0 22.6142 15.5301 
22.4685 13.5945 22.4359 18.9924 19.2245 24.5992 20.416 3.09141 24.6104 22.6142 0 22.4685 
0 0 0 0 0 0 0 0 0 0 0 0 
Printing tau_prime:
0 4.94785 1.32494 1.25999 1.16275 5.52554 0.962663 10.0108 6.26563 6.08421 9.59101 0 
4.94785 0 4.96171 3.69757 3.84391 3.9228 4.35809 5.56518 3.91461 3.24047 5.68103 4.94785 
1.32494 4.96171 0 1.60576 1.89407 6.40235 2.08365 9.5053 7.05028 6.75216 8.90614 1.32494 
1.25999 3.69757 1.60576 0 0.476109 4.80774 1.04027 8.7863 5.44463 5.1542 8.4299 1.25999 
1.16275 3.84391 1.89407 0.476109 0 4.52619 0.610181 9.0822 5.21144 4.97721 8.78475 1.16275 
5.52554 3.9228 6.40235 4.80774 4.52619 0 4.56588 8.9209 0.894707 1.28457 9.38585 5.52554 
0.962663 4.35809 2.08365 1.04027 0.610181 4.56588 0 9.66838 5.31698 5.16329 9.39065 0.962663 
10.0108 5.56518 9.5053 8.7863 9.0822 8.9209 9.66838 0 8.49544 7.78312 1.52741 10.0108 
6.26563 3.91461 7.05028 5.44463 5.21144 0.894707 5.31698 8.49544 0 0.728647 9.09111 6.26563 
6.08421 3.24047 6.75216 5.1542 4.97721 1.28457 5.16329 7.78312 0.728647 0 8.36319 6.08421 
9.59101 5.68103 8.90614 8.4299 8.78475 9.38585 9.39065 1.52741 9.09111 8.36319 0 9.59101 
0 0 0 0 0 0 0 0 0 0 0 0 
Printing number of nodes: 11

Version identifier: 22.1.1.0 | 2022-11-28 | 9160aff4d
CPXPARAM_ClockType                               0
CPXPARAM_Emphasis_MIP                            2
CPXPARAM_MIP_Tolerances_Integrality              0
Tried aggregator 2 times.
MIP Presolve eliminated 274 rows and 495 columns.
MIP Presolve modified 1938 coefficients.
Aggregator did 1 substitutions.
Reduced MIP has 5711 rows, 1219 columns, and 167052 nonzeros.
Reduced MIP has 1209 binaries, 0 generals, 0 SOSs, and 0 indicators.
Presolve time = 0.11 sec. (377.67 ticks)
Found incumbent of value 157.783550 after 0.17 sec. (500.55 ticks)
Probing fixed 123 vars, tightened 0 bounds.
Probing time = 0.04 sec. (50.80 ticks)
Tried aggregator 1 time.
MIP Presolve eliminated 9 rows and 123 columns.
Reduced MIP has 5702 rows, 1096 columns, and 166463 nonzeros.
Reduced MIP has 1086 binaries, 0 generals, 0 SOSs, and 0 indicators.
Presolve time = 0.03 sec. (77.10 ticks)
Probing time = 0.01 sec. (13.94 ticks)
Tried aggregator 1 time.
Detecting symmetries...
Reduced MIP has 5702 rows, 1096 columns, and 166463 nonzeros.
Reduced MIP has 1086 binaries, 0 generals, 0 SOSs, and 0 indicators.
Presolve time = 0.04 sec. (91.97 ticks)
Probing time = 0.01 sec. (13.95 ticks)
Clique table members: 85996.
MIP emphasis: optimality.
MIP search method: dynamic search.
Parallel mode: deterministic, using up to 20 threads.
Root relaxation solution time = 0.16 sec. (223.03 ticks)

        Nodes                                         Cuts/
   Node  Left     Objective  IInf  Best Integer    Best Bound    ItCnt     Gap

*     0+    0                          157.7835      -10.0000           106.34%
*     0+    0                          144.3980      -10.0000           106.93%
      0     0       38.1882   141      144.3980       38.1882      939   73.55%
*     0+    0                           67.0229       38.1882            43.02%
      0     0       39.4170   169       67.0229      Cuts: 49     2025   41.19%
      0     0       39.9567   170       67.0229      Cuts: 40     2264   40.38%
      0     0       40.1665   173       67.0229      Cuts: 28     2313   40.07%
*     0+    0                           53.8053       40.1665            25.35%
      0     0       40.2230   191       53.8053      Cuts: 12     2368   24.86%
      0     0       40.3169   173       53.8053      Cuts: 16     2414   24.86%
Detecting symmetries...
      0     0       40.3387   191       53.8053       Cuts: 5     2456   24.86%
      0     0       40.3560   196       53.8053       Cuts: 2     2479   24.86%
      0     0       40.4008   196       53.8053   ZeroHalf: 3     2510   24.86%
      0     0       40.4074   208       53.8053   ZeroHalf: 1     2529   24.86%
*     0+    0                           49.8014       40.4302            18.82%
      0     0       40.4078   193       49.8014       Cuts: 2     2543   18.82%
      0     0       40.4985   177       49.8014       Cuts: 5     2635   16.50%
      0     0       41.0470   195       49.8014      Cuts: 12     2754   16.50%
      0     0       41.0873   196       49.8014      Cuts: 10     2798   16.50%
*     0+    0                           47.5908       41.5827            12.62%
      0     0  -1.00000e+75     0       47.5908       41.5827     2798   12.62%
Detecting symmetries...
      0     2       41.0873   196       47.5908       41.5827     2798   12.62%
Elapsed time = 2.52 sec. (5455.60 ticks, tree = 0.02 MB, solutions = 6)
      2     3       41.2429   185       47.5908       41.5827     2882   12.62%
     12     8       43.9635   236       47.5908       41.7259     4332   12.32%
    145    58        cutoff             47.5908       43.5621    14165    8.47%
*   153+   18                           47.3021       43.5621             7.91%
*   226    75      integral     0       47.2451       43.6374    23061    7.64%
    237    67        cutoff             47.2451       43.6374    23504    7.64%
    355    57    infeasible             47.2451       43.6374    30380    7.64%
    577    15       46.7031    63       47.2451       44.9926    38336    4.77%
    678     8        cutoff             47.2451       46.2285    43955    2.15%

Clique cuts applied:  18
Cover cuts applied:  30
Implied bound cuts applied:  30
Flow cuts applied:  1
Mixed integer rounding cuts applied:  2
Zero-half cuts applied:  24
Gomory fractional cuts applied:  2

Root node processing (before b&c):
  Real time             =    2.47 sec. (5401.65 ticks)
Parallel b&c, 20 threads:
  Real time             =    1.95 sec. (1929.78 ticks)
  Sync time (average)   =    1.15 sec.
  Wait time (average)   =    0.00 sec.
                          ------------
Total (root+branch&cut) =    4.42 sec. (7331.43 ticks)
Truck arcs:
0 6
1 9
3 1
4 11
5 4
6 3
8 5
9 8
47.2451
In write mode
