Instance name: /home/cuong/CLionProjects/uMV-FSTSP/rand_generated_instances/v80
Write arg val: 1

drone speed: 1 miles/minute
uav non-eligible customer: 12 
Printing tau:
0 8.40372 7.30026 4.90644 2.46658 13.2728 20.1444 3.53221 14.2242 17.8962 2.92575 0 
8.40372 0 6.9995 5.38203 5.93714 5.08028 11.7407 4.87151 14.525 18.1969 5.47797 8.40372 
7.30026 6.9995 0 12.2067 6.83782 12.0798 17.7528 4.44951 21.5245 25.1964 6.31632 7.30026 
4.90644 5.38203 12.2067 0 5.36888 10.2511 17.1227 7.75719 11.0884 12.9897 5.89038 4.90644 
2.46658 5.93714 6.83782 5.36888 0 10.8062 17.6778 2.38831 14.6866 18.3586 0.5215 2.46658 
13.2728 5.08028 12.0798 10.2511 10.8062 0 6.87159 9.74058 9.44468 13.1166 10.347 13.2728 
20.1444 11.7407 17.7528 17.1227 17.6778 6.87159 0 16.6122 6.03434 19.7051 17.2186 20.1444 
3.53221 4.87151 4.44951 7.75719 2.38831 9.74058 16.6122 0 17.075 20.7469 1.86681 3.53221 
14.2242 14.525 21.5245 11.0884 14.6866 9.44468 6.03434 17.075 0 13.6708 15.2081 14.2242 
17.8962 18.1969 25.1964 12.9897 18.3586 13.1166 19.7051 20.7469 13.6708 0 18.8801 17.8962 
2.92575 5.47797 6.31632 5.89038 0.5215 10.347 17.2186 1.86681 15.2081 18.8801 0 2.92575 
0 0 0 0 0 0 0 0 0 0 0 0 
Printing tau_prime:
0 2.97307 2.71601 2.03727 0.88726 4.98762 7.83792 1.60481 7.08362 6.32916 1.09134 0 
2.97307 0 3.26225 2.64767 2.09988 2.4879 5.35221 1.94403 5.51743 7.02282 1.95176 2.97307 
2.71601 3.26225 0 4.32146 2.41768 5.74805 8.5824 1.624 8.66476 8.93498 2.24113 2.71601 
2.03727 2.64767 4.32146 0 1.9083 3.62459 6.24603 2.74851 5.1207 4.68244 2.08284 2.03727 
0.88726 2.09988 2.41768 1.9083 0 4.24636 7.13221 0.924635 6.62635 6.5302 0.245663 0.88726 
4.98762 2.4879 5.74805 3.62459 4.24636 0 2.89946 4.37464 3.35229 6.48792 4.18746 4.98762 
7.83792 5.35221 8.5824 6.24603 7.13221 2.89946 0 7.26748 2.76359 7.60714 7.08283 7.83792 
1.60481 1.94403 1.624 2.74851 0.924635 4.37464 7.26748 0 7.10145 7.4162 0.693972 1.60481 
7.08362 5.51743 8.66476 5.1207 6.62635 3.35229 2.76359 7.10145 0 5.00466 6.67435 7.08362 
6.32916 7.02282 8.93498 4.68244 6.5302 6.48792 7.60714 7.4162 5.00466 0 6.73276 6.32916 
1.09134 1.95176 2.24113 2.08284 0.245663 4.18746 7.08283 0.693972 6.67435 6.73276 0 1.09134 
0 0 0 0 0 0 0 0 0 0 0 0 
Printing number of nodes: 11

Version identifier: 22.1.1.0 | 2022-11-28 | 9160aff4d
CPXPARAM_ClockType                               0
CPXPARAM_Emphasis_MIP                            2
CPXPARAM_MIP_Tolerances_Integrality              0
Tried aggregator 1 time.
MIP Presolve eliminated 255 rows and 306 columns.
MIP Presolve modified 2552 coefficients.
Reduced MIP has 5731 rows, 1409 columns, and 168011 nonzeros.
Reduced MIP has 1399 binaries, 0 generals, 0 SOSs, and 0 indicators.
Presolve time = 0.09 sec. (294.47 ticks)
Found incumbent of value 133.235400 after 0.15 sec. (416.67 ticks)
Probing fixed 151 vars, tightened 0 bounds.
Probing time = 0.12 sec. (62.16 ticks)
Tried aggregator 1 time.
MIP Presolve eliminated 9 rows and 151 columns.
MIP Presolve modified 116 coefficients.
Reduced MIP has 5722 rows, 1258 columns, and 167281 nonzeros.
Reduced MIP has 1248 binaries, 0 generals, 0 SOSs, and 0 indicators.
Presolve time = 0.05 sec. (158.73 ticks)
Probing time = 0.01 sec. (15.17 ticks)
Tried aggregator 1 time.
Detecting symmetries...
Reduced MIP has 5722 rows, 1258 columns, and 167281 nonzeros.
Reduced MIP has 1248 binaries, 0 generals, 0 SOSs, and 0 indicators.
Presolve time = 0.04 sec. (92.45 ticks)
Probing time = 0.01 sec. (14.98 ticks)
Clique table members: 82004.
MIP emphasis: optimality.
MIP search method: dynamic search.
Parallel mode: deterministic, using up to 20 threads.
Root relaxation solution time = 0.20 sec. (281.05 ticks)

        Nodes                                         Cuts/
   Node  Left     Objective  IInf  Best Integer    Best Bound    ItCnt     Gap

*     0+    0                          133.2354      -10.0000           107.51%
*     0+    0                          119.8204      -10.0000           108.35%
      0     0       34.9583   123      119.8204       34.9583     1271   70.82%
*     0+    0                           51.1023       34.9583            31.59%
      0     0       36.1835   152       51.1023      Cuts: 52     2007   29.19%
      0     0       36.2945   160       51.1023      Cuts: 13     2169   28.98%
      0     0       36.3159   170       51.1023       Cuts: 8     2284   28.93%
*     0+    0                           46.7074       36.3159            22.25%
      0     0  -1.00000e+75     0       46.7074       36.3159     2284   22.25%
      0     0       36.3289   170       46.7074       Cuts: 5     2319   22.22%
      0     0       36.4047   170       46.7074       Cuts: 7     2460   22.06%
Detecting symmetries...
      0     0       36.5453   171       46.7074       Cuts: 4     2576   21.76%
      0     0       36.6695   162       46.7074       Cuts: 7     2669   21.49%
      0     0       36.7978   174       46.7074       Cuts: 7     2822   21.22%
      0     0       36.8082   172       46.7074       Cuts: 7     2853   21.19%
      0     0       36.9491   180       46.7074       Cuts: 8     2998   20.89%
      0     0       36.9709   170       46.7074       Cuts: 4     3034   20.85%
      0     0       36.9807   180       46.7074       Cuts: 2     3068   20.82%
      0     0       36.9966   184       46.7074       Cuts: 6     3098   20.79%
      0     0       36.9966   186       46.7074   ZeroHalf: 1     3101   20.79%
*     0+    0                           45.2462       36.9966            18.23%
      0     0       36.9966   190       45.2462       Cuts: 2     3104   18.23%
Detecting symmetries...
      0     2       36.9966   190       45.2462       36.9966     3104   18.23%
Elapsed time = 2.34 sec. (4641.15 ticks, tree = 0.02 MB, solutions = 5)
      9     2        cutoff             45.2462       37.3935     4333   17.36%
*    17+    3                           43.4957       38.2570            12.04%
*    22+    4                           43.2845       38.2570            11.62%
     47    13        cutoff             43.2845       38.5247     6896   11.00%
    201    96       41.7789    77       43.2845       38.6824    23145   10.63%
    279   128       41.4910    72       43.2845       38.6824    35404   10.63%
*   422+  137                           42.7696       38.6824             9.56%
    542   145       41.6260   201       42.7696       39.4148    48701    7.84%
    811    21       41.8464    62       42.7696       41.7529    67940    2.38%

Clique cuts applied:  1
Implied bound cuts applied:  29
Flow cuts applied:  2
Mixed integer rounding cuts applied:  5
Zero-half cuts applied:  22
Lift and project cuts applied:  1
Gomory fractional cuts applied:  3

Root node processing (before b&c):
  Real time             =    2.30 sec. (4580.81 ticks)
Parallel b&c, 20 threads:
  Real time             =    2.08 sec. (1569.96 ticks)
  Sync time (average)   =    1.10 sec.
  Wait time (average)   =    0.00 sec.
                          ------------
Total (root+branch&cut) =    4.38 sec. (6150.77 ticks)
Truck arcs:
0 10
1 7
3 5
4 3
5 1
7 11
10 4
42.7696
In write mode
