Instance name: /home/cuong/CLionProjects/uMV-FSTSP/rand_generated_instances/v88
Write arg val: 1

drone speed: 1 miles/minute
uav non-eligible customer: 6 9 12 
Printing tau:
0 7.23684 6.14514 4.27268 9.29481 23.3305 4.04443 8.52189 20.5462 3.20645 20.1162 0 
7.23684 0 7.79555 3.07298 2.05797 16.0936 11.2813 15.0152 14.053 6.74953 13.623 7.23684 
6.14514 7.79555 0 4.72258 6.24356 17.1853 10.1896 7.2196 21.8485 5.65783 21.4185 6.14514 
4.27268 3.07298 4.72258 0 5.02213 19.0578 8.3171 11.9422 17.1259 3.78537 16.6959 4.27268 
9.29481 2.05797 6.24356 5.02213 0 14.0357 13.3392 13.4632 15.605 8.8075 15.175 9.29481 
23.3305 16.0936 17.1853 19.0578 14.0357 0 27.3749 17.0364 16.4833 22.8432 16.0533 23.3305 
4.04443 11.2813 10.1896 8.3171 13.3392 27.3749 0 10.3385 19.2511 4.53173 18.8211 4.04443 
8.52189 15.0152 7.2196 11.9422 13.4632 17.0364 10.3385 0 29.0681 11.7283 28.6381 8.52189 
20.5462 14.053 21.8485 17.1259 15.605 16.4833 19.2511 29.0681 0 17.3398 1.3192 20.5462 
3.20645 6.74953 5.65783 3.78537 8.8075 22.8432 4.53173 11.7283 17.3398 0 16.9098 3.20645 
20.1162 13.623 21.4185 16.6959 15.175 16.0533 18.8211 28.6381 1.3192 16.9098 0 20.1162 
0 0 0 0 0 0 0 0 0 0 0 0 
Printing tau_prime:
0 3.43756 2.22089 1.93501 3.72172 8.37272 1.50144 3.74563 8.14077 1.14667 7.80232 0 
3.43756 0 2.78304 1.50953 0.911312 5.75447 4.39158 5.31911 5.09229 2.65423 4.86007 3.43756 
2.22089 2.78304 0 1.79614 2.47241 6.36516 3.71776 2.55306 7.86931 2.55783 7.64309 2.22089 
1.93501 1.50953 1.79614 0 1.85523 6.74178 3.03502 4.28226 6.43005 1.34046 6.14219 1.93501 
3.72172 0.911312 2.47241 1.85523 0 4.97207 4.88914 4.87674 5.53085 3.17375 5.36573 3.72172 
8.37272 5.75447 6.36516 6.74178 4.97207 0 9.72784 7.48847 7.40825 8.08196 7.59062 8.37272 
1.50144 4.39158 3.71776 3.03502 4.88914 9.72784 0 5.04056 8.50783 1.73889 8.11127 1.50144 
3.74563 5.31911 2.55306 4.28226 4.87674 7.48847 5.04056 0 10.3788 4.62699 10.1727 3.74563 
8.14077 5.09229 7.86931 6.43005 5.53085 7.40825 8.50783 10.3788 0 7.06049 0.490558 8.14077 
1.14667 2.65423 2.55783 1.34046 3.17375 8.08196 1.73889 4.62699 7.06049 0 6.70523 1.14667 
7.80232 4.86007 7.64309 6.14219 5.36573 7.59062 8.11127 10.1727 0.490558 6.70523 0 7.80232 
0 0 0 0 0 0 0 0 0 0 0 0 
Printing number of nodes: 11

Version identifier: 22.1.1.0 | 2022-11-28 | 9160aff4d
CPXPARAM_ClockType                               0
CPXPARAM_Emphasis_MIP                            2
CPXPARAM_MIP_Tolerances_Integrality              0
Tried aggregator 2 times.
MIP Presolve eliminated 890 rows and 641 columns.
MIP Presolve modified 1673 coefficients.
Aggregator did 2 substitutions.
Reduced MIP has 5382 rows, 1072 columns, and 152524 nonzeros.
Reduced MIP has 1064 binaries, 0 generals, 0 SOSs, and 0 indicators.
Presolve time = 0.07 sec. (195.55 ticks)
Found incumbent of value 172.678290 after 0.13 sec. (303.78 ticks)
Probing fixed 108 vars, tightened 0 bounds.
Probing changed sense of 32 constraints.
Probing time = 0.04 sec. (43.97 ticks)
Tried aggregator 1 time.
MIP Presolve eliminated 47 rows and 140 columns.
MIP Presolve modified 112 coefficients.
Reduced MIP has 5335 rows, 932 columns, and 151835 nonzeros.
Reduced MIP has 924 binaries, 0 generals, 0 SOSs, and 0 indicators.
Presolve time = 0.07 sec. (176.17 ticks)
Probing time = 0.01 sec. (14.49 ticks)
Tried aggregator 1 time.
Detecting symmetries...
Reduced MIP has 5335 rows, 932 columns, and 151835 nonzeros.
Reduced MIP has 924 binaries, 0 generals, 0 SOSs, and 0 indicators.
Presolve time = 0.03 sec. (82.68 ticks)
Probing time = 0.01 sec. (14.30 ticks)
Clique table members: 75474.
MIP emphasis: optimality.
MIP search method: dynamic search.
Parallel mode: deterministic, using up to 20 threads.
Root relaxation solution time = 0.18 sec. (244.94 ticks)

        Nodes                                         Cuts/
   Node  Left     Objective  IInf  Best Integer    Best Bound    ItCnt     Gap

*     0+    0                          172.6783       -1.5871           100.92%
      0     0       40.0654   138      172.6783       40.0654     1137   76.80%
      0     0       40.4815   140      172.6783      Cuts: 42     1452   76.56%
*     0+    0                           57.9661       40.4815            30.16%
      0     0       40.9545   145       57.9661      Cuts: 12     1842   29.35%
*     0+    0                           57.6046       40.9545            28.90%
      0     0       40.9820   150       57.6046       Cuts: 7     1949   28.86%
*     0+    0                           52.5063       40.9820            21.95%
*     0+    0                           50.2962       40.9820            18.52%
      0     0  -1.00000e+75     0       50.2962       40.9820     1949   18.52%
      0     0       41.0357   160       50.2962      Cuts: 14     2058   18.41%
      0     0       41.0423   158       50.2962   ZeroHalf: 5     2093   18.40%
Detecting symmetries...
      0     0       41.0681   164       50.2962       Cuts: 4     2162   18.35%
      0     0       41.1204   167       50.2962       Cuts: 6     2257   18.24%
      0     0       41.1486   158       50.2962   ZeroHalf: 5     2299   18.19%
      0     0       41.1564   171       50.2962       Cuts: 6     2352   18.17%
      0     0       41.1652   161       50.2962       Cuts: 2     2379   18.15%
      0     0       41.5098   123       50.2962   ZeroHalf: 4     2525   17.47%
      0     0       41.6166   141       50.2962       Cuts: 3     2571   17.26%
      0     0       41.6557   145       50.2962       Cuts: 4     2592   17.18%
      0     0       41.6572   143       50.2962   ZeroHalf: 5     2608   17.18%
      0     0       41.6716   139       50.2962   ZeroHalf: 5     2644   17.15%
      0     0       41.6803   145       50.2962       Cuts: 3     2652   17.13%
      0     0       41.6823   143       50.2962    MIRcuts: 1     2658   17.13%
*     0+    0                           48.5642       41.6823            14.17%
Detecting symmetries...
      0     2       41.6823   142       48.5642       42.1133     2658   13.28%
Elapsed time = 1.74 sec. (3548.89 ticks, tree = 0.02 MB, solutions = 6)
*    47+   16                           48.2956       43.0810            10.80%
*    49+   13                           48.0615       43.0810            10.36%
     58    15       44.4775    38       48.0615       43.0810     4229   10.36%
    495    98        cutoff             48.0615       43.9418    20885    8.57%
    790     9       47.9787    73       48.0615       43.9418    29190    8.57%

Clique cuts applied:  3
Implied bound cuts applied:  6
Flow cuts applied:  1
Mixed integer rounding cuts applied:  2
Zero-half cuts applied:  19
Lift and project cuts applied:  1
Gomory fractional cuts applied:  2

Root node processing (before b&c):
  Real time             =    1.70 sec. (3504.08 ticks)
Parallel b&c, 20 threads:
  Real time             =    1.28 sec. (974.20 ticks)
  Sync time (average)   =    0.72 sec.
  Wait time (average)   =    0.00 sec.
                          ------------
Total (root+branch&cut) =    2.99 sec. (4478.28 ticks)
Truck arcs:
0 7
1 3
2 4
3 9
4 1
6 11
7 2
9 6
48.0615
In write mode
