Instance name: /home/cuong/CLionProjects/uMV-FSTSP/50_dis_rand_ins/v100
Write arg val: 1

drone speed: 1 miles/minute
uav non-eligible customer: 8 9 11 
Printing tau:
0 18.241 57.6045 57.5208 43.6131 64.58 57.4524 49.4331 47.944 112.151 116.089 0 
18.241 0 56.2332 56.1495 25.372 46.339 39.2114 34.5165 49.3153 93.9095 97.8476 18.241 
57.6045 56.2332 0 1.10642 50.9119 60.4022 55.1125 90.7497 105.548 64.5691 68.5072 57.6045 
57.5208 56.1495 1.10642 0 50.8282 60.3186 55.0288 90.666 105.465 63.4627 67.4008 57.5208 
43.6131 25.372 50.9119 50.8282 0 20.9669 13.8393 39.8378 54.6365 68.5375 72.4756 43.6131 
64.58 46.339 60.4022 60.3186 20.9669 0 7.12761 30.3474 45.1462 47.5705 51.5086 64.58 
57.4524 39.2114 55.1125 55.0288 13.8393 7.12761 0 35.6372 50.4359 54.6981 58.6362 57.4524 
49.4331 34.5165 90.7497 90.666 39.8378 30.3474 35.6372 0 16.1865 62.7174 66.6555 49.4331 
47.944 49.3153 105.548 105.465 54.6365 45.1462 50.4359 16.1865 0 78.9039 82.842 47.944 
112.151 93.9095 64.5691 63.4627 68.5375 47.5705 54.6981 62.7174 78.9039 0 3.9381 112.151 
116.089 97.8476 68.5072 67.4008 72.4756 51.5086 58.6362 66.6555 82.842 3.9381 0 116.089 
0 0 0 0 0 0 0 0 0 0 0 0 
Printing tau_prime:
0 4.85053 19.8117 19.9829 11.7 17.1404 15.2487 15.7818 15.4707 29.7426 30.7842 0 
4.85053 0 16.8187 16.9369 6.87415 12.3371 10.4017 12.3361 13.6686 24.9166 25.9545 4.85053 
19.8117 16.8187 0 0.294222 13.541 16.6387 14.8465 24.0687 28.2447 23.2821 23.9352 19.8117 
19.9829 16.9369 0.294222 0 13.5449 16.5402 14.7756 24.0423 28.2637 23.052 23.6987 19.9829 
11.7 6.87415 13.541 13.5449 0 6.10271 3.83503 10.6757 14.7462 18.3158 19.3308 11.7 
17.1404 12.3371 16.6387 16.5402 6.10271 0 2.35361 8.99373 14.5719 12.6163 13.6651 17.1404 
15.2487 10.4017 14.8465 14.7756 3.83503 2.35361 0 9.68603 14.8343 14.5506 15.5786 15.2487 
15.7818 12.3361 24.0687 24.0423 10.6757 8.99373 9.68603 0 5.81557 18.5807 19.603 15.7818 
15.4707 13.6686 28.2447 28.2637 14.7462 14.5719 14.8343 5.81557 0 24.2252 25.2262 15.4707 
29.7426 24.9166 23.2821 23.052 18.3158 12.6163 14.5506 18.5807 24.2252 0 1.06168 29.7426 
30.7842 25.9545 23.9352 23.6987 19.3308 13.6651 15.5786 19.603 25.2262 1.06168 0 30.7842 
0 0 0 0 0 0 0 0 0 0 0 0 
Warning:  Output names have been modified due to duplicate names or characters invalid in LP format.
Version identifier: 22.1.1.0 | 2022-11-28 | 9160aff4d
CPXPARAM_TimeLimit                               200
CPXPARAM_MIP_Tolerances_Integrality              0
Tried aggregator 2 times.
MIP Presolve eliminated 2286 rows and 2705 columns.
MIP Presolve modified 2425 coefficients.
Aggregator did 35 substitutions.
Reduced MIP has 1480 rows, 4014 columns, and 39200 nonzeros.
Reduced MIP has 3985 binaries, 0 generals, 0 SOSs, and 0 indicators.
Presolve time = 0.03 sec. (69.46 ticks)
Probing fixed 193 vars, tightened 0 bounds.
Probing changed sense of 6 constraints.
Probing time = 0.07 sec. (173.61 ticks)
Tried aggregator 2 times.
Detecting symmetries...
MIP Presolve eliminated 103 rows and 239 columns.
MIP Presolve modified 279 coefficients.
Aggregator did 6 substitutions.
Reduced MIP has 1371 rows, 3769 columns, and 34746 nonzeros.
Reduced MIP has 3740 binaries, 0 generals, 0 SOSs, and 0 indicators.
Presolve time = 0.03 sec. (46.16 ticks)
Probing time = 0.01 sec. (7.57 ticks)
Clique table members: 15474.
MIP emphasis: balance optimality and feasibility.
MIP search method: dynamic search.
Parallel mode: deterministic, using up to 20 threads.
Root relaxation solution time = 0.12 sec. (218.30 ticks)

        Nodes                                         Cuts/
   Node  Left     Objective  IInf  Best Integer    Best Bound    ItCnt     Gap

      0     0      166.8067   210                    166.8067       31         
      0     0      241.4285   140                    Cuts: 25     2420         
      0     0      242.5916   172                    Cuts: 28     3904         
      0     0      242.9744   223                     Cuts: 9     4264         
      0     0      243.0862   182                     Cuts: 4     4291         
      0     0      244.0986   191                     Cuts: 9     4524         
Detecting symmetries...
      0     0      244.1846   218                    Cuts: 10     5043         
*     0+    0                          450.7922      244.1846            45.83%
      0     0      244.5929   217      450.7922      Cuts: 15     6460   45.74%
*     0+    0                          327.8893      244.5929            25.40%
      0     0  -1.00000e+75     0      327.8893      244.5929     6460   25.40%
      0     0      244.7500   277      327.8893      Cuts: 24     7056   25.36%
      0     0      244.8654   274      327.8893      Cuts: 10     7815   25.32%
      0     0      244.9916   266      327.8893   ZeroHalf: 3     9521   25.28%
      0     0      245.0254   337      327.8893       Cuts: 4    11777   25.27%
      0     0      245.0290   338      327.8893       Cuts: 4    11947   25.27%
      0     0      245.0466   283      327.8893   ZeroHalf: 1    12128   25.27%
      0     0      245.0466   302      327.8893       Cuts: 9    12307   25.27%
*     0+    0                          325.4615      245.0466            24.71%
*     0+    0                          320.0131      245.0466            23.43%
*     0+    0                          307.2989      245.0466            20.26%
Detecting symmetries...
      0     2      245.0466   278      307.2989      245.0466    12307   20.26%
Elapsed time = 2.91 sec. (4332.70 ticks, tree = 0.02 MB, solutions = 5)
*    72+    1                          305.4611      245.0556            19.78%
    400    25      277.5042    70      305.4611      245.3230    35235   19.69%
   1230   190      289.8261   140      305.4611      245.3230   104159   19.69%
   2097   387    infeasible            305.4611      245.3230   148793   19.69%
   2717   485        cutoff            305.4611      245.3230   206470   19.69%
   3173    38      297.2128   155      305.4611      245.3230   226244   19.69%
   3813    43    infeasible            305.4611      246.7363   253572   19.22%
   4826    31      247.6611   170      305.4611      246.9708   291505   19.15%
   4847    16      254.4065   181      305.4611      247.6611   303244   18.92%
   4962    73      255.3559    77      305.4611      247.7478   322945   18.89%
   6455  1006      269.2906   189      305.4611      248.9640   484797   18.50%
Elapsed time = 6.47 sec. (7538.12 ticks, tree = 1.18 MB, solutions = 6)
   7675  2233      288.1622    70      305.4611      249.9331   668035   18.18%
   9103  3133      262.8120   196      305.4611      252.9492   828305   17.19%

Performing restart 1

Repeating presolve.
Tried aggregator 2 times.
MIP Presolve eliminated 39 rows and 300 columns.
MIP Presolve modified 9229 coefficients.
Aggregator did 8 substitutions.
Reduced MIP has 1324 rows, 3461 columns, and 28519 nonzeros.
Reduced MIP has 3432 binaries, 0 generals, 0 SOSs, and 0 indicators.
Presolve time = 0.03 sec. (46.52 ticks)
Tried aggregator 2 times.
MIP Presolve eliminated 20 rows and 26 columns.
MIP Presolve modified 243 coefficients.
Aggregator did 2 substitutions.
Reduced MIP has 1302 rows, 3433 columns, and 28288 nonzeros.
Reduced MIP has 3404 binaries, 0 generals, 0 SOSs, and 0 indicators.
Presolve time = 0.02 sec. (25.42 ticks)
Represolve time = 0.13 sec. (226.31 ticks)
   9107     0      245.0566   285      305.4611       Cuts: 6   885836   17.19%
   9107     0      245.0728   279      305.4611      Cuts: 15   886468   17.19%
   9107     0      245.0949   303      305.4611      Cuts: 18   886889   17.19%
*  9107+    0                          305.4610      252.9492            17.19%
   9107     0      245.1478   290      305.4610      Cuts: 12   888378   17.19%
   9107     0      245.1937   293      305.4610      Cuts: 15   888838   17.19%
   9107     0      245.2929   307      305.4610      Cuts: 26   889405   17.19%
   9107     0      245.6728   235      305.4610      Cuts: 22   890642   17.19%
   9107     0      246.3393   393      305.4610      Cuts: 26   893256   17.19%
   9107     2      246.3393   384      305.4610      252.9492   893256   17.19%
   9109     4      260.6108   164      305.4610      252.9492   895145   17.19%
   9322    30        cutoff            305.4610      252.9492   911313   17.19%
  10812    16        cutoff            305.4610      252.9492   975138   17.19%
  10903    18      304.1262    27      305.4610      252.9492   992896   17.19%
  11242   106      289.0139   121      305.4610      252.9492  1033959   17.19%
  11391   148        cutoff            305.4610      252.9492  1070181   17.19%
  12449   432      293.7938    53      305.4610      252.9492  1114635   17.19%
Elapsed time = 19.00 sec. (23950.55 ticks, tree = 2.68 MB, solutions = 7)
  13006   926        cutoff            305.4610      252.9492  1228374   17.19%
  13437   902      290.3534    24      305.4610      252.9492  1293237   17.19%
  14141  1410      272.1900   222      305.4610      252.9492  1394177   17.19%
  14401  1500      288.8567    92      305.4610      258.5624  1450484   15.35%
  15375  2033      294.4070   150      305.4610      258.5624  1569937   15.35%
* 15566  2084      integral     0      304.7412      258.5624  1593907   15.15%
* 15638  2425      integral     0      303.7412      258.5624  1690333   14.87%
  15646  2382        cutoff            303.7412      258.5624  1698760   14.87%
  15911  2441      283.7228   159      303.7412      258.5624  1748332   14.87%
  16982  2803      297.2410   128      303.7412      260.9272  1832727   14.10%
  17146  3342      279.6160   161      303.7412      266.3457  1937433   12.31%
  18286  3445      285.1847    88      303.7412      269.5415  1978472   11.26%
Elapsed time = 29.49 sec. (33525.57 ticks, tree = 22.91 MB, solutions = 9)
* 19434  4462      integral     0      302.7185      271.4733  2099886   10.32%
  19685  4757      286.4298   156      302.7185      272.4550  2133582   10.00%
  19872  5065      296.0530    65      302.7185      272.4550  2199977   10.00%
  20101  5012        cutoff            302.7185      272.4550  2282330   10.00%
  20313  4985      288.0895    67      302.7185      272.4550  2315699   10.00%
  21456  5109      282.6672   226      302.7185      273.5698  2380102    9.63%
  23048  5951      301.5857    47      302.7185      274.7633  2553662    9.23%
  23525  5848        cutoff            302.7185      281.1253  2651484    7.13%
  24059  5549        cutoff            302.7185      282.1219  2720062    6.80%
  24606  4962        cutoff            302.7185      282.1219  2823068    6.80%
  25028  4713        cutoff            302.7185      282.1219  2881539    6.80%
Elapsed time = 39.95 sec. (43086.38 ticks, tree = 29.62 MB, solutions = 10)
  25361  4541        cutoff            302.7185      282.1219  2926364    6.80%
  25713  4416      296.2601   209      302.7185      282.1219  2961361    6.80%
  26166  4198        cutoff            302.7185      282.1219  3013054    6.80%
  26546  4024        cutoff            302.7185      282.2641  3051264    6.76%
  28147  3895      292.5630    46      302.7185      282.2641  3136683    6.76%
  29256  3861      292.3290   302      302.7185      287.7985  3272166    4.93%
  30349  2993      297.0060    37      302.7185      291.1671  3343927    3.82%
  32010  1267        cutoff            302.7185      291.5312  3444971    3.70%

GUB cover cuts applied:  6
Clique cuts applied:  8
Cover cuts applied:  20
Mixed integer rounding cuts applied:  2
Zero-half cuts applied:  29
Gomory fractional cuts applied:  2

Root node processing (before b&c):
  Real time             =    2.86 sec. (4243.68 ticks)
Parallel b&c, 20 threads:
  Real time             =   46.49 sec. (47013.22 ticks)
  Sync time (average)   =   16.01 sec.
  Wait time (average)   =    0.01 sec.
                          ------------
Total (root+branch&cut) =   49.35 sec. (51256.90 ticks)
Feasible solution found!
Truck nodes:
Stage 1 at customer 0 with arrival time is: 0
Stage 1 at customer 0 with departure time is: 0
Stage 2 at customer 1 with arrival time is: 18.241
Stage 2 at customer 1 with departure time is: 19.5742
Stage 3 at customer 2 with arrival time is: 75.8073
Stage 3 at customer 2 with departure time is: 75.8073
Stage 4 at customer 3 with arrival time is: 76.9138
Stage 4 at customer 3 with departure time is: 76.9138
Stage 5 at customer 9 with arrival time is: 140.376
Stage 5 at customer 9 with departure time is: 140.376
Stage 6 at customer 10 with arrival time is: 144.315
Stage 6 at customer 10 with departure time is: 144.315
Stage 7 at customer 5 with arrival time is: 195.823
Stage 7 at customer 5 with departure time is: 195.823
Stage 8 at customer 6 with arrival time is: 202.951
Stage 8 at customer 6 with departure time is: 202.951
Stage 9 at customer 7 with arrival time is: 238.588
Stage 9 at customer 7 with departure time is: 238.588
Stage 10 at customer 8 with arrival time is: 254.774
Stage 10 at customer 8 with departure time is: 254.774
Stage 11 at customer 11 with arrival time is: 302.718
Stage 11 at customer 11 with departure time is: 302.718
Truck arcs:
Arc 1 connecting 0 and 1 with cost 18.241 
Arc 2 connecting 1 and 2 with cost 56.2332 
Arc 3 connecting 2 and 3 with cost 1.10642 
Arc 4 connecting 3 and 9 with cost 63.4627 
Arc 5 connecting 9 and 10 with cost 3.9381 
Arc 6 connecting 10 and 5 with cost 51.5086 
Arc 7 connecting 5 and 6 with cost 7.12761 
Arc 8 connecting 6 and 7 with cost 35.6372 
Arc 9 connecting 7 and 8 with cost 16.1865 
Arc 10 connecting 8 and 11 with cost 47.944 
Customer 4 served by drone.
Drone fly from 0 at stage 1 to serve 4 and then fly back to 1 at stage 2. 
Truck arcs during this sortie: 0--->1
Truck travel time from stage 1 to 2 is: 18.241
Total drone travel time: 18.5741
Drone arrival time: 18.5741
Truck arrival time: 18.241
Truck departure time = max(d/a, t/a) plus (sl/sr): 19.5742
Done!
-------------------------Re-calculated objective-----------------------
302.718
------------------------------------------------------------------------
Solve time: 49.357
OBJECTIVE VALUE: 302.718, NUMBER OF SORTIES: 1.
Number of revisit: 0
In write mode
