Instance name: /home/cuong/CLionProjects/uMV-FSTSP/50_dis_rand_ins/v4
Write arg val: 1

drone speed: 1 miles/minute
uav non-eligible customer: 1 5 11 
Printing tau:
0 9.12285 35.3047 41.7593 36.3868 44.3668 36.4251 46.2095 55.42 72.3598 73.0336 0 
9.12285 0 42.2075 50.8822 37.184 45.164 37.2224 40.0371 46.2971 73.1571 73.8309 9.12285 
35.3047 42.2075 0 8.67468 41.3082 37.7561 43.4341 79.2941 88.5047 37.0551 37.7289 35.3047 
41.7593 50.8822 8.67468 0 49.9829 46.4308 52.1088 87.9688 97.1793 36.4748 45.686 41.7593 
36.3868 37.184 41.3082 49.9829 0 7.97999 2.12593 37.9859 47.1965 35.9731 36.6469 36.3868 
44.3668 45.164 37.7561 46.4308 7.97999 0 7.94164 41.538 50.7486 27.9931 28.6669 44.3668 
36.4251 37.2224 43.4341 52.1088 2.12593 7.94164 0 35.86 45.0705 35.9347 36.6085 36.4251 
46.2095 40.0371 79.2941 87.9688 37.9859 41.538 35.86 0 9.21053 51.8458 42.2828 46.2095 
55.42 46.2971 88.5047 97.1793 47.1965 50.7486 45.0705 9.21053 0 61.0563 51.4934 55.42 
72.3598 73.1571 37.0551 36.4748 35.9731 27.9931 35.9347 51.8458 61.0563 0 9.56298 72.3598 
73.0336 73.8309 37.7289 45.686 36.6469 28.6669 36.6085 42.2828 51.4934 9.56298 0 73.0336 
0 0 0 0 0 0 0 0 0 0 0 0 
Printing tau_prime:
0 2.42828 12.8298 14.5999 9.89184 11.8295 10.041 16.075 17.6428 19.2454 19.3939 0 
2.42828 0 14.7276 16.6328 9.86278 12.0339 9.87543 14.4713 15.8175 19.7895 19.6258 2.42828 
12.8298 14.7276 0 2.30536 10.9573 10.2959 11.521 21.0519 23.4718 12.2278 14.0144 12.8298 
14.5999 16.6328 2.30536 0 13.2544 12.5155 13.8182 23.3432 25.7698 13.6122 15.6137 14.5999 
9.89184 9.86278 10.9573 13.2544 0 2.31618 0.563813 10.1009 12.5154 10.2223 9.78403 9.89184 
11.8295 12.0339 10.2959 12.5155 2.31618 0 2.58872 11.098 13.6048 7.91002 7.60401 11.8295 
10.041 9.87543 11.521 13.8182 0.563813 2.58872 0 9.53806 11.9516 10.4289 9.85556 10.041 
16.075 14.4713 21.0519 23.3432 10.1009 11.098 9.53806 0 2.52535 16.3134 14.3529 16.075 
17.6428 15.8175 23.4718 25.7698 12.5154 13.6048 11.9516 2.52535 0 18.7333 16.6931 17.6428 
19.2454 19.7895 12.2278 13.6122 10.2223 7.91002 10.4289 16.3134 18.7333 0 2.54205 19.2454 
19.3939 19.6258 14.0144 15.6137 9.78403 7.60401 9.85556 14.3529 16.6931 2.54205 0 19.3939 
0 0 0 0 0 0 0 0 0 0 0 0 
Warning:  Output names have been modified due to duplicate names or characters invalid in LP format.
Version identifier: 22.1.1.0 | 2022-11-28 | 9160aff4d
CPXPARAM_TimeLimit                               200
CPXPARAM_MIP_Tolerances_Integrality              0
Tried aggregator 2 times.
MIP Presolve eliminated 1674 rows and 2389 columns.
MIP Presolve modified 2830 coefficients.
Aggregator did 38 substitutions.
Reduced MIP has 1481 rows, 4327 columns, and 44773 nonzeros.
Reduced MIP has 4298 binaries, 0 generals, 0 SOSs, and 0 indicators.
Presolve time = 0.03 sec. (73.77 ticks)
Found incumbent of value 58185.226010 after 0.06 sec. (124.62 ticks)
Probing fixed 220 vars, tightened 0 bounds.
Probing changed sense of 6 constraints.
Probing time = 0.08 sec. (208.52 ticks)
Tried aggregator 2 times.
Detecting symmetries...
MIP Presolve eliminated 104 rows and 220 columns.
MIP Presolve modified 263 coefficients.
Aggregator did 8 substitutions.
Reduced MIP has 1369 rows, 4099 columns, and 40392 nonzeros.
Reduced MIP has 4070 binaries, 0 generals, 0 SOSs, and 0 indicators.
Presolve time = 0.02 sec. (37.95 ticks)
Probing time = 0.00 sec. (7.61 ticks)
Clique table members: 22011.
MIP emphasis: balance optimality and feasibility.
MIP search method: dynamic search.
Parallel mode: deterministic, using up to 20 threads.
Root relaxation solution time = 0.10 sec. (215.58 ticks)

        Nodes                                         Cuts/
   Node  Left     Objective  IInf  Best Integer    Best Bound    ItCnt     Gap

*     0+    0                        58185.2260        9.1228            99.98%
      0     0      121.1098   184    58185.2260      121.1098       26   99.79%
*     0+    0                          310.4805      121.1098            60.99%
      0     0      127.0640   177      310.4805      Cuts: 32      853   59.08%
*     0+    0                          303.1832      127.0640            58.09%
      0     0      141.4018   303      303.1832      Cuts: 36     2681   53.36%
      0     0      141.9532   292      303.1832       Cuts: 8     3209   53.18%
*     0+    0                          295.7529      141.9532            52.00%
*     0+    0                          281.4399      141.9532            49.56%
      0     0  -1.00000e+75     0      281.4399      141.9532     3209   49.56%
      0     0      141.9693   275      281.4399      Cuts: 16     3659   49.56%
      0     0      143.0119   214      281.4399      Cuts: 14     4819   49.19%
Detecting symmetries...
      0     0      143.6467   334      281.4399      Cuts: 20     6186   48.96%
      0     0      146.1606   217      281.4399      Cuts: 17     7616   48.07%
      0     0      146.7901   355      281.4399      Cuts: 10     8179   47.84%
      0     0      148.3084   324      281.4399      Cuts: 10     8825   47.30%
      0     0      149.1698   374      281.4399      Cuts: 17     9307   47.00%
      0     0      150.1027   447      281.4399      Cuts: 15    10855   46.67%
      0     0      150.1154   478      281.4399       Cuts: 6    11325   46.66%
      0     0      150.3822   353      281.4399   ZeroHalf: 5    12052   46.57%
      0     0      150.8336   401      281.4399       Cuts: 6    12949   46.41%
*     0+    0                          262.9383      150.8336            42.64%
      0     0      151.5423   422      262.9383  ZeroHalf: 11    14600   42.37%
*     0+    0                          244.1034      151.5423            37.92%
      0     0  -1.00000e+75     0      244.1034      151.5423    14600   37.92%
      0     0      151.5423   445      244.1034       Cuts: 9    14772   37.92%
Detecting symmetries...
      0     2      151.5423   412      244.1034      151.5423    14772   37.92%
Elapsed time = 3.81 sec. (5622.51 ticks, tree = 0.02 MB, solutions = 7)
      1     3      182.4556   241      244.1034      151.5709    17625   37.91%
      5     6      209.7538    81      244.1034      151.5709    20822   37.91%
*    12+   10                          241.9059      151.6578            37.31%
*    16+   10                          239.8516      151.6578            36.77%
     22    19      227.5356    16      239.8516      151.6578    30157   36.77%
*   363+   19                          234.5855      153.8280            34.43%
    386    50        cutoff            234.5855      153.8280    83392   34.43%
    736    80      226.4235   100      234.5855      153.8280   120981   34.43%
   1116   260        cutoff            234.5855      153.8280   190036   34.43%
   1342   298      191.4145   266      234.5855      153.8280   202699   34.43%
   1393   396        cutoff            234.5855      153.8280   255393   34.43%
   1419   370        cutoff            234.5855      153.8280   272295   34.43%
   2672   582      230.3657    30      234.5855      153.8280   418536   34.43%
Elapsed time = 6.97 sec. (8930.74 ticks, tree = 0.87 MB, solutions = 10)
   3384  1300      219.3654    77      234.5855      153.8280   641076   34.43%
   4456  1818      206.4939   191      234.5855      153.8280   781793   34.43%
   5283  2341      209.1308   182      234.5855      153.8280   964096   34.43%
   5629  2668      220.0474   157      234.5855      153.8280  1119078   34.43%
   6466  3291      230.0988   180      234.5855      153.8280  1309365   34.43%

Performing restart 1

Repeating presolve.
Tried aggregator 2 times.
MIP Presolve eliminated 33 rows and 37 columns.
MIP Presolve modified 12434 coefficients.
Aggregator did 2 substitutions.
Reduced MIP has 1334 rows, 4060 columns, and 33956 nonzeros.
Reduced MIP has 4031 binaries, 0 generals, 0 SOSs, and 0 indicators.
Presolve time = 0.02 sec. (43.73 ticks)
Tried aggregator 2 times.
MIP Presolve eliminated 16 rows and 10 columns.
MIP Presolve modified 12 coefficients.
Aggregator did 2 substitutions.
Reduced MIP has 1316 rows, 4048 columns, and 33862 nonzeros.
Reduced MIP has 4019 binaries, 0 generals, 0 SOSs, and 0 indicators.
Presolve time = 0.01 sec. (23.51 ticks)
Represolve time = 0.15 sec. (264.91 ticks)
   6761     0      155.3093   421      234.5855   ZeroHalf: 3  1507016   33.79%
*  6761+    0                          234.1570      155.3093            33.67%
   6761     0      155.8696   411      234.1570      Cuts: 14  1508389   33.43%
   6761     0      156.4091   404      234.1570      Cuts: 23  1510790   33.20%
*  6761+    0                          228.8221      156.4091            31.65%
   6761     0      156.7442   384      228.8221      Cuts: 11  1512631   31.50%
   6761     0      156.7442   404      228.8221      Cuts: 19  1513410   31.50%
   6761     0      156.9120   397      228.8221      Cuts: 10  1514184   31.39%
   6761     0      158.3328   440      228.8221      Cuts: 22  1516644   30.81%
   6761     0      158.4098   431      228.8221      Cuts: 16  1517506   30.77%
   6761     0      158.4098   426      228.8221      Cuts: 14  1518154   30.77%
   6761     0      158.4098   436      228.8221       Cuts: 8  1519868   30.77%
   6761     0      158.4113   407      228.8221       Cuts: 4  1520330   30.77%
   6761     0      158.4113   451      228.8221       Cuts: 6  1521580   30.77%
*  6761+    0                          226.9028      158.4113            30.19%
   6761     0  -1.00000e+75     0      226.9028      158.4113  1521580   30.19%
   6761     2      158.4113   370      226.9028      158.4113  1521580   30.19%
   6762     3      158.5503   354      226.9028      158.5567  1522806   30.12%
   6764     4      204.0143    92      226.9028      158.5567  1525719   30.12%
   6774     4      193.9155   166      226.9028      158.7111  1524990   30.05%
   6999    25      225.0556    67      226.9028      159.1425  1536850   29.86%
Elapsed time = 23.85 sec. (32250.32 ticks, tree = 0.03 MB, solutions = 13)
   7654    11        cutoff            226.9028      159.1425  1588144   29.86%
   8564    43      226.0588    32      226.9028      159.1425  1640569   29.86%
*  8851    69      integral     0      226.0234      159.1425  1649515   29.59%
   9340    41        cutoff            226.0234      159.5770  1712183   29.40%
   9592    18        cutoff            226.0234      159.5770  1728874   29.40%
   9714    16      222.9257   116      226.0234      159.5770  1745677   29.40%
  10172    26      218.5680    91      226.0234      159.5784  1776170   29.40%
  10698   128      218.1745    77      226.0234      159.5784  1826933   29.40%
  11259   302      202.8917    83      226.0234      159.5784  1875154   29.40%
  12240   824        cutoff            226.0234      159.5784  1970792   29.40%
Elapsed time = 32.80 sec. (41075.45 ticks, tree = 6.00 MB, solutions = 14)
  12384   944      217.4348    36      226.0234      160.0009  2023812   29.21%
  13325  1019      198.7326    82      226.0234      160.0009  2049754   29.21%
  13695  1468      197.4852   143      226.0234      160.0009  2141723   29.21%
  14105  1664      162.3636   342      226.0234      162.3699  2184403   28.16%
  14969  2058        cutoff            226.0234      162.4000  2346061   28.15%
  15106  2202      177.9455   265      226.0234      162.4000  2373534   28.15%
  15677  2429      215.5357   222      226.0234      162.4000  2462598   28.15%
  16816  2972      210.4900   135      226.0234      162.4000  2557689   28.15%
  17080  3596      217.2620    21      226.0234      162.4000  2680739   28.15%
  17210  3748        cutoff            226.0234      162.4000  2758858   28.15%
Elapsed time = 42.66 sec. (50641.11 ticks, tree = 38.06 MB, solutions = 14)
  17959  3863      194.6872   206      226.0234      162.4000  2801095   28.15%
  18729  4397      203.4499   179      226.0234      162.4000  2898588   28.15%
  18836  4980      207.3790   124      226.0234      162.4000  3046282   28.15%
  19095  4986      207.8872    28      226.0234      162.4000  3062889   28.15%
  19871  5141      214.7314   101      226.0234      162.4000  3110366   28.15%
  20670  5669      215.5644    36      226.0234      162.4000  3222235   28.15%
  20828  6383      205.6973    59      226.0234      162.4000  3383082   28.15%
  20900  6400      214.7351    70      226.0234      163.7412  3425444   27.56%
  21172  6490      221.9964   214      226.0234      163.9319  3477848   27.47%
  21956  6670      199.2523   182      226.0234      164.3219  3540440   27.30%
Elapsed time = 52.62 sec. (60253.14 ticks, tree = 56.18 MB, solutions = 14)
  22543  7014      182.5082   311      226.0234      164.3219  3624393   27.30%
  22730  7555      214.8999    87      226.0234      164.3219  3835449   27.30%
  22843  7614      212.1999   215      226.0234      164.3219  3899588   27.30%
  23106  7669      212.9792   163      226.0234      164.3219  3932764   27.30%
  23811  7718      216.7895    57      226.0234      164.6685  3966645   27.15%
  24705  7994      210.0388   202      226.0234      164.8668  4043422   27.06%
  24927  8367      225.4748    38      226.0234      164.8668  4144968   27.06%
  25026  8955        cutoff            226.0234      164.8668  4331482   27.06%
  25253  9034      206.3011   246      226.0234      164.8668  4370217   27.06%
  25764  9061      215.8865    80      226.0234      164.8668  4378933   27.06%
Elapsed time = 62.28 sec. (69822.99 ticks, tree = 71.97 MB, solutions = 14)
  26632  9683        cutoff            226.0234      164.8668  4546245   27.06%
  27261  9614      222.6203   116      226.0234      164.8668  4536185   27.06%
  27399 10607      208.8967   218      226.0234      164.8668  4737585   27.06%
  27477 10770        cutoff            226.0234      164.8668  4803464   27.06%
  27754 10868      199.9745   116      226.0234      164.8668  4881816   27.06%
  28423 10914      181.6136   298      226.0234      164.8668  4900187   27.06%
  29158 11055      214.6406    82      226.0234      164.8668  4937169   27.06%
  29825 11883      220.1333   209      226.0234      164.8668  5104799   27.06%
  30020 12369      204.9257   198      226.0234      168.4314  5250616   25.48%
  30133 12834        cutoff            226.0234      168.4314  5421654   25.48%
Elapsed time = 72.36 sec. (79432.54 ticks, tree = 89.74 MB, solutions = 14)
  30218 12872      203.1821   184      226.0234      168.5784  5480469   25.42%
  30407 12942      210.1519    87      226.0234      168.5784  5533052   25.42%
  31002 12995      194.6853   181      226.0234      168.5784  5548263   25.42%
  31837 13405      224.8834    14      226.0234      180.1771  5642442   20.28%
  32740 13724      213.4279   149      226.0234      184.7220  5732103   18.27%
  33688 14528      211.8867   269      226.0234      185.4488  5983067   17.95%
  33885 15128      225.6643    35      226.0234      186.4592  6099146   17.50%
  34031 15125      207.7679    85      226.0234      186.4592  6105855   17.50%
  34203 15141        cutoff            226.0234      186.4592  6162439   17.50%
  34338 15207      196.1420   239      226.0234      186.4592  6248864   17.50%
Elapsed time = 82.54 sec. (89065.29 ticks, tree = 108.35 MB, solutions = 14)
  34568 15207        cutoff            226.0234      186.4592  6243862   17.50%
  35179 15283      218.9397    94      226.0234      187.7645  6343805   16.93%
  36217 15287      215.9242   132      226.0234      187.7645  6369103   16.93%
  37104 15580      209.6062    85      226.0234      189.5972  6455900   16.12%
  37481 16281      212.3707   192      226.0234      190.3522  6605251   15.78%
  37633 17039        cutoff            226.0234      190.6538  6878614   15.65%
  37771 17060      218.1790   243      226.0234      190.6538  6844301   15.65%
  37928 17079      193.5507   219      226.0234      191.3315  6968945   15.35%
  38065 17085        cutoff            226.0234      191.3315  6986419   15.35%
  38233 17128      198.9787   212      226.0234      191.3315  7061022   15.35%
Elapsed time = 92.37 sec. (98659.65 ticks, tree = 131.02 MB, solutions = 14)
  38751 17132        cutoff            226.0234      191.4247  7027881   15.31%
  39450 17217      204.5330   193      226.0234      191.4247  7108208   15.31%
  40554 17252      207.6281   260      226.0234      192.2696  7139447   14.93%
  41109 17684      215.1688   141      226.0234      192.8042  7298453   14.70%
  41366 18470      196.0990    82      226.0234      192.9615  7554560   14.63%
  41542 18342      210.1557   166      226.0234      193.2973  7522033   14.48%
  41733 18658        cutoff            226.0234      193.2973  7658093   14.48%
  41934 18668      219.5312    45      226.0234      193.2973  7692125   14.48%
  42102 18603      220.7359   147      226.0234      193.2973  7828042   14.48%
  42830 18668      225.0624    41      226.0234      194.0043  7919753   14.17%
Elapsed time = 105.11 sec. (111088.56 ticks, tree = 139.62 MB, solutions = 14)
  45445 18786      209.1946   130      226.0234      195.4080  8175407   13.55%
  46963 20055      223.5544    47      226.0234      196.4887  8673364   13.07%
  47753 19974        cutoff            226.0234      196.5414  8924523   13.04%
  50937 20053      219.9765   120      226.0234      197.1457  9054223   12.78%
  53095 21983      214.5304    57      226.0234      198.6929  9659940   12.09%
  53932 21796      203.6028    46      226.0234      198.7917  9858548   12.05%
  56739 21723      215.7923   161      226.0234      198.8765 10101106   12.01%
  59760 23001        cutoff            226.0234      200.5822 10574452   11.26%
  60820 22752      213.4822   134      226.0234      201.2060 10885163   10.98%
  62091 22570        cutoff            226.0234      201.6930 11018280   10.76%
Elapsed time = 144.42 sec. (149258.29 ticks, tree = 187.64 MB, solutions = 14)
  63235 21981        cutoff            226.0234      202.6955 11255064   10.32%
  64581 21642      217.7973   125      226.0234      203.2210 11420698   10.09%
  66513 21204      209.1682    55      226.0234      204.2319 11607047    9.64%
  69511 20989      220.7154    26      226.0234      205.0831 12024470    9.26%
  71300 20162      208.2271    98      226.0234      206.1215 12266896    8.81%
  72975 19508        cutoff            226.0234      207.1289 12456705    8.36%
  78391 19340        cutoff            226.0234      207.9516 12772052    8.00%
  80779 18955      222.8781    25      226.0234      209.1439 13092697    7.47%
  83367 17722        cutoff            226.0234      210.0496 13378041    7.07%
Starting limited solution polishing.
  88435 17358        cutoff            226.0234      211.6449 13794922    6.36%
Elapsed time = 183.58 sec. (187420.49 ticks, tree = 117.48 MB, solutions = 14)
  91665 16487        cutoff            226.0234      212.5285 13947535    5.97%
  96836 14084        cutoff            226.0234      214.2830 14473663    5.19%
 102661 11787        cutoff            226.0234      216.3576 14808488    4.28%
 108675  7873    infeasible            226.0234      218.3573 15155051    3.39%

GUB cover cuts applied:  8
Clique cuts applied:  36
Cover cuts applied:  18
Mixed integer rounding cuts applied:  7
Zero-half cuts applied:  75
Lift and project cuts applied:  8
Gomory fractional cuts applied:  6

Root node processing (before b&c):
  Real time             =    3.75 sec. (5507.80 ticks)
Parallel b&c, 20 threads:
  Real time             =  196.28 sec. (197902.74 ticks)
  Sync time (average)   =   65.75 sec.
  Wait time (average)   =    0.02 sec.
                          ------------
Total (root+branch&cut) =  200.03 sec. (203410.53 ticks)
Feasible solution found!
Truck nodes:
Stage 1 at customer 0 with arrival time is: 0
Stage 1 at customer 0 with departure time is: 0
Stage 2 at customer 3 with arrival time is: 41.7593
Stage 2 at customer 3 with departure time is: 41.7593
Stage 3 at customer 2 with arrival time is: 50.434
Stage 3 at customer 2 with departure time is: 50.434
Stage 4 at customer 5 with arrival time is: 88.1901
Stage 4 at customer 5 with departure time is: 89.1901
Stage 5 at customer 6 with arrival time is: 97.1317
Stage 5 at customer 6 with departure time is: 97.1317
Stage 6 at customer 5 with arrival time is: 105.073
Stage 6 at customer 5 with departure time is: 107.073
Stage 7 at customer 6 with arrival time is: 115.015
Stage 7 at customer 6 with departure time is: 120.281
Stage 8 at customer 4 with arrival time is: 122.407
Stage 8 at customer 4 with departure time is: 122.407
Stage 9 at customer 6 with arrival time is: 124.533
Stage 9 at customer 6 with departure time is: 125.533
Stage 10 at customer 7 with arrival time is: 161.393
Stage 10 at customer 7 with departure time is: 161.393
Stage 11 at customer 8 with arrival time is: 170.603
Stage 11 at customer 8 with departure time is: 170.603
Stage 12 at customer 1 with arrival time is: 216.901
Stage 12 at customer 1 with departure time is: 216.901
Stage 13 at customer 11 with arrival time is: 226.023
Stage 13 at customer 11 with departure time is: 226.023
Truck arcs:
Arc 1 connecting 0 and 3 with cost 41.7593 
Arc 2 connecting 3 and 2 with cost 8.67468 
Arc 3 connecting 2 and 5 with cost 37.7561 
Arc 4 connecting 5 and 6 with cost 7.94164 
Arc 5 connecting 6 and 5 with cost 7.94164 
Arc 6 connecting 5 and 6 with cost 7.94164 
Arc 7 connecting 6 and 4 with cost 2.12593 
Arc 8 connecting 4 and 6 with cost 2.12593 
Arc 9 connecting 6 and 7 with cost 35.86 
Arc 10 connecting 7 and 8 with cost 9.21053 
Arc 11 connecting 8 and 1 with cost 46.2971 
Arc 12 connecting 1 and 11 with cost 9.12285 
Customer 9 served by drone.
Drone fly from 5 at stage 4 to serve 9 and then fly back to 5 at stage 6. 
Truck arcs during this sortie: 5--->6--->5
Truck travel time from stage 4 to 6 is: 15.8833
Total drone travel time: 15.82
Drone arrival time: 105.01
Truck arrival time: 105.073
Truck departure time = max(d/a, t/a) plus (sl/sr): 107.073
Customer 10 served by drone.
Drone fly from 5 at stage 6 to serve 10 and then fly back to 6 at stage 9. 
Truck arcs during this sortie: 5--->6--->4--->6
Truck travel time from stage 6 to 9 is: 12.1935
Total drone travel time: 17.4596
Drone arrival time: 124.533
Truck arrival time: 124.533
Truck departure time = max(d/a, t/a) plus (sl/sr): 125.533
Done!
-------------------------Re-calculated objective-----------------------
226.023
------------------------------------------------------------------------
Solve time: 200.034
Node 5 was revisited 1 times!
Node 6 was revisited 2 times!
OBJECTIVE VALUE: 226.023, NUMBER OF SORTIES: 2.
Number of revisit: 3
In write mode
