Instance name: /home/cuong/CLionProjects/uMV-FSTSP/rand_generated_instances/v10
Write arg val: 1

drone speed: 1 miles/minute
uav non-eligible customer: 1 14 
Printing tau:
0 17.8611 18.6873 13.8548 7.02565 16.8421 7.49394 5.89537 16.6328 11.424 5.79346 18.5446 11.3724 0 
17.8611 0 0.826253 4.95616 10.8354 2.15591 10.3671 11.9657 1.22827 6.43707 12.0676 0.727574 12.81 17.8611 
18.6873 0.826253 0 5.15557 11.6617 2.35533 11.1934 12.792 2.05453 7.26332 12.8939 0.528159 13.0094 18.6873 
13.8548 4.95616 5.15557 0 8.41195 2.98734 6.36084 7.95942 5.18158 10.588 8.06132 5.68373 7.85382 13.8548 
7.02565 10.8354 11.6617 8.41195 0 9.81647 10.6561 9.87797 9.60716 4.39836 12.1366 11.5189 16.2658 7.02565 
16.8421 2.15591 2.35533 2.98734 9.81647 0 9.34818 10.9468 2.38134 7.78772 11.0487 2.88349 10.6541 16.8421 
7.49394 10.3671 11.1934 6.36084 10.6561 9.34818 0 1.59857 9.13887 12.8321 1.70048 11.0506 5.60966 7.49394 
5.89537 11.9657 12.792 7.95942 9.87797 10.9468 1.59857 0 10.7374 12.054 2.25862 12.6492 6.3878 5.89537 
16.6328 1.22827 2.05453 5.18158 9.60716 2.38134 9.13887 10.7374 0 5.40639 10.8393 1.91177 13.0354 16.6328 
11.424 6.43707 7.26332 10.588 4.39836 7.78772 12.8321 12.054 5.40639 0 14.3126 7.12057 18.4418 11.424 
5.79346 12.0676 12.8939 8.06132 12.1366 11.0487 1.70048 2.25862 10.8393 14.3126 0 12.7511 5.57898 5.79346 
18.5446 0.727574 0.528159 5.68373 11.5189 2.88349 11.0506 12.6492 1.91177 7.12057 12.7511 0 13.5375 18.5446 
11.3724 12.81 13.0094 7.85382 16.2658 10.6541 5.60966 6.3878 13.0354 18.4418 5.57898 13.5375 0 11.3724 
0 0 0 0 0 0 0 0 0 0 0 0 0 0 
Printing tau_prime:
0 8.53448 8.93415 6.59878 4.48447 7.94845 4.05945 3.22338 7.9831 6.73784 3.83882 8.91298 7.09293 0 
8.53448 0 0.400683 3.00421 5.36137 1.1241 5.9502 6.40178 0.588684 4.0319 7.00767 0.470587 6.76918 8.53448 
8.93415 0.400683 0 3.33111 5.70767 1.41047 6.3254 6.79019 0.96859 4.27569 7.3803 0.257911 7.03565 8.93415 
6.59878 3.00421 3.33111 0 5.10769 1.9302 3.17968 3.81522 2.77153 5.12106 4.18616 3.47368 3.88286 6.59878 
4.48447 5.36137 5.70767 5.10769 0 5.3303 5.02819 4.68691 4.77802 2.31328 5.75066 5.5803 7.93683 4.48447 
7.94845 1.1241 1.41047 1.9302 5.3303 0 5.00743 5.5384 1.1269 4.47225 6.04882 1.57853 5.64558 7.94845 
4.05945 5.9502 6.3254 3.17968 5.02819 5.00743 0 0.838111 5.55098 6.32647 1.06285 6.41124 3.21493 4.05945 
3.22338 6.40178 6.79019 3.81522 4.68691 5.5384 0.838111 0 5.95321 6.25148 1.06581 6.84952 3.96659 3.22338 
7.9831 0.588684 0.96859 2.77153 4.77802 1.1269 5.55098 5.95321 0 3.53901 6.61332 0.931787 6.62643 7.9831 
6.73784 4.0319 4.27569 5.12106 2.31328 4.47225 6.32647 6.25148 3.53901 0 7.25034 4.07578 8.69357 6.73784 
3.83882 7.00767 7.3803 4.18616 5.75066 6.04882 1.06285 1.06581 6.61332 7.25034 0 7.47006 3.27194 3.83882 
8.91298 0.470587 0.257911 3.47368 5.5803 1.57853 6.41124 6.84952 0.931787 4.07578 7.47006 0 7.22195 8.91298 
7.09293 6.76918 7.03565 3.88286 7.93683 5.64558 3.21493 3.96659 6.62643 8.69357 3.27194 7.22195 0 7.09293 
0 0 0 0 0 0 0 0 0 0 0 0 0 0 
Printing number of nodes: 13

Version identifier: 22.1.1.0 | 2022-11-28 | 9160aff4d
CPXPARAM_ClockType                               0
CPXPARAM_Emphasis_MIP                            2
CPXPARAM_MIP_Tolerances_Integrality              0
Tried aggregator 2 times.
MIP Presolve eliminated 605 rows and 424 columns.
MIP Presolve modified 3782 coefficients.
Aggregator did 2 substitutions.
Reduced MIP has 25381 rows, 2303 columns, and 1080861 nonzeros.
Reduced MIP has 2292 binaries, 0 generals, 0 SOSs, and 0 indicators.
Presolve time = 0.50 sec. (1471.72 ticks)
Found incumbent of value 105.809989 after 0.92 sec. (2228.94 ticks)
Probing fixed 257 vars, tightened 0 bounds.
Probing changed sense of 22 constraints.
Probing time = 0.30 sec. (510.32 ticks)
Tried aggregator 1 time.
MIP Presolve eliminated 37 rows and 279 columns.
MIP Presolve modified 136 coefficients.
Reduced MIP has 25344 rows, 2024 columns, and 1079488 nonzeros.
Reduced MIP has 2013 binaries, 0 generals, 0 SOSs, and 0 indicators.
Presolve time = 0.45 sec. (1012.56 ticks)
Probing time = 0.03 sec. (36.14 ticks)
Tried aggregator 1 time.
Detecting symmetries...
Reduced MIP has 25344 rows, 2024 columns, and 1079488 nonzeros.
Reduced MIP has 2013 binaries, 0 generals, 0 SOSs, and 0 indicators.
Presolve time = 0.24 sec. (523.33 ticks)
Probing time = 0.02 sec. (33.92 ticks)
Clique table members: 532795.
MIP emphasis: optimality.
MIP search method: dynamic search.
Parallel mode: deterministic, using up to 20 threads.
Root relaxation solution time = 0.79 sec. (454.27 ticks)

        Nodes                                         Cuts/
   Node  Left     Objective  IInf  Best Integer    Best Bound    ItCnt     Gap

*     0+    0                          105.8100      -12.0000           111.34%
      0     0       41.5119    57      105.8100       41.5119     1527   60.77%
*     0+    0                           41.5119       41.5119             0.00%
      0     0        cutoff             41.5119       41.5119     1527    0.00%
Elapsed time = 4.21 sec. (8496.95 ticks, tree = 0.01 MB, solutions = 2)

Root node processing (before b&c):
  Real time             =    4.21 sec. (8500.30 ticks)
Parallel b&c, 20 threads:
  Real time             =    0.00 sec. (0.00 ticks)
  Sync time (average)   =    0.00 sec.
  Wait time (average)   =    0.00 sec.
                          ------------
Total (root+branch&cut) =    4.21 sec. (8500.30 ticks)
Truck arcs:
0 10
1 8
2 11
3 5
4 13
5 2
6 3
8 9
9 4
10 6
11 1
customer 7 is served by drone
start of this sortie: 0
end of this sortie: 10

customer 12 is served by drone
start of this sortie: 10
end of this sortie: 1

41.5119
In write mode
