Instance name: /home/cuong/CLionProjects/uMV-FSTSP/rand_generated_instances/v11
Write arg val: 1

drone speed: 1 miles/minute
uav non-eligible customer: 14 
Printing tau:
0 7.14745 6.39305 6.57418 6.33283 5.40633 7.04343 2.94073 12.6626 7.28065 4.65366 5.57668 9.65195 0 
7.14745 0 3.37991 9.72618 3.18084 3.30186 12.926 4.20672 9.51064 10.4326 7.50469 2.73963 16.7994 7.14745 
6.39305 3.37991 0 7.05446 6.56075 0.986714 12.1716 3.45231 12.8906 9.09343 4.12477 0.816364 16.045 6.39305 
6.57418 9.72618 7.05446 0 12.907 6.42432 13.6176 8.47369 19.2368 2.03896 5.31507 6.98655 8.99053 6.57418 
6.33283 3.18084 6.56075 12.907 0 6.48269 10.168 4.43332 6.3298 13.6135 10.6855 5.92047 14.0413 6.33283 
5.40633 3.30186 0.986714 6.42432 6.48269 0 11.1849 2.4656 12.8125 8.10671 4.20283 0.562228 15.0583 5.40633 
7.04343 12.926 12.1716 13.6176 10.168 11.1849 0 8.7193 5.6192 14.3241 11.3961 11.3553 7.47438 7.04343 
2.94073 4.20672 3.45231 8.47369 4.43332 2.4656 8.7193 0 10.7631 9.18015 6.2522 2.63595 12.5927 2.94073 
12.6626 9.51064 12.8906 19.2368 6.3298 12.8125 5.6192 10.7631 0 19.9433 17.0153 12.2503 13.0936 12.6626 
7.28065 10.4326 9.09343 2.03896 13.6135 8.10671 14.3241 9.18015 19.9433 0 7.35404 8.27706 6.95157 7.28065 
4.65366 7.50469 4.12477 5.31507 10.6855 4.20283 11.3961 6.2522 17.0153 7.35404 0 4.76506 14.3056 4.65366 
5.57668 2.73963 0.816364 6.98655 5.92047 0.562228 11.3553 2.63595 12.2503 8.27706 4.76506 0 15.2286 5.57668 
9.65195 16.7994 16.045 8.99053 14.0413 15.0583 7.47438 12.5927 13.0936 6.95157 14.3056 15.2286 0 9.65195 
0 0 0 0 0 0 0 0 0 0 0 0 0 0 
Printing tau_prime:
0 3.68242 3.01563 3.11475 3.63231 2.54955 4.29475 1.65032 5.99482 3.6606 3.00379 2.63605 4.5545 0 
3.68242 0 1.63251 5.87985 1.98464 1.75966 6.36353 2.06909 5.95723 6.76297 3.72795 1.48869 8.09742 3.68242 
3.01563 1.63251 0 4.47314 3.23378 0.466595 6.68366 1.91163 7.0463 5.42487 2.11025 0.489083 7.56429 3.01563 
3.11475 5.87985 4.47314 0 6.53371 4.16572 6.85768 4.34048 9.07154 1.01723 2.7156 4.41527 5.13309 3.11475 
3.63231 1.98464 3.23378 6.53371 0 3.09334 4.80492 2.19864 3.97263 7.23559 5.03874 2.8465 7.34708 3.63231 
2.54955 1.75966 0.466595 4.16572 3.09334 0 6.26889 1.51137 6.78988 5.08957 2.01275 0.276935 7.09978 2.54955 
4.29475 6.36353 6.68366 6.85768 4.80492 6.26889 0 4.77229 3.42466 6.90659 7.28321 6.1988 3.96847 4.29475 
1.65032 2.06909 1.91163 4.34048 2.19864 1.51137 4.77229 0 5.43192 5.07931 3.05593 1.42671 6.03704 1.65032 
5.99482 5.95723 7.0463 9.07154 3.97263 6.78988 3.42466 5.43192 0 9.42885 8.47851 6.59361 7.35327 5.99482 
3.6606 6.76297 5.42487 1.01723 7.23559 5.08957 6.90659 5.07931 9.42885 0 3.73139 5.32692 4.60055 3.6606 
3.00379 3.72795 2.11025 2.7156 5.03874 2.01275 7.28321 3.05593 8.47851 3.73139 0 2.28802 6.99254 3.00379 
2.63605 1.48869 0.489083 4.41527 2.8465 0.276935 6.1988 1.42671 6.59361 5.32692 2.28802 0 7.18984 2.63605 
4.5545 8.09742 7.56429 5.13309 7.34708 7.09978 3.96847 6.03704 7.35327 4.60055 6.99254 7.18984 0 4.5545 
0 0 0 0 0 0 0 0 0 0 0 0 0 0 
Printing number of nodes: 13

Version identifier: 22.1.1.0 | 2022-11-28 | 9160aff4d
CPXPARAM_ClockType                               0
CPXPARAM_Emphasis_MIP                            2
CPXPARAM_MIP_Tolerances_Integrality              0
Tried aggregator 1 time.
MIP Presolve eliminated 366 rows and 297 columns.
MIP Presolve modified 3841 coefficients.
Reduced MIP has 25426 rows, 2432 columns, and 1092805 nonzeros.
Reduced MIP has 2420 binaries, 0 generals, 0 SOSs, and 0 indicators.
Presolve time = 0.46 sec. (1187.35 ticks)
Probing fixed 264 vars, tightened 0 bounds.
Probing time = 0.31 sec. (541.40 ticks)
Tried aggregator 1 time.
MIP Presolve eliminated 13 rows and 264 columns.
MIP Presolve modified 49 coefficients.
Reduced MIP has 25413 rows, 2168 columns, and 1091497 nonzeros.
Reduced MIP has 2156 binaries, 0 generals, 0 SOSs, and 0 indicators.
Presolve time = 0.23 sec. (603.53 ticks)
Probing time = 0.03 sec. (36.53 ticks)
Tried aggregator 1 time.
Detecting symmetries...
Reduced MIP has 25413 rows, 2168 columns, and 1091497 nonzeros.
Reduced MIP has 2156 binaries, 0 generals, 0 SOSs, and 0 indicators.
Presolve time = 0.24 sec. (537.97 ticks)
Probing time = 0.03 sec. (36.63 ticks)
Clique table members: 537237.
MIP emphasis: optimality.
MIP search method: dynamic search.
Parallel mode: deterministic, using up to 20 threads.
Root relaxation solution time = 2.19 sec. (940.84 ticks)

        Nodes                                         Cuts/
   Node  Left     Objective  IInf  Best Integer    Best Bound    ItCnt     Gap

*     0+    0                          124.5818      -12.0000           109.63%
      0     0       36.1227   142      124.5818       36.1227       17   71.00%
*     0+    0                           67.7286       36.1227            46.67%
*     0+    0                           43.6740       36.1227            17.29%
      0     0       36.4446   165       43.6740      Cuts: 43      954   13.22%
*     0+    0                           42.5888       37.9006            11.01%
      0     0       36.7756   192       42.5888      Cuts: 29     1519   10.74%
      0     0       36.8546   207       42.5888       Cuts: 9     1718   10.74%
      0     0       36.8758   210       42.5888      Cuts: 15     2044   10.74%
Detecting symmetries...
      0     2       36.8758   209       42.5888       38.0139     2044   10.74%
Elapsed time = 30.80 sec. (56485.56 ticks, tree = 0.02 MB, solutions = 4)
      1     3       37.2207   155       42.5888       38.0139     3027   10.74%
      3     5       37.9902   296       42.5888       38.0139     3495   10.74%
      9     9       39.7802   282       42.5888       38.0139     4859   10.74%
     18    11       40.0183   124       42.5888       38.0139     4979   10.74%
     43    30       38.5865   257       42.5888       38.0139     8810   10.74%
*    72+   19                           42.2029       38.0139             9.93%
     95    44       40.1774   248       42.2029       38.0139    12390    9.93%
    157    57       42.2024   250       42.2029       38.0139    17617    9.93%
    183    92       41.1266    79       42.2029       38.0139    23992    9.93%
    193   104        cutoff             42.2029       38.0139    28040    9.93%
*   301+  117                           40.9129       38.0139             7.09%
    448   129        cutoff             40.9129       38.0139    39003    7.09%
Elapsed time = 44.77 sec. (60217.49 ticks, tree = 0.22 MB, solutions = 6)
    696   175        cutoff             40.9129       38.0797    56940    6.92%
    906   250       40.3498   277       40.9129       38.2868    84793    6.42%
*   977+  289                           40.6965       38.2868             5.92%
*  1028+  291                           40.3746       38.2868             5.17%
   1144   265       39.7179    94       40.3746       38.2868   102013    5.17%
   1446   236       39.8586    83       40.3746       38.2868   125956    5.17%
*  1579+  253                           40.3681       38.2868             5.16%
   1767   252       39.6895    53       40.3681       38.4567   151772    4.73%
   2151   259        cutoff             40.3681       38.4756   161986    4.69%
   2533   130        cutoff             40.3681       38.7486   189416    4.01%
   2697    39        cutoff             40.3681       39.2583   198197    2.75%
   2735    11       40.2676    47       40.3681       39.4180   205368    2.35%
   2750     9        cutoff             40.3681       39.4477   208493    2.28%
Elapsed time = 90.50 sec. (69949.56 ticks, tree = 0.04 MB, solutions = 9)

Clique cuts applied:  8
Mixed integer rounding cuts applied:  3
Zero-half cuts applied:  19
Gomory fractional cuts applied:  5

Root node processing (before b&c):
  Real time             =   30.68 sec. (56276.50 ticks)
Parallel b&c, 20 threads:
  Real time             =   60.16 sec. (13911.95 ticks)
  Sync time (average)   =   20.25 sec.
  Wait time (average)   =    0.00 sec.
                          ------------
Total (root+branch&cut) =   90.84 sec. (70188.45 ticks)
Truck arcs:
0 7
1 11
2 10
3 9
4 1
5 2
7 4
9 13
10 3
11 5
customer 6 is served by drone
start of this sortie: 1
end of this sortie: 3

customer 8 is served by drone
start of this sortie: 0
end of this sortie: 1

customer 12 is served by drone
start of this sortie: 3
end of this sortie: 13

40.3681
In write mode
