Instance name: /home/cuong/CLionProjects/uMV-FSTSP/rand_generated_instances/v13
Write arg val: 1

drone speed: 1 miles/minute
uav non-eligible customer: 14 
Printing tau:
0 12.7989 9.39637 1.55807 7.86335 4.76591 1.56567 2.99842 12.075 10.5687 6.34412 7.09911 10.9328 0 
12.7989 0 11.8021 12.2656 9.31417 8.03303 11.2333 9.80052 9.66927 8.16295 9.08121 6.02416 1.86612 12.7989 
9.39637 11.8021 0 10.9544 17.2597 5.93771 10.0252 9.03285 21.4713 19.965 15.7405 5.77791 10.5636 9.39637 
1.55807 12.2656 10.9544 0 6.30528 5.01673 1.03234 2.46508 10.5169 9.01058 4.78605 6.56578 10.3995 1.55807 
7.86335 9.31417 17.2597 6.30528 0 11.322 7.23453 8.22688 4.21162 2.7053 1.51923 11.4818 7.44805 7.86335 
4.76591 8.03303 5.93771 5.01673 11.322 0 4.08748 3.09513 15.5336 14.0273 9.80278 2.3332 6.16691 4.76591 
1.56567 11.2333 10.0252 1.03234 7.23453 4.08748 0 1.43274 11.4461 9.93983 5.7153 5.53344 9.36714 1.56567 
2.99842 9.80052 9.03285 2.46508 8.22688 3.09513 1.43274 0 12.4385 10.9322 6.70765 4.10069 7.9344 2.99842 
12.075 9.66927 21.4713 10.5169 4.21162 15.5336 11.4461 12.4385 0 1.56599 5.73085 15.6934 10.9078 12.075 
10.5687 8.16295 19.965 9.01058 2.7053 14.0273 9.93983 10.9322 1.56599 0 4.22453 14.1871 9.40145 10.5687 
6.34412 9.08121 15.7405 4.78605 1.51923 9.80278 5.7153 6.70765 5.73085 4.22453 0 9.96258 7.21508 6.34412 
7.09911 6.02416 5.77791 6.56578 11.4818 2.3332 5.53344 4.10069 15.6934 14.1871 9.96258 0 4.78567 7.09911 
10.9328 1.86612 10.5636 10.3995 7.44805 6.16691 9.36714 7.9344 10.9078 9.40145 7.21508 4.78567 0 10.9328 
0 0 0 0 0 0 0 0 0 0 0 0 0 0 
Printing tau_prime:
0 6.13913 4.75583 0.776321 4.05451 2.77594 0.795369 1.42382 6.00052 5.63692 3.46633 3.7562 5.18307 0 
6.13913 0 7.0329 5.79585 5.08898 4.68853 5.36125 4.8009 6.15409 5.13264 4.66618 3.90949 1.05581 6.13913 
4.75583 7.0329 0 5.37185 8.13679 2.84611 4.82917 4.26997 10.1231 9.45507 7.42017 3.16665 6.04241 4.75583 
0.776321 5.79585 5.37185 0 3.28185 3.09416 0.654765 1.47341 5.22422 4.87166 2.70993 3.9414 4.90582 0.776321 
4.05451 5.08898 8.13679 3.28185 0 5.37131 3.52834 3.88496 2.00181 1.61704 0.724544 5.67442 4.72139 4.05451 
2.77594 4.68853 2.84611 3.09416 5.37131 0 2.44718 1.6802 7.33088 6.62404 4.64742 1.10246 3.63408 2.77594 
0.795369 5.36125 4.82917 0.654765 3.52834 2.44718 0 0.821586 5.51918 5.05582 2.87889 3.28831 4.423 0.795369 
1.42382 4.8009 4.26997 1.47341 3.88496 1.6802 0.821586 0 5.88361 5.29672 3.18014 2.46803 3.80928 1.42382 
6.00052 6.15409 10.1231 5.22422 2.00181 7.33088 5.51918 5.88361 0 1.0243 2.7055 7.5383 6.08566 6.00052 
5.63692 5.13264 9.45507 4.87166 1.61704 6.62404 5.05582 5.29672 1.0243 0 2.179 6.72541 5.09668 5.63692 
3.46633 4.66618 7.42017 2.70993 0.724544 4.64742 2.87889 3.18014 2.7055 2.179 0 4.95954 4.18617 3.46633 
3.7562 3.90949 3.16665 3.9414 5.67442 1.10246 3.28831 2.46803 7.5383 6.72541 4.95954 0 2.89059 3.7562 
5.18307 1.05581 6.04241 4.90582 4.72139 3.63408 4.423 3.80928 6.08566 5.09668 4.18617 2.89059 0 5.18307 
0 0 0 0 0 0 0 0 0 0 0 0 0 0 
Printing number of nodes: 13

Version identifier: 22.1.1.0 | 2022-11-28 | 9160aff4d
CPXPARAM_ClockType                               0
CPXPARAM_Emphasis_MIP                            2
CPXPARAM_MIP_Tolerances_Integrality              0
Tried aggregator 1 time.
MIP Presolve eliminated 366 rows and 283 columns.
MIP Presolve modified 3872 coefficients.
Reduced MIP has 25426 rows, 2446 columns, and 1092829 nonzeros.
Reduced MIP has 2434 binaries, 0 generals, 0 SOSs, and 0 indicators.
Presolve time = 0.37 sec. (1023.54 ticks)
Found incumbent of value 107.581900 after 0.78 sec. (1820.95 ticks)
Probing fixed 278 vars, tightened 0 bounds.
Probing time = 0.36 sec. (558.34 ticks)
Tried aggregator 1 time.
MIP Presolve eliminated 12 rows and 278 columns.
MIP Presolve modified 46 coefficients.
Reduced MIP has 25414 rows, 2168 columns, and 1091477 nonzeros.
Reduced MIP has 2156 binaries, 0 generals, 0 SOSs, and 0 indicators.
Presolve time = 0.23 sec. (603.02 ticks)
Probing time = 0.03 sec. (36.49 ticks)
Tried aggregator 1 time.
Detecting symmetries...
MIP Presolve modified 11 coefficients.
Reduced MIP has 25414 rows, 2168 columns, and 1091476 nonzeros.
Reduced MIP has 2156 binaries, 0 generals, 0 SOSs, and 0 indicators.
Presolve time = 0.31 sec. (850.46 ticks)
Probing time = 0.03 sec. (36.59 ticks)
Clique table members: 540027.
MIP emphasis: optimality.
MIP search method: dynamic search.
Parallel mode: deterministic, using up to 20 threads.
Root relaxation solution time = 2.42 sec. (1056.26 ticks)

        Nodes                                         Cuts/
   Node  Left     Objective  IInf  Best Integer    Best Bound    ItCnt     Gap

*     0+    0                          107.5819      -12.0000           111.15%
*     0+    0                          102.6130      -12.0000           111.69%
      0     0       31.6210   195      102.6130       31.6210       19   69.18%
*     0+    0                           38.1309       31.6210            17.07%
      0     0       32.5548   191       38.1309      Cuts: 47     1205   14.62%
      0     0       32.5890   218       38.1309      Cuts: 18     1709   14.53%
      0     0       32.6766   222       38.1309      Cuts: 15     2118   14.30%
*     0+    0                           37.8101       32.6766            13.58%
      0     0  -1.00000e+75     0       37.8101       32.6766     2118   13.58%
      0     0       32.6864   226       37.8101      Cuts: 18     2254   13.55%
      0     0       32.6915   244       37.8101       Cuts: 9     2307   11.16%
Detecting symmetries...
      0     0       32.6955   257       37.8101      Cuts: 12     2400   11.16%
*     0+    0                           36.3429       33.5920             7.57%
Detecting symmetries...
      0     2       32.6955   257       36.3429       35.3496     2400    2.73%
Elapsed time = 16.58 sec. (25569.88 ticks, tree = 0.02 MB, solutions = 5)
      1     3       33.4937   198       36.3429       35.3496     3605    2.73%
      3     3       36.1750   132       36.3429       35.3496     4374    2.73%
      5     3       36.1751   161       36.3429       35.3496     5796    2.73%
      7     4       36.2536   164       36.3429       35.3496     6180    2.73%
     10     5        cutoff             36.3429       35.3496     7258    2.73%
     14     5        cutoff             36.3429       35.3496     7737    2.73%
     18     6       35.0464   293       36.3429       35.3496     8831    2.73%
     37    11        cutoff             36.3429       35.3496    14347    2.73%
*    50    12      integral     0       35.8424       35.3496    14764    1.38%
     61     9       35.7932   121       35.8424       35.3496    10844    1.38%
     67     5       35.5752    95       35.8424       35.5238    16767    0.89%
Elapsed time = 20.84 sec. (30207.97 ticks, tree = 0.02 MB, solutions = 6)
     84     3       35.5580    36       35.8424       35.5585    19140    0.79%

Clique cuts applied:  12
Cover cuts applied:  1
Flow cuts applied:  1
Mixed integer rounding cuts applied:  6
Zero-half cuts applied:  19
Gomory fractional cuts applied:  2

Root node processing (before b&c):
  Real time             =   16.39 sec. (25293.60 ticks)
Parallel b&c, 20 threads:
  Real time             =    5.56 sec. (6335.61 ticks)
  Sync time (average)   =    4.36 sec.
  Wait time (average)   =    0.00 sec.
                          ------------
Total (root+branch&cut) =   21.94 sec. (31629.21 ticks)
Truck arcs:
0 3
3 10
4 12
5 7
6 13
7 6
10 4
11 5
12 11
customer 1 is served by drone
start of this sortie: 12
end of this sortie: 11

customer 2 is served by drone
start of this sortie: 11
end of this sortie: 13

customer 8 is served by drone
start of this sortie: 0
end of this sortie: 4

customer 9 is served by drone
start of this sortie: 4
end of this sortie: 12

35.8424
In write mode
