Instance name: /home/cuong/CLionProjects/uMV-FSTSP/rand_generated_instances/v14
Write arg val: 1

drone speed: 1 miles/minute
uav non-eligible customer: 8 10 14 
Printing tau:
0 3.76288 6.226 8.22895 8.25454 9.87519 10.6316 9.33493 9.57842 7.23702 4.81996 5.64661 7.52845 0 
3.76288 0 2.46312 6.88018 12.0174 13.6381 11.9804 13.0978 8.22965 10.9999 8.58284 9.40948 6.17969 3.76288 
6.226 2.46312 0 8.80896 14.4805 16.1012 12.994 15.5609 7.21609 13.463 11.046 11.8726 5.31069 6.226 
8.22895 6.88018 8.80896 0 5.67158 7.29222 18.8606 6.75196 4.05681 9.41189 10.1206 11.5924 3.49828 8.22895 
8.25454 12.0174 14.4805 5.67158 0 1.62065 14.0177 1.59924 9.72839 4.56904 5.27772 6.7495 9.16985 8.25454 
9.87519 13.6381 16.1012 7.29222 1.62065 0 12.4045 0.540261 11.349 2.95583 5.05523 5.1363 10.7905 9.87519 
10.6316 11.9804 12.994 18.8606 14.0177 12.4045 0 12.4185 20.21 9.44868 8.73999 7.26821 18.1601 10.6316 
9.33493 13.0978 15.5609 6.75196 1.59924 0.540261 12.4185 0 10.8088 2.9698 4.51497 5.15026 10.2502 9.33493 
9.57842 8.22965 7.21609 4.05681 9.72839 11.349 20.21 10.8088 0 10.7614 11.47 12.9418 2.04997 9.57842 
7.23702 10.9999 13.463 9.41189 4.56904 2.95583 9.44868 2.9698 10.7614 0 2.41706 2.18047 8.7114 7.23702 
4.81996 8.58284 11.046 10.1206 5.27772 5.05523 8.73999 4.51497 11.47 2.41706 0 1.47178 9.42008 4.81996 
5.64661 9.40948 11.8726 11.5924 6.7495 5.1363 7.26821 5.15026 12.9418 2.18047 1.47178 0 10.8919 5.64661 
7.52845 6.17969 5.31069 3.49828 9.16985 10.7905 18.1601 10.2502 2.04997 8.7114 9.42008 10.8919 0 7.52845 
0 0 0 0 0 0 0 0 0 0 0 0 0 0 
Printing tau_prime:
0 1.88435 3.13913 4.06577 4.2059 4.72963 5.03454 4.48042 4.56845 3.45684 2.44087 3.09827 3.57508 0 
1.88435 0 1.25559 4.41227 5.7459 6.43215 6.08001 6.17782 4.02677 5.32097 4.32474 4.9608 3.20753 1.88435 
3.13913 1.25559 0 4.98921 6.84323 7.59526 7.01209 7.34051 4.07308 6.56289 5.57991 6.21366 3.4926 3.13913 
4.06577 4.41227 4.98921 0 3.51568 4.59123 8.92166 4.39923 2.01543 4.94961 4.88604 5.65231 1.68184 4.06577 
4.2059 5.7459 6.84323 3.51568 0 1.07795 7.43744 0.909799 5.43622 2.20663 2.96838 3.411 4.74331 4.2059 
4.72963 6.43215 7.59526 4.59123 1.07795 0 7.18625 0.254767 6.49319 1.86767 2.94332 3.13626 5.76506 4.72963 
5.03454 6.08001 7.01209 8.92166 7.43744 7.18625 0 7.04673 9.59903 5.33337 4.49374 4.06302 8.60892 5.03454 
4.48042 6.17782 7.34051 4.39923 0.909799 0.254767 7.04673 0 6.28116 1.71405 2.74534 2.98622 5.53842 4.48042 
4.56845 4.02677 4.07308 2.01543 5.43622 6.49319 9.59903 6.28116 0 6.52663 6.16755 6.96327 1.00159 4.56845 
3.45684 5.32097 6.56289 4.94961 2.20663 1.86767 5.33337 1.71405 6.52663 0 1.18738 1.27225 5.62433 3.45684 
2.44087 4.32474 5.57991 4.88604 2.96838 2.94332 4.49374 2.74534 6.16755 1.18738 0 0.795751 5.19896 2.44087 
3.09827 4.9608 6.21366 5.65231 3.411 3.13626 4.06302 2.98622 6.96327 1.27225 0.795751 0 5.99428 3.09827 
3.57508 3.20753 3.4926 1.68184 4.74331 5.76506 8.60892 5.53842 1.00159 5.62433 5.19896 5.99428 0 3.57508 
0 0 0 0 0 0 0 0 0 0 0 0 0 0 
Printing number of nodes: 13

Version identifier: 22.1.1.0 | 2022-11-28 | 9160aff4d
CPXPARAM_ClockType                               0
CPXPARAM_Emphasis_MIP                            2
CPXPARAM_MIP_Tolerances_Integrality              0
Tried aggregator 2 times.
MIP Presolve eliminated 1872 rows and 632 columns.
MIP Presolve modified 3420 coefficients.
Aggregator did 2 substitutions.
Reduced MIP has 24310 rows, 2095 columns, and 1017926 nonzeros.
Reduced MIP has 2085 binaries, 0 generals, 0 SOSs, and 0 indicators.
Presolve time = 0.44 sec. (1055.46 ticks)
Found incumbent of value 119.375610 after 0.80 sec. (1767.54 ticks)
Probing fixed 229 vars, tightened 0 bounds.
Probing changed sense of 40 constraints.
Probing time = 0.27 sec. (459.63 ticks)
Tried aggregator 1 time.
MIP Presolve eliminated 58 rows and 269 columns.
MIP Presolve modified 70 coefficients.
Reduced MIP has 24252 rows, 1826 columns, and 1016611 nonzeros.
Reduced MIP has 1816 binaries, 0 generals, 0 SOSs, and 0 indicators.
Presolve time = 0.40 sec. (949.05 ticks)
Probing time = 0.03 sec. (35.67 ticks)
Tried aggregator 1 time.
Detecting symmetries...
Reduced MIP has 24252 rows, 1826 columns, and 1016611 nonzeros.
Reduced MIP has 1816 binaries, 0 generals, 0 SOSs, and 0 indicators.
Presolve time = 0.22 sec. (489.46 ticks)
Probing time = 0.02 sec. (33.39 ticks)
Clique table members: 501635.
MIP emphasis: optimality.
MIP search method: dynamic search.
Parallel mode: deterministic, using up to 20 threads.
Root relaxation solution time = 0.73 sec. (442.44 ticks)

        Nodes                                         Cuts/
   Node  Left     Objective  IInf  Best Integer    Best Bound    ItCnt     Gap

*     0+    0                          119.3756      -12.0000           110.05%
*     0+    0                           96.5892      -12.0000           112.42%
      0     0       37.8744    74       96.5892       37.8744     1663   60.79%
*     0+    0                           37.8744       37.8744             0.00%
      0     0        cutoff             37.8744       37.8744     1933    0.00%
Elapsed time = 3.82 sec. (7501.88 ticks, tree = 0.01 MB, solutions = 3)

Mixed integer rounding cuts applied:  1

Root node processing (before b&c):
  Real time             =    3.82 sec. (7504.94 ticks)
Parallel b&c, 20 threads:
  Real time             =    0.00 sec. (0.00 ticks)
  Sync time (average)   =    0.00 sec.
  Wait time (average)   =    0.00 sec.
                          ------------
Total (root+branch&cut) =    3.82 sec. (7504.94 ticks)
Truck arcs:
0 10
3 8
4 3
5 7
7 4
8 12
9 5
10 11
11 9
12 13
customer 1 is served by drone
start of this sortie: 4
end of this sortie: 12

customer 2 is served by drone
start of this sortie: 12
end of this sortie: 13

customer 6 is served by drone
start of this sortie: 0
end of this sortie: 4

37.8744
In write mode
