Instance name: /home/cuong/CLionProjects/uMV-FSTSP/rand_generated_instances/v16
Write arg val: 1

drone speed: 1 miles/minute
uav non-eligible customer: 2 5 8 14 
Printing tau:
0 6.14577 4.03904 3.43098 13.1623 2.01887 8.74867 1.10499 5.76644 11.6274 8.46703 7.89583 6.16445 0 
6.14577 0 8.75605 4.53885 7.02713 6.11785 2.61351 7.24015 3.09776 5.49225 7.53638 5.32073 12.3102 6.14577 
4.03904 8.75605 0 6.04126 9.12324 2.6382 8.68099 5.14404 5.6583 7.58836 4.42799 3.85679 3.55417 4.03904 
3.43098 4.53885 6.04126 0 11.566 3.40306 7.15236 3.58188 4.17013 10.0311 6.87072 6.29953 9.59544 3.43098 
13.1623 7.02713 9.12324 11.566 0 11.1434 4.41362 14.2673 7.39585 1.53488 4.84392 5.26645 9.61777 13.1623 
2.01887 6.11785 2.6382 3.40306 11.1434 0 6.7298 3.12386 3.74758 9.60854 6.44817 5.87697 6.19237 2.01887 
8.74867 2.61351 8.68099 7.15236 4.41362 6.7298 0 9.85366 3.0227 3.75325 7.46132 5.24568 12.2352 8.74867 
1.10499 7.24015 5.14404 3.58188 14.2673 3.12386 9.85366 0 6.87143 12.7324 9.57202 9.00083 6.01356 1.10499 
5.76644 3.09776 5.6583 4.17013 7.39585 3.74758 3.0227 6.87143 0 5.86096 4.43862 2.22298 9.21247 5.76644 
11.6274 5.49225 7.58836 10.0311 1.53488 9.60854 3.75325 12.7324 5.86096 0 3.70807 3.73157 8.48192 11.6274 
8.46703 7.53638 4.42799 6.87072 4.84392 6.44817 7.46132 9.57202 4.43862 3.70807 0 2.21564 4.77385 8.46703 
7.89583 5.32073 3.85679 6.29953 5.26645 5.87697 5.24568 9.00083 2.22298 3.73157 2.21564 0 6.98949 7.89583 
6.16445 12.3102 3.55417 9.59544 9.61777 6.19237 12.2352 6.01356 9.21247 8.48192 4.77385 6.98949 0 6.16445 
0 0 0 0 0 0 0 0 0 0 0 0 0 0 
Printing tau_prime:
0 4.09365 2.26703 1.78387 6.41476 0.951793 5.0198 0.525732 3.07471 5.58902 4.04487 3.7424 3.63578 0 
4.09365 0 4.24427 2.49316 3.54745 3.47601 1.23253 4.52322 1.4706 3.15597 3.71886 2.64198 5.84602 4.09365 
2.26703 4.24427 0 3.07187 5.16399 1.5664 4.65571 2.68782 2.78887 4.26526 2.16511 2.43476 1.69885 2.26703 
1.78387 2.49316 3.07187 0 5.45227 1.61654 3.59396 2.11486 1.97409 4.75775 3.95684 3.21368 4.74475 1.78387 
6.41476 3.54745 5.16399 5.45227 0 5.49564 2.41894 6.93695 3.49167 0.900127 3.18011 2.77462 6.05922 6.41476 
0.951793 3.47601 1.5664 1.61654 5.49564 0 4.26369 1.47501 2.26889 4.65632 3.11238 2.7958 3.16896 0.951793 
5.0198 1.23253 4.65571 3.59396 2.41894 4.26369 0 5.49349 2.00169 2.2298 3.5198 2.5053 6.08496 5.0198 
0.525732 4.52322 2.68782 2.11486 6.93695 1.47501 5.49349 0 3.57304 6.11386 4.54998 4.2679 3.91895 0.525732 
3.07471 1.4706 2.78887 1.97409 3.49167 2.26889 2.00169 3.57304 0 2.78427 2.44924 1.45113 4.37542 3.07471 
5.58902 3.15597 4.26526 4.75775 0.900127 4.65632 2.2298 6.11386 2.78427 0 2.29675 1.89455 5.18191 5.58902 
4.04487 3.71886 2.16511 3.95684 3.18011 3.11238 3.5198 4.54998 2.44924 2.29675 0 1.07861 2.88571 4.04487 
3.7424 2.64198 2.43476 3.21368 2.77462 2.7958 2.5053 4.2679 1.45113 1.89455 1.07861 0 3.63578 3.7424 
3.63578 5.84602 1.69885 4.74475 6.05922 3.16896 6.08496 3.91895 4.37542 5.18191 2.88571 3.63578 0 3.63578 
0 0 0 0 0 0 0 0 0 0 0 0 0 0 
Printing number of nodes: 13

Version identifier: 22.1.1.0 | 2022-11-28 | 9160aff4d
CPXPARAM_ClockType                               0
CPXPARAM_Emphasis_MIP                            2
CPXPARAM_MIP_Tolerances_Integrality              0
Tried aggregator 2 times.
MIP Presolve eliminated 3649 rows and 791 columns.
MIP Presolve modified 3063 coefficients.
Aggregator did 2 substitutions.
Reduced MIP has 22729 rows, 1936 columns, and 934467 nonzeros.
Reduced MIP has 1927 binaries, 0 generals, 0 SOSs, and 0 indicators.
Presolve time = 0.38 sec. (867.18 ticks)
Found incumbent of value 84.393570 after 0.71 sec. (1509.96 ticks)
Probing fixed 216 vars, tightened 0 bounds.
Probing changed sense of 54 constraints.
Probing time = 0.22 sec. (391.02 ticks)
Tried aggregator 1 time.
MIP Presolve eliminated 76 rows and 270 columns.
MIP Presolve modified 35 coefficients.
Reduced MIP has 22653 rows, 1666 columns, and 933139 nonzeros.
Reduced MIP has 1657 binaries, 0 generals, 0 SOSs, and 0 indicators.
Presolve time = 0.38 sec. (869.75 ticks)
Probing time = 0.02 sec. (33.18 ticks)
Tried aggregator 1 time.
Detecting symmetries...
Reduced MIP has 22653 rows, 1666 columns, and 933139 nonzeros.
Reduced MIP has 1657 binaries, 0 generals, 0 SOSs, and 0 indicators.
Presolve time = 0.20 sec. (445.42 ticks)
Probing time = 0.02 sec. (32.93 ticks)
Clique table members: 466047.
MIP emphasis: optimality.
MIP search method: dynamic search.
Parallel mode: deterministic, using up to 20 threads.
Root relaxation solution time = 1.63 sec. (676.06 ticks)

        Nodes                                         Cuts/
   Node  Left     Objective  IInf  Best Integer    Best Bound    ItCnt     Gap

*     0+    0                           84.3936      -12.0000           114.22%
      0     0       31.6766   128       84.3936       31.6766     2388   62.47%
*     0+    0                           33.6612       31.6766             5.90%
      0     0       31.8538   130       33.6612      Cuts: 76     3040    5.11%
      0     0       31.8652   106       33.6612      Cuts: 26     3170    5.11%
Detecting symmetries...

Repeating presolve.
Tried aggregator 1 time.
MIP Presolve eliminated 109 rows and 616 columns.
MIP Presolve modified 93 coefficients.
Reduced MIP has 22544 rows, 1050 columns, and 873943 nonzeros.
Reduced MIP has 1041 binaries, 0 generals, 0 SOSs, and 0 indicators.
Presolve time = 0.37 sec. (1351.28 ticks)
Probing time = 0.03 sec. (29.18 ticks)
Tried aggregator 1 time.
Detecting symmetries...
MIP Presolve eliminated 4 rows and 0 columns.
Reduced MIP has 22540 rows, 1050 columns, and 873920 nonzeros.
Reduced MIP has 1041 binaries, 0 generals, 0 SOSs, and 0 indicators.
Presolve time = 0.23 sec. (616.46 ticks)
Represolve time = 0.69 sec. (2099.17 ticks)
Probing time = 0.08 sec. (29.08 ticks)
Clique table members: 145143.
MIP emphasis: optimality.
MIP search method: dynamic search.
Parallel mode: deterministic, using up to 20 threads.
Root relaxation solution time = 1.63 sec. (594.03 ticks)

        Nodes                                         Cuts/
   Node  Left     Objective  IInf  Best Integer    Best Bound    ItCnt     Gap

*     0+    0                           33.6612       31.9411             5.11%
      0     0       31.8652   104       33.6612       31.9411     5845    5.11%
      0     0       31.8865   127       33.6612      Cuts: 29     6036    5.11%
      0     0       31.9070   166       33.6612      Cuts: 27     6192    5.11%
      0     0       31.9323   168       33.6612      Cuts: 21     6270    5.11%
      0     0       31.9541   159       33.6612       Cuts: 8     6332    5.07%
      0     0       31.9572   163       33.6612       Cuts: 9     6368    5.06%
      0     0       31.9576   168       33.6612   ZeroHalf: 3     6378    5.06%
      0     0       31.9612   177       33.6612       Cuts: 3     6413    5.05%
      0     0       31.9654   176       33.6612       Cuts: 3     6424    5.04%
      0     0       31.9661   177       33.6612   ZeroHalf: 1     6439    5.04%
*     0+    0                           33.2763       32.1032             3.53%
      0     0  -1.00000e+75     0       33.2763       32.1032     6439    3.53%
Detecting symmetries...
      0     2       31.9661   177       33.2763       32.1032     6439    3.53%
Elapsed time = 15.68 sec. (26017.45 ticks, tree = 0.02 MB, solutions = 3)
      1     3       31.9867   231       33.2763       32.1032     6576    3.53%
      2     3       32.2744    96       33.2763       32.1032     6706    3.53%
      5     4        cutoff             33.2763       32.1032     7618    3.53%
     12     5        cutoff             33.2763       32.1032     7988    3.53%
     23    13        cutoff             33.2763       32.1032    12196    3.53%
     36    11       32.8472    40       33.2763       32.1032    10940    3.53%
     60    23       32.8472    47       33.2763       32.1233    17027    3.47%
    113    28       32.8472    55       33.2763       32.5988    18160    2.04%
    168    44        cutoff             33.2763       32.5988    31962    2.04%

Clique cuts applied:  26
Cover cuts applied:  27
Implied bound cuts applied:  5
Mixed integer rounding cuts applied:  4
Zero-half cuts applied:  27
Gomory fractional cuts applied:  6

Root node processing (before b&c):
  Real time             =   15.43 sec. (25681.17 ticks)
Parallel b&c, 20 threads:
  Real time             =    8.08 sec. (3797.38 ticks)
  Sync time (average)   =    3.90 sec.
  Wait time (average)   =    0.00 sec.
                          ------------
Total (root+branch&cut) =   23.51 sec. (29478.54 ticks)
Truck arcs:
0 7
1 6
2 5
3 1
5 13
6 8
7 3
8 11
11 2
customer 4 is served by drone
start of this sortie: 6
end of this sortie: 11

customer 9 is served by drone
start of this sortie: 0
end of this sortie: 1

customer 10 is served by drone
start of this sortie: 11
end of this sortie: 2

customer 12 is served by drone
start of this sortie: 2
end of this sortie: 13

33.2763
In write mode
