Instance name: /home/cuong/CLionProjects/uMV-FSTSP/rand_generated_instances/v2
Write arg val: 1

drone speed: 1 miles/minute
uav non-eligible customer: 8 14 
Printing tau:
0 1.25234 7.67655 3.62511 7.90191 2.90428 3.22424 1.72725 7.57846 8.59142 9.47433 5.5539 4.8769 0 
1.25234 0 8.92889 4.49714 9.15425 2.03225 4.47657 2.97959 8.45049 9.84376 10.3464 6.80623 4.00486 1.25234 
7.67655 8.92889 0 11.0775 1.87208 9.69924 5.29287 5.9493 10.9471 4.23572 9.225 4.05405 11.5071 7.67655 
3.62511 4.49714 11.0775 0 11.3028 6.52939 6.62514 5.12815 3.95335 11.9923 5.84922 8.9548 8.502 3.62511 
7.90191 9.15425 1.87208 11.3028 0 9.92459 4.67767 6.17466 11.1725 2.36364 9.45035 2.34801 11.3819 7.90191 
2.90428 2.03225 9.69924 6.52939 9.92459 0 5.24692 3.74994 10.4827 10.6141 12.3786 7.57658 1.97261 2.90428 
3.22424 4.47657 5.29287 6.62514 4.67767 5.24692 0 1.49698 6.49479 5.36719 8.13701 2.32966 6.7042 3.22424 
1.72725 2.97959 5.9493 5.12815 6.17466 3.74994 1.49698 0 6.88484 6.86417 8.78072 3.82664 5.57051 1.72725 
7.57846 8.45049 10.9471 3.95335 11.1725 10.4827 6.49479 6.88484 0 11.862 1.89587 8.82445 12.4554 7.57846 
8.59142 9.84376 4.23572 11.9923 2.36364 10.6141 5.36719 6.86417 11.862 0 10.1399 3.03753 12.0714 8.59142 
9.47433 10.3464 9.225 5.84922 9.45035 12.3786 8.13701 8.78072 1.89587 10.1399 0 7.10234 14.3512 9.47433 
5.5539 6.80623 4.05405 8.9548 2.34801 7.57658 2.32966 3.82664 8.82445 3.03753 7.10234 0 9.03386 5.5539 
4.8769 4.00486 11.5071 8.502 11.3819 1.97261 6.7042 5.57051 12.4554 12.0714 14.3512 9.03386 0 4.8769 
0 0 0 0 0 0 0 0 0 0 0 0 0 0 
Printing tau_prime:
0 0.719382 4.78165 2.3432 4.34817 1.66841 1.64547 0.877434 3.891 4.20439 4.5255 2.88607 2.82427 0 
0.719382 0 5.49765 2.3495 5.0662 1.02453 2.35329 1.5867 4.09563 4.88921 4.87932 3.59675 2.16031 0.719382 
4.78165 5.49765 0 5.4107 0.888878 6.41147 3.26046 3.96196 5.17984 2.04278 4.55069 2.15721 7.55544 4.78165 
2.3432 2.3495 5.4107 0 5.3549 3.14581 3.30409 2.78455 1.86464 5.68292 2.89233 4.2502 4.00806 2.3432 
4.34817 5.0662 0.888878 5.3549 0 5.91063 2.73181 3.48478 5.43197 1.16067 4.97889 1.51101 7.02978 4.34817 
1.66841 1.02453 6.41147 3.14581 5.91063 0 3.18054 2.4498 4.9765 5.59238 5.83961 4.40806 1.15613 1.66841 
1.64547 2.35329 3.26046 3.30409 2.73181 3.18054 0 0.76816 4.24615 2.57873 4.44696 1.24383 4.30923 1.64547 
0.877434 1.5867 3.96196 2.78455 3.48478 2.4498 0.76816 0 4.01052 3.33366 4.41792 2.01037 3.59462 0.877434 
3.891 4.09563 5.17984 1.86464 5.43197 4.9765 4.24615 4.01052 0 6.10246 1.20739 4.78177 5.87234 3.891 
4.20439 4.88921 2.04278 5.68292 1.16067 5.59238 2.57873 3.33366 6.10246 0 5.82983 1.43446 6.64314 4.20439 
4.5255 4.87932 4.55069 2.89233 4.97889 5.83961 4.44696 4.41792 1.20739 5.82983 0 4.66734 6.82623 4.5255 
2.88607 3.59675 2.15721 4.2502 1.51101 4.40806 1.24383 2.01037 4.78177 1.43446 4.66734 0 5.52084 2.88607 
2.82427 2.16031 7.55544 4.00806 7.02978 1.15613 4.30923 3.59462 5.87234 6.64314 6.82623 5.52084 0 2.82427 
0 0 0 0 0 0 0 0 0 0 0 0 0 0 
Printing number of nodes: 13

Version identifier: 22.1.1.0 | 2022-11-28 | 9160aff4d
CPXPARAM_ClockType                               0
CPXPARAM_Emphasis_MIP                            2
CPXPARAM_MIP_Tolerances_Integrality              0
Tried aggregator 2 times.
MIP Presolve eliminated 604 rows and 417 columns.
MIP Presolve modified 3640 coefficients.
Aggregator did 2 substitutions.
Reduced MIP has 25382 rows, 2310 columns, and 1080879 nonzeros.
Reduced MIP has 2299 binaries, 0 generals, 0 SOSs, and 0 indicators.
Presolve time = 0.40 sec. (958.88 ticks)
Found incumbent of value 95.212970 after 0.80 sec. (1728.07 ticks)
Probing fixed 264 vars, tightened 0 bounds.
Probing changed sense of 22 constraints.
Probing time = 0.31 sec. (515.33 ticks)
Tried aggregator 1 time.
MIP Presolve eliminated 37 rows and 286 columns.
Reduced MIP has 25345 rows, 2024 columns, and 1079484 nonzeros.
Reduced MIP has 2013 binaries, 0 generals, 0 SOSs, and 0 indicators.
Presolve time = 0.32 sec. (727.73 ticks)
Probing time = 0.03 sec. (37.47 ticks)
Tried aggregator 1 time.
Detecting symmetries...
Reduced MIP has 25345 rows, 2024 columns, and 1079484 nonzeros.
Reduced MIP has 2013 binaries, 0 generals, 0 SOSs, and 0 indicators.
Presolve time = 0.24 sec. (522.12 ticks)
Probing time = 0.02 sec. (35.15 ticks)
Clique table members: 537038.
MIP emphasis: optimality.
MIP search method: dynamic search.
Parallel mode: deterministic, using up to 20 threads.
Root relaxation solution time = 1.86 sec. (901.86 ticks)

        Nodes                                         Cuts/
   Node  Left     Objective  IInf  Best Integer    Best Bound    ItCnt     Gap

*     0+    0                           95.2130      -12.0000           112.60%
      0     0       33.2397   114       95.2130       33.2397       15   65.09%
*     0+    0                           44.1243       33.2397            24.67%
      0     0       33.2767   136       44.1243      Cuts: 37      809   24.50%
      0     0       33.2954   136       44.1243       Cuts: 8      923   24.50%
      0     0       33.3070   137       44.1243   ZeroHalf: 9     1021   24.50%
*     0+    0                           42.6837       33.3121            21.96%
*     0+    0                           41.1905       33.3121            19.13%
      0     0  -1.00000e+75     0       41.1905       33.3121     1021   19.13%
      0     0       33.3103   133       41.1905       Cuts: 6     1055   19.13%
      0     0       33.3127   146       41.1905      Cuts: 13     1098   19.13%
Detecting symmetries...
      0     0       33.3174   145       41.1905      Cuts: 11     1137   19.11%
*     0+    0                           40.3918       33.3174            17.51%
*     0+    0                           39.4149       33.3174            15.47%
      0     0  -1.00000e+75     0       39.4149       33.3174     1137   15.47%
      0     0       33.3269   150       39.4149   ZeroHalf: 9     1196   15.45%
      0     0       33.3279   148       39.4149   ZeroHalf: 2     1214   15.44%
      0     0       33.3284   156       39.4149   ZeroHalf: 8     1253   15.44%
*     0+    0                           36.4382       33.3284             8.53%
Detecting symmetries...

Repeating presolve.
Tried aggregator 1 time.
MIP Presolve eliminated 575 rows and 555 columns.
MIP Presolve modified 9089 coefficients.
Reduced MIP has 24769 rows, 1469 columns, and 759351 nonzeros.
Reduced MIP has 1458 binaries, 0 generals, 0 SOSs, and 0 indicators.
Presolve time = 0.64 sec. (3137.06 ticks)
Probing time = 0.03 sec. (30.16 ticks)
Tried aggregator 1 time.
Detecting symmetries...
MIP Presolve eliminated 10 rows and 0 columns.
MIP Presolve modified 30 coefficients.
Reduced MIP has 24759 rows, 1469 columns, and 759311 nonzeros.
Reduced MIP has 1458 binaries, 0 generals, 0 SOSs, and 0 indicators.
Presolve time = 0.16 sec. (371.60 ticks)
Represolve time = 0.92 sec. (3655.89 ticks)
Probing time = 0.02 sec. (29.79 ticks)
Clique table members: 273796.
MIP emphasis: optimality.
MIP search method: dynamic search.
Parallel mode: deterministic, using up to 20 threads.
Root relaxation solution time = 3.83 sec. (912.41 ticks)

        Nodes                                         Cuts/
   Node  Left     Objective  IInf  Best Integer    Best Bound    ItCnt     Gap

*     0+    0                           36.4382       33.3284             8.53%
      0     0       33.3284   158       36.4382       33.3284     5279    8.53%
      0     0       33.3312   148       36.4382       Cuts: 9     5321    8.53%
      0     0       33.3337   157       36.4382       Cuts: 6     5367    8.52%
      0     0       33.3341   158       36.4382       Cuts: 8     5375    8.52%
      0     0       33.3353   150       36.4382   ZeroHalf: 2     5402    8.52%
      0     0       33.3355   156       36.4382   ZeroHalf: 3     5421    8.52%
*     0+    0                           36.4192       33.3355             8.47%
*     0+    0                           36.3674       33.4005             8.16%
      0     0  -1.00000e+75     0       36.3674       33.4005     5421    8.16%
Detecting symmetries...
      0     2       33.3355   149       36.3674       33.4005     5421    8.16%
Elapsed time = 28.01 sec. (43148.11 ticks, tree = 0.02 MB, solutions = 9)
      1     3       33.4056   284       36.3674       33.4005     5904    8.16%
      4     3       33.4007   147       36.3674       33.4005     6067    8.16%
      6     6       33.5390   100       36.3674       33.4005     6334    8.16%
     14    13       33.6665   300       36.3674       33.4010     8787    8.16%
     32    20       34.4378    63       36.3674       33.4010    10872    8.16%
*    41+   16                           36.1203       33.4445             7.41%
     50    31       33.9866   111       36.1203       33.4445    13634    7.41%
     71    48       35.6466   188       36.1203       33.4766    19009    7.32%
    109    56       34.6861    42       36.1203       33.4766    24612    7.32%
    153    58        cutoff             36.1203       33.4766    30636    7.32%
*   164    56      integral     0       35.7204       33.4766    28476    6.28%
*   302    50      integral     0       35.3675       33.5283    46459    5.20%
    310    57        cutoff             35.3675       33.5283    48963    5.20%
Elapsed time = 42.05 sec. (46537.56 ticks, tree = 0.67 MB, solutions = 12)
*   373+   31                           35.0721       33.6233             4.13%
    381    35       34.9391    71       35.0721       33.6423    57645    4.08%
    483    32       34.2763   227       35.0721       33.6423    55492    4.08%
    548    11       34.4378   126       35.0721       34.4378    80473    1.81%
    638    16       34.8718   203       35.0721       34.4378    87108    1.81%
    668     9       34.9399    62       35.0721       34.9391    92360    0.38%
    695     5       34.9397    73       35.0721       34.9391    97391    0.38%

Cover cuts applied:  3
Implied bound cuts applied:  1
Flow cuts applied:  1
Mixed integer rounding cuts applied:  1
Zero-half cuts applied:  29
Gomory fractional cuts applied:  3

Root node processing (before b&c):
  Real time             =   27.93 sec. (43057.43 ticks)
Parallel b&c, 20 threads:
  Real time             =   26.72 sec. (9704.43 ticks)
  Sync time (average)   =   14.77 sec.
  Wait time (average)   =    0.00 sec.
                          ------------
Total (root+branch&cut) =   54.65 sec. (52761.85 ticks)
Truck arcs:
0 7
1 5
3 1
5 13
6 11
7 6
8 3
10 8
11 10
customer 2 is served by drone
start of this sortie: 10
end of this sortie: 1

customer 4 is served by drone
start of this sortie: 11
end of this sortie: 10

customer 9 is served by drone
start of this sortie: 0
end of this sortie: 11

customer 12 is served by drone
start of this sortie: 1
end of this sortie: 13

35.0721
In write mode
