Instance name: /home/cuong/CLionProjects/uMV-FSTSP/rand_generated_instances/v21
Write arg val: 1

drone speed: 1 miles/minute
uav non-eligible customer: 2 14 
Printing tau:
0 7.95169 10.8615 6.64655 6.46939 0.980853 3.54563 10.3562 6.00157 12.5675 7.54295 10.8841 12.3835 0 
7.95169 0 2.90978 3.70617 4.56666 8.93255 7.30354 10.0512 13.9533 4.61582 3.15106 3.80197 10.5822 7.95169 
10.8615 2.90978 0 4.61138 7.47644 11.8423 8.20876 12.9609 16.863 3.01459 4.05628 5.33512 13.492 10.8615 
6.64655 3.70617 4.61138 0 3.26152 7.6274 3.59738 8.74602 12.6481 5.92096 0.896396 7.50813 9.27707 6.64655 
6.46939 4.56666 7.47644 3.26152 0 5.5171 6.69084 5.4845 9.3866 9.18248 4.15792 4.41467 6.01556 6.46939 
0.980853 8.93255 11.8423 7.6274 5.5171 0 4.52649 9.4039 5.02071 13.5484 8.5238 9.93178 11.4312 0.980853 
3.54563 7.30354 8.20876 3.59738 6.69084 4.52649 0 10.5776 9.5472 9.02188 4.15249 11.1055 12.6049 3.54563 
10.3562 10.0512 12.9609 8.74602 5.4845 9.4039 10.5776 0 5.30698 14.667 9.64241 7.62582 2.02727 10.3562 
6.00157 13.9533 16.863 12.6481 9.3866 5.02071 9.5472 5.30698 0 18.5691 13.5445 11.5279 7.33425 6.00157 
12.5675 4.61582 3.01459 5.92096 9.18248 13.5484 9.02188 14.667 18.5691 0 5.02457 7.04116 15.198 12.5675 
7.54295 3.15106 4.05628 0.896396 4.15792 8.5238 4.15249 9.64241 13.5445 5.02457 0 6.95302 10.1735 7.54295 
10.8841 3.80197 5.33512 7.50813 4.41467 9.93178 11.1055 7.62582 11.5279 7.04116 6.95302 0 8.15688 10.8841 
12.3835 10.5822 13.492 9.27707 6.01556 11.4312 12.6049 2.02727 7.33425 15.198 10.1735 8.15688 0 12.3835 
0 0 0 0 0 0 0 0 0 0 0 0 0 0 
Printing tau_prime:
0 5.01964 6.35555 3.51421 3.44194 0.644449 1.67468 4.98126 3.69725 6.3713 4.00968 5.75429 5.96787 0 
5.01964 0 1.43652 1.85227 2.17204 5.10697 4.02092 4.98321 6.64707 2.39236 1.49787 2.12588 5.57948 5.01964 
6.35555 1.43652 0 2.94507 3.59633 6.49328 5.18342 6.21106 8.06907 1.63288 2.47054 2.8618 6.68929 6.35555 
3.51421 1.85227 2.94507 0 2.11907 3.77275 2.23889 5.27503 6.01433 2.89089 0.497029 3.57854 6.09553 3.51421 
3.44194 2.17204 3.59633 2.11907 0 3.3166 3.155 3.16884 4.47524 4.38578 2.29645 2.31299 3.97668 3.44194 
0.644449 5.10697 6.49328 3.77275 3.3166 0 2.20438 4.46429 3.05477 6.66203 4.25645 5.5973 5.44453 0.644449 
1.67468 4.02092 5.18342 2.23889 3.155 2.20438 0 5.65201 5.14088 4.90745 2.71709 5.3178 6.61696 1.67468 
4.98126 4.98321 6.21106 5.27503 3.16884 4.46429 5.65201 0 3.10521 7.36511 5.46217 3.60345 0.987908 4.98126 
3.69725 6.64707 8.06907 6.01433 4.47524 3.05477 5.14088 3.10521 0 8.75362 6.40667 6.09077 3.80512 3.69725 
6.3713 2.39236 1.63288 2.89089 4.38578 6.66203 4.90745 7.36511 8.75362 0 2.41897 4.33389 7.97077 6.3713 
4.00968 1.49787 2.47054 0.497029 2.29645 4.25645 2.71709 5.46217 6.40667 2.41897 0 3.41276 6.23508 4.00968 
5.75429 2.12588 2.8618 3.57854 2.31299 5.5973 5.3178 3.60345 6.09077 4.33389 3.41276 0 3.90961 5.75429 
5.96787 5.57948 6.68929 6.09553 3.97668 5.44453 6.61696 0.987908 3.80512 7.97077 6.23508 3.90961 0 5.96787 
0 0 0 0 0 0 0 0 0 0 0 0 0 0 
Printing number of nodes: 13

Version identifier: 22.1.1.0 | 2022-11-28 | 9160aff4d
CPXPARAM_ClockType                               0
CPXPARAM_Emphasis_MIP                            2
CPXPARAM_MIP_Tolerances_Integrality              0
Tried aggregator 2 times.
MIP Presolve eliminated 604 rows and 420 columns.
MIP Presolve modified 3896 coefficients.
Aggregator did 2 substitutions.
Reduced MIP has 25382 rows, 2307 columns, and 1080846 nonzeros.
Reduced MIP has 2296 binaries, 0 generals, 0 SOSs, and 0 indicators.
Presolve time = 0.43 sec. (1092.00 ticks)
Found incumbent of value 100.169556 after 0.84 sec. (1868.37 ticks)
Probing fixed 261 vars, tightened 0 bounds.
Probing changed sense of 22 constraints.
Probing time = 0.32 sec. (518.37 ticks)
Tried aggregator 1 time.
MIP Presolve eliminated 38 rows and 283 columns.
MIP Presolve modified 76 coefficients.
Reduced MIP has 25344 rows, 2024 columns, and 1079461 nonzeros.
Reduced MIP has 2013 binaries, 0 generals, 0 SOSs, and 0 indicators.
Presolve time = 0.45 sec. (1049.82 ticks)
Probing time = 0.03 sec. (37.57 ticks)
Tried aggregator 1 time.
Detecting symmetries...
Reduced MIP has 25344 rows, 2024 columns, and 1079461 nonzeros.
Reduced MIP has 2013 binaries, 0 generals, 0 SOSs, and 0 indicators.
Presolve time = 0.24 sec. (523.16 ticks)
Probing time = 0.03 sec. (35.21 ticks)
Clique table members: 532968.
MIP emphasis: optimality.
MIP search method: dynamic search.
Parallel mode: deterministic, using up to 20 threads.
Root relaxation solution time = 1.64 sec. (832.57 ticks)

        Nodes                                         Cuts/
   Node  Left     Objective  IInf  Best Integer    Best Bound    ItCnt     Gap

*     0+    0                          100.1696      -12.0000           111.98%
      0     0       35.9462   117      100.1696       35.9462     2777   64.11%
*     0+    0                           48.3503       35.9462            25.65%
      0     0       36.3504   107       48.3503      Cuts: 25     3655   24.82%
      0     0       36.4230   105       48.3503      Cuts: 13     4111   24.67%
      0     0       36.4277   113       48.3503       Cuts: 9     4320   24.66%
*     0+    0                           47.8842       36.4277            23.93%
      0     0  -1.00000e+75     0       47.8842       36.4277     4320   23.93%
      0     0       36.4425   107       47.8842       Cuts: 7     4408   23.89%
      0     0       36.4451   112       47.8842   ZeroHalf: 6     4467   23.89%
Detecting symmetries...
      0     0       36.4459   120       47.8842      Cuts: 11     4494   23.89%
*     0+    0                           41.7158       36.4459            12.63%
      0     0       36.4519   123       41.7158       Cuts: 9     4602   12.62%
*     0+    0                           40.3775       36.4519             9.72%
      0     0  -1.00000e+75     0       40.3775       36.4519     4602    9.72%
      0     0       36.4523   154       40.3775   ZeroHalf: 3     4635    9.72%
Detecting symmetries...
      0     2       36.4523   153       40.3775       36.4523     4635    9.72%
Elapsed time = 13.19 sec. (23170.25 ticks, tree = 0.02 MB, solutions = 5)
      1     3       36.5704   275       40.3775       36.4523     5034    9.72%
      5     7       36.9803   258       40.3775       36.5639     5825    9.44%
     23    11        cutoff             40.3775       36.5639     6470    9.44%
     61    28       39.6714    53       40.3775       36.5670     9066    9.44%
    147    39        cutoff             40.3775       36.5670    14609    9.44%
    196    72       38.4658    89       40.3775       36.7035    21446    9.10%
    228    75       38.9387    60       40.3775       36.7035    23678    9.10%
    237    76        cutoff             40.3775       36.7205    30370    9.06%
    247    80       38.7029    31       40.3775       36.7205    27449    9.06%
    373    95        cutoff             40.3775       36.7205    39638    9.06%
Elapsed time = 25.45 sec. (26423.08 ticks, tree = 0.96 MB, solutions = 5)
*   399+  100                           39.9452       36.7205             8.07%
    606    85        cutoff             39.9452       36.7205    59792    8.07%
    792   131       37.9457   159       39.9452       36.7205    79691    8.07%
*   937   155      integral     0       39.4407       36.7205   100080    6.90%
   1178    85       38.9075    75       39.4407       36.7205   122062    6.90%
   1456    34        cutoff             39.4407       37.3478   142711    5.31%
   1623    16       39.4205   102       39.4407       37.3478   155438    5.31%
   1758    25        cutoff             39.4407       37.4327   178848    5.09%

GUB cover cuts applied:  1
Clique cuts applied:  4
Implied bound cuts applied:  3
Zero-half cuts applied:  29
Gomory fractional cuts applied:  4

Root node processing (before b&c):
  Real time             =   13.07 sec. (22981.41 ticks)
Parallel b&c, 20 threads:
  Real time             =   46.78 sec. (10943.40 ticks)
  Sync time (average)   =   17.71 sec.
  Wait time (average)   =    0.00 sec.
                          ------------
Total (root+branch&cut) =   59.84 sec. (33924.81 ticks)
Truck arcs:
0 6
1 11
2 9
3 10
4 5
5 13
6 3
9 1
10 2
11 4
customer 7 is served by drone
start of this sortie: 11
end of this sortie: 13

customer 8 is served by drone
start of this sortie: 0
end of this sortie: 2

customer 12 is served by drone
start of this sortie: 2
end of this sortie: 11

39.4407
In write mode
