Instance name: /home/cuong/CLionProjects/uMV-FSTSP/rand_generated_instances/v22
Write arg val: 1

drone speed: 1 miles/minute
uav non-eligible customer: 12 14 
Printing tau:
0 5.16174 12.4839 10.5167 17.5413 7.85657 12.8867 11.9256 13.3508 15.3768 4.43893 1.53517 4.23285 0 
5.16174 0 10.5523 5.35494 12.3796 3.55304 7.72501 9.99404 8.18904 10.215 5.95495 3.62657 5.11786 5.16174 
12.4839 10.5523 0 14.1359 13.3484 6.9993 8.69387 3.98553 11.2451 11.1839 8.04495 13.9939 8.25103 12.4839 
10.5167 5.35494 14.1359 0 7.02462 7.13663 6.24844 13.5776 2.89081 7.26217 11.3099 8.9815 10.4728 10.5167 
17.5413 12.3796 13.3484 7.02462 0 9.68472 4.65455 9.36289 4.19051 2.55045 18.3345 16.0061 17.4974 17.5413 
7.85657 3.55304 6.9993 7.13663 9.68472 0 5.03017 6.441 5.49421 7.52021 8.64979 6.99458 7.81269 7.85657 
12.8867 7.72501 8.69387 6.24844 4.65455 5.03017 0 7.32919 3.35763 2.49004 13.68 11.3516 12.8429 12.8867 
11.9256 9.99404 3.98553 13.5776 9.36289 6.441 7.32919 0 10.6868 7.19838 8.97162 13.4356 8.13452 11.9256 
13.3508 8.18904 11.2451 2.89081 4.19051 5.49421 3.35763 10.6868 0 4.37136 14.144 11.8156 13.3069 13.3508 
15.3768 10.215 11.1839 7.26217 2.55045 7.52021 2.49004 7.19838 4.37136 0 16.17 13.8416 15.3329 15.3768 
4.43893 5.95495 8.04495 11.3099 18.3345 8.64979 13.68 8.97162 14.144 16.17 0 5.94893 0.837093 4.43893 
1.53517 3.62657 13.9939 8.9815 16.0061 6.99458 11.3516 13.4356 11.8156 13.8416 5.94893 0 5.74285 1.53517 
4.23285 5.11786 8.25103 10.4728 17.4974 7.81269 12.8429 8.13452 13.3069 15.3329 0.837093 5.74285 0 4.23285 
0 0 0 0 0 0 0 0 0 0 0 0 0 0 
Printing tau_prime:
0 2.59805 6.20801 5.0184 8.39389 4.51679 6.44972 6.81674 6.32065 7.71606 2.12568 1.01509 1.99549 0 
2.59805 0 4.99534 3.03745 5.85996 2.10218 3.85219 4.92118 3.87414 5.11814 3.04589 2.35684 2.64527 2.59805 
6.20801 4.99534 0 7.30015 7.70275 3.72418 5.53365 1.89714 6.8365 6.18831 4.46175 6.71469 4.35364 6.20801 
5.0184 3.03745 7.30015 0 3.98736 3.59035 3.15032 6.49477 1.9084 4.11933 6.05555 4.23445 5.66297 5.0184 
8.39389 5.85996 7.70275 3.98736 0 4.70635 2.31067 6.07852 2.15387 1.57691 8.66739 7.84684 8.26688 8.39389 
4.51679 2.10218 3.72418 3.59035 4.70635 0 2.40793 3.0401 3.27323 3.54556 4.10723 4.44433 3.72991 4.51679 
6.44972 3.85219 5.53365 3.15032 2.31067 2.40793 0 4.10651 1.59785 1.26736 6.44922 6.0763 6.05661 6.44972 
6.81674 4.92118 1.89714 6.49477 6.07852 3.0401 4.10651 0 5.59685 4.51422 5.50837 7.06552 5.27781 6.81674 
6.32065 3.87414 6.8365 1.9084 2.15387 3.27323 1.59785 5.59685 0 2.27125 6.83607 5.71867 6.42976 6.32065 
7.71606 5.11814 6.18831 4.11933 1.57691 3.54556 1.26736 4.51422 2.27125 0 7.64258 7.33767 7.2571 7.71606 
2.12568 3.04589 4.46175 6.05555 8.66739 4.10723 6.44922 5.50837 6.83607 7.64258 0 3.0115 0.406392 2.12568 
1.01509 2.35684 6.71469 4.23445 7.84684 4.44433 6.0763 7.06552 5.71867 7.33767 3.0115 0 2.79699 1.01509 
1.99549 2.64527 4.35364 5.66297 8.26688 3.72991 6.05661 5.27781 6.42976 7.2571 0.406392 2.79699 0 1.99549 
0 0 0 0 0 0 0 0 0 0 0 0 0 0 
Printing number of nodes: 13

Version identifier: 22.1.1.0 | 2022-11-28 | 9160aff4d
CPXPARAM_ClockType                               0
CPXPARAM_Emphasis_MIP                            2
CPXPARAM_MIP_Tolerances_Integrality              0
Tried aggregator 2 times.
MIP Presolve eliminated 605 rows and 421 columns.
MIP Presolve modified 3405 coefficients.
Aggregator did 2 substitutions.
Reduced MIP has 25381 rows, 2306 columns, and 1080896 nonzeros.
Reduced MIP has 2295 binaries, 0 generals, 0 SOSs, and 0 indicators.
Presolve time = 0.49 sec. (1412.85 ticks)
Found incumbent of value 103.436293 after 0.87 sec. (2170.43 ticks)
Probing fixed 260 vars, tightened 0 bounds.
Probing changed sense of 22 constraints.
Probing time = 0.29 sec. (524.83 ticks)
Tried aggregator 1 time.
MIP Presolve eliminated 37 rows and 282 columns.
MIP Presolve modified 212 coefficients.
Reduced MIP has 25344 rows, 2024 columns, and 1079505 nonzeros.
Reduced MIP has 2013 binaries, 0 generals, 0 SOSs, and 0 indicators.
Presolve time = 0.43 sec. (1008.93 ticks)
Probing time = 0.03 sec. (36.40 ticks)
Tried aggregator 1 time.
Detecting symmetries...
Reduced MIP has 25344 rows, 2024 columns, and 1079505 nonzeros.
Reduced MIP has 2013 binaries, 0 generals, 0 SOSs, and 0 indicators.
Presolve time = 0.24 sec. (523.45 ticks)
Probing time = 0.02 sec. (35.10 ticks)
Clique table members: 529735.
MIP emphasis: optimality.
MIP search method: dynamic search.
Parallel mode: deterministic, using up to 20 threads.
Root relaxation solution time = 1.99 sec. (932.97 ticks)

        Nodes                                         Cuts/
   Node  Left     Objective  IInf  Best Integer    Best Bound    ItCnt     Gap

*     0+    0                          103.4363       -7.9297           107.67%
      0     0       37.8457   202      103.4363       37.8457       17   63.41%
      0     0       38.6492   209      103.4363      Cuts: 45     1641   62.63%
*     0+    0                           62.4304       38.6492            38.09%
      0     0       39.0079   194       62.4304      Cuts: 23     2473   37.52%
      0     0       39.1142   214       62.4304      Cuts: 25     2726   37.35%
      0     0       39.1400   210       62.4304      Cuts: 12     2829   37.31%
      0     0       39.1471   213       62.4304       Cuts: 9     2879   37.29%
Detecting symmetries...
      0     0       39.1511   213       62.4304   ZeroHalf: 4     2901   37.29%
      0     0       39.1537   202       62.4304       Cuts: 7     2929   37.28%
      0     0       39.1554   204       62.4304       Cuts: 3     2963   37.28%
      0     0       39.1664   215       62.4304       Cuts: 5     3132   37.26%
*     0+    0                           44.7310       39.1664            12.44%
      0     0       39.1782   241       44.7310       Cuts: 9     3309    7.95%
*     0+    0                           42.9909       41.1748             4.22%
Detecting symmetries...
      0     2       39.1782   241       42.9909       41.1748     3309    4.22%
Elapsed time = 17.43 sec. (31052.79 ticks, tree = 0.02 MB, solutions = 4)
      1     3       39.4739   306       42.9909       41.1748     3839    4.22%
      4     2        cutoff             42.9909       41.1748     4478    4.22%
      5     4       39.7900   211       42.9909       41.1748     4943    4.22%
      8     4       40.2063   169       42.9909       41.1748     5383    4.22%
     11     5       41.5626   110       42.9909       41.1748     6965    4.22%
     17     5       40.5327   155       42.9909       41.1748     6669    4.22%
     24     8       41.5892   272       42.9909       41.1748     8142    4.22%
     39     9        cutoff             42.9909       41.3833    11444    3.74%
     52     9       42.5150    56       42.9909       41.3833    13107    3.74%
    240    26       41.9926    87       42.9909       41.8840    29599    2.57%
Elapsed time = 26.57 sec. (34780.63 ticks, tree = 0.02 MB, solutions = 4)
    314    47        cutoff             42.9909       41.8840    51777    2.57%
    406    22       42.7667    48       42.9909       41.8840    64738    2.57%
    560    21       42.8807    63       42.9909       41.8840    72699    2.57%
    694    24       42.2321   215       42.9909       41.8840   101986    2.57%
    817    16       42.7763    77       42.9909       41.9369   120337    2.45%
    899    12       42.5173    80       42.9909       42.0993   129169    2.07%
    948     8        cutoff             42.9909       42.4806   141404    1.19%

Clique cuts applied:  19
Cover cuts applied:  2
Implied bound cuts applied:  3
Mixed integer rounding cuts applied:  3
Zero-half cuts applied:  16
Gomory fractional cuts applied:  3

Root node processing (before b&c):
  Real time             =   17.27 sec. (30738.64 ticks)
Parallel b&c, 20 threads:
  Real time             =   30.36 sec. (10943.95 ticks)
  Sync time (average)   =   14.50 sec.
  Wait time (average)   =    0.00 sec.
                          ------------
Total (root+branch&cut) =   47.63 sec. (41682.59 ticks)
Truck arcs:
0 11
1 3
3 8
5 12
6 5
8 6
10 13
11 1
12 10
customer 2 is served by drone
start of this sortie: 5
end of this sortie: 13

customer 4 is served by drone
start of this sortie: 8
end of this sortie: 6

customer 7 is served by drone
start of this sortie: 0
end of this sortie: 8

customer 9 is served by drone
start of this sortie: 6
end of this sortie: 5

42.9909
In write mode
