Instance name: /home/cuong/CLionProjects/uMV-FSTSP/rand_generated_instances/v25
Write arg val: 1

drone speed: 1 miles/minute
uav non-eligible customer: 5 10 11 14 
Printing tau:
0 16.7444 8.69727 9.34432 7.11831 8.48083 19.5943 19.4184 7.06094 10.7029 2.13414 12.2471 15.8016 0 
16.7444 0 8.04713 13.5479 13.6332 8.26357 2.98449 3.10944 9.68345 9.01188 14.6103 4.4973 1.09434 16.7444 
8.69727 8.04713 0 13.9155 5.58605 0.809447 10.897 10.7212 6.0573 3.86306 8.17595 3.54983 7.1043 8.69727 
9.34432 13.5479 13.9155 0 14.194 13.1061 10.5635 10.4385 7.85824 17.7786 7.21018 17.2542 12.4536 9.34432 
7.11831 13.6332 5.58605 14.194 0 5.36961 16.4831 16.3072 6.33577 4.6213 8.45442 9.13588 12.6904 7.11831 
8.48083 8.26357 0.809447 13.1061 5.36961 0 11.1135 10.9376 5.24786 4.67251 7.36651 4.14812 7.32074 8.48083 
19.5943 2.98449 10.897 10.5635 16.4831 11.1135 0 0.175864 12.5334 11.8618 17.4602 7.3472 3.79273 19.5943 
19.4184 3.10944 10.7212 10.4385 16.3072 10.9376 0.175864 0 12.3575 11.6859 17.2843 7.17134 3.61687 19.4184 
7.06094 9.68345 6.0573 7.85824 6.33577 5.24786 12.5334 12.3575 0 9.92037 4.92681 9.39598 8.74062 7.06094 
10.7029 9.01188 3.86306 17.7786 4.6213 4.67251 11.8618 11.6859 9.92037 0 12.039 4.51459 8.06906 10.7029 
2.13414 14.6103 8.17595 7.21018 8.45442 7.36651 17.4602 17.2843 4.92681 12.039 0 11.5146 13.6674 2.13414 
12.2471 4.4973 3.54983 17.2542 9.13588 4.14812 7.3472 7.17134 9.39598 4.51459 11.5146 0 4.80062 12.2471 
15.8016 1.09434 7.1043 12.4536 12.6904 7.32074 3.79273 3.61687 8.74062 8.06906 13.6674 4.80062 0 15.8016 
0 0 0 0 0 0 0 0 0 0 0 0 0 0 
Printing tau_prime:
0 8.46253 5.21592 5.52533 3.66212 4.90556 9.38203 9.29019 3.34894 6.2244 1.18694 7.50694 7.86852 0 
8.46253 0 3.79741 7.27718 6.43395 3.90105 1.94532 1.93328 5.29448 4.69308 7.80925 2.74721 0.680931 8.46253 
5.21592 3.79741 0 6.56694 2.63656 0.394983 5.37446 5.31316 2.9578 1.877 4.94235 2.29725 3.41917 5.21592 
5.52533 7.27718 6.56694 0 7.30786 6.19167 6.9386 6.83862 3.85763 8.41529 4.34434 8.24802 6.61292 5.52533 
3.66212 6.43395 2.63656 7.30786 0 2.58269 7.95645 7.88852 3.51954 2.75704 4.01198 4.54189 6.03829 3.66212 
4.90556 3.90105 0.394983 6.19167 2.58269 0 5.37431 5.30717 2.56281 2.23071 4.58369 2.6412 3.46471 4.90556 
9.38203 1.94532 5.37446 6.9386 7.95645 5.37431 0 0.101697 6.04434 6.5449 8.53915 4.68444 1.99764 9.38203 
9.29019 1.93328 5.31316 6.83862 7.88852 5.30717 0.101697 0 5.95101 6.50535 8.44363 4.66386 1.95177 9.29019 
3.34894 5.29448 2.9578 3.85763 3.51954 2.56281 6.04434 5.95101 0 4.68721 2.52816 5.05922 4.65513 3.34894 
6.2244 4.69308 1.877 8.41529 2.75704 2.23071 6.5449 6.50535 4.68721 0 6.25886 2.14251 4.55742 6.2244 
1.18694 7.80925 4.94235 4.34434 4.01198 4.58369 8.53915 8.44363 2.52816 6.25886 0 7.22432 7.17831 1.18694 
7.50694 2.74721 2.29725 8.24802 4.54189 2.6412 4.68444 4.66386 5.05922 2.14251 7.22432 0 2.81583 7.50694 
7.86852 0.680931 3.41917 6.61292 6.03829 3.46471 1.99764 1.95177 4.65513 4.55742 7.17831 2.81583 0 7.86852 
0 0 0 0 0 0 0 0 0 0 0 0 0 0 
Printing number of nodes: 13

Version identifier: 22.1.1.0 | 2022-11-28 | 9160aff4d
CPXPARAM_ClockType                               0
CPXPARAM_Emphasis_MIP                            2
CPXPARAM_MIP_Tolerances_Integrality              0
Tried aggregator 2 times.
MIP Presolve eliminated 3653 rows and 837 columns.
MIP Presolve modified 2665 coefficients.
Aggregator did 2 substitutions.
Reduced MIP has 22725 rows, 1890 columns, and 934289 nonzeros.
Reduced MIP has 1881 binaries, 0 generals, 0 SOSs, and 0 indicators.
Presolve time = 0.37 sec. (870.74 ticks)
Found incumbent of value 135.437077 after 0.72 sec. (1521.18 ticks)
Probing fixed 202 vars, tightened 0 bounds.
Probing changed sense of 54 constraints.
Probing time = 0.30 sec. (393.28 ticks)
Tried aggregator 1 time.
MIP Presolve eliminated 75 rows and 256 columns.
MIP Presolve modified 48 coefficients.
Reduced MIP has 22650 rows, 1634 columns, and 933029 nonzeros.
Reduced MIP has 1625 binaries, 0 generals, 0 SOSs, and 0 indicators.
Presolve time = 0.27 sec. (631.03 ticks)
Probing time = 0.03 sec. (33.54 ticks)
Tried aggregator 1 time.
Detecting symmetries...
Reduced MIP has 22650 rows, 1634 columns, and 933029 nonzeros.
Reduced MIP has 1625 binaries, 0 generals, 0 SOSs, and 0 indicators.
Presolve time = 0.22 sec. (446.51 ticks)
Probing time = 0.02 sec. (31.85 ticks)
Clique table members: 456823.
MIP emphasis: optimality.
MIP search method: dynamic search.
Parallel mode: deterministic, using up to 20 threads.
Root relaxation solution time = 1.73 sec. (709.63 ticks)

        Nodes                                         Cuts/
   Node  Left     Objective  IInf  Best Integer    Best Bound    ItCnt     Gap

*     0+    0                          135.4371      -10.2965           107.60%
      0     0       42.1421   151      135.4371       42.1421     1410   68.88%
*     0+    0                           73.3368       42.1421            42.54%
*     0+    0                           66.5785       42.1421            36.70%
      0     0       43.0933   131       66.5785      Cuts: 68     3369   35.27%
      0     0       43.0947   143       66.5785      Cuts: 23     3580   35.27%
*     0+    0                           65.5228       43.0947            34.23%
      0     0       43.0971   140       65.5228      Cuts: 21     3767   34.23%
*     0+    0                           50.9482       43.0971            15.41%
      0     0  -1.00000e+75     0       50.9482       43.0971     3767   15.41%
      0     0       43.0975   162       50.9482      Cuts: 16     3847   15.41%
      0     0       43.0980   153       50.9482       Cuts: 9     3959   15.41%
Detecting symmetries...
      0     0       43.0987   151       50.9482       Cuts: 6     4061   15.41%
*     0+    0                           48.8536       43.0987            11.78%
*     0+    0                           47.7017       43.0987             9.65%
*     0+    0                           47.0490       43.0987             8.40%
Detecting symmetries...
      0     2       43.0987   150       47.0490       43.0987     4061    8.40%
Elapsed time = 14.97 sec. (23128.42 ticks, tree = 0.02 MB, solutions = 8)
      1     3       43.5182   131       47.0490       43.0999     5011    8.39%
      3     4       43.6028   138       47.0490       43.0999     5286    8.39%
      7     7       43.2333    82       47.0490       43.2333     7232    8.11%
     12    14       43.9025   177       47.0490       43.2333     8884    8.11%
     32    27       46.5532   246       47.0490       43.2333    10818    8.11%
*    47+    7                           46.5933       43.2333             7.21%
     49     9       43.2333    86       46.5933       43.2333     7603    7.21%
*    54+   14                           45.6867       43.2333             5.37%
     76    29       43.3084   272       45.6867       43.2333    18740    5.37%
    114    42       44.8188   209       45.6867       43.2333    23792    5.37%
    144    56        cutoff             45.6867       43.2333    32757    5.37%
*   259    84      integral     0       45.0817       43.2333    41152    4.10%
    293    98       44.9162     8       45.0817       43.2333    46001    4.10%
Elapsed time = 25.77 sec. (27222.77 ticks, tree = 0.11 MB, solutions = 12)
*   339    85      integral     0       45.0677       43.2333    47239    4.07%
    553    66        cutoff             45.0677       43.2333    66865    4.07%
*   621    69      integral     0       44.9162       43.2333    68089    3.75%
    716     9        cutoff             44.9162       43.5046    88297    3.14%
    761     3        cutoff             44.9162       44.5007    94520    0.93%

Clique cuts applied:  17
Cover cuts applied:  1
Flow cuts applied:  3
Zero-half cuts applied:  22
Gomory fractional cuts applied:  1

Root node processing (before b&c):
  Real time             =   14.23 sec. (22910.46 ticks)
Parallel b&c, 20 threads:
  Real time             =   20.86 sec. (7624.20 ticks)
  Sync time (average)   =    8.97 sec.
  Wait time (average)   =    0.00 sec.
                          ------------
Total (root+branch&cut) =   35.10 sec. (30534.67 ticks)
Truck arcs:
0 5
1 6
2 11
5 2
6 7
7 12
8 10
10 13
11 1
12 8
customer 3 is served by drone
start of this sortie: 12
end of this sortie: 13

customer 4 is served by drone
start of this sortie: 0
end of this sortie: 5

customer 9 is served by drone
start of this sortie: 5
end of this sortie: 12

44.9162
In write mode
