Instance name: /home/cuong/CLionProjects/uMV-FSTSP/rand_generated_instances/v26
Write arg val: 1

drone speed: 1 miles/minute
uav non-eligible customer: 1 2 14 
Printing tau:
0 16.4813 3.58458 8.304 10.4181 11.5076 9.70156 10.2166 3.70158 2.34499 3.91528 10.7148 1.6813 0 
16.4813 0 12.8967 8.17728 6.06319 4.97371 6.77972 6.26468 14.1802 18.2151 12.566 7.10505 14.8 16.4813 
3.58458 12.8967 0 5.10809 6.8335 7.92298 6.11697 6.63201 6.94704 5.31839 0.332976 7.13018 3.47285 3.58458 
8.304 8.17728 5.10809 0 2.11409 3.20357 6.27898 1.9126 6.00289 10.0378 4.77511 10.7646 6.6227 8.304 
10.4181 6.06319 6.8335 2.11409 0 2.50517 4.82095 2.41118 8.11697 12.1519 6.50281 9.30659 8.73678 10.4181 
11.5076 4.97371 7.92298 3.20357 2.50517 0 7.32612 1.29097 9.20645 13.2414 7.59229 11.8118 9.82626 11.5076 
9.70156 6.77972 6.11697 6.27898 4.82095 7.32612 0 7.23213 8.11793 11.4354 5.78628 4.48563 8.02025 9.70156 
10.2166 6.26468 6.63201 1.9126 2.41118 1.29097 7.23213 0 7.91548 11.9504 6.30132 11.7178 8.53529 10.2166 
3.70158 14.1802 6.94704 6.00289 8.11697 9.20645 8.11793 7.91548 0 6.04656 6.61407 12.6036 3.47419 3.70158 
2.34499 18.2151 5.31839 10.0378 12.1519 13.2414 11.4354 11.9504 6.04656 0 5.64908 12.4486 3.41511 2.34499 
3.91528 12.566 0.332976 4.77511 6.50281 7.59229 5.78628 6.30132 6.61407 5.64908 0 6.79949 3.13987 3.91528 
10.7148 7.10505 7.13018 10.7646 9.30659 11.8118 4.48563 11.7178 12.6036 12.4486 6.79949 0 9.12937 10.7148 
1.6813 14.8 3.47285 6.6227 8.73678 9.82626 8.02025 8.53529 3.47419 3.41511 3.13987 9.12937 0 1.6813 
0 0 0 0 0 0 0 0 0 0 0 0 0 0 
Printing tau_prime:
0 7.81539 2.27949 4.01181 4.91483 5.59545 5.02492 4.99572 2.05463 1.37478 2.30034 6.56678 0.799789 0 
7.81539 0 6.11779 4.22322 3.0408 3.22803 3.42624 3.66737 7.16955 8.59056 5.94697 4.31366 7.04173 7.81539 
2.27949 6.11779 0 3.2784 3.65208 4.72959 2.93592 4.23536 3.33029 2.54279 0.221224 4.29045 1.86685 2.27949 
4.01181 4.22322 3.2784 0 1.21062 1.5888 3.03237 1.00736 2.95959 5.13077 3.05733 5.20019 3.21573 4.01181 
4.91483 3.0408 3.65208 1.21062 0 1.28779 2.29758 1.1406 4.12998 5.87327 3.44124 4.3894 4.11941 4.91483 
5.59545 3.22803 4.72959 1.5888 1.28779 0 3.55696 0.610179 4.35599 6.71559 4.51027 5.58064 4.80163 5.59545 
5.02492 3.42624 2.93592 3.03237 2.29758 3.55696 0 3.41789 5.17832 5.4784 2.8183 2.16782 4.3688 5.02492 
4.99572 3.66737 4.23536 1.00736 1.1406 0.610179 3.41789 0 3.75469 6.13633 4.01441 5.5288 4.20452 4.99572 
2.05463 7.16955 3.33029 2.95959 4.12998 4.35599 5.17832 3.75469 0 3.42674 3.20941 7.1436 1.66361 2.05463 
1.37478 8.59056 2.54279 5.13077 5.87327 6.71559 5.4784 6.13633 3.42674 0 2.67641 6.6326 2.0155 1.37478 
2.30034 5.94697 0.221224 3.05733 3.44124 4.51027 2.8183 4.01441 3.20941 2.67641 0 4.27154 1.81656 2.30034 
6.56678 4.31366 4.29045 5.20019 4.3894 5.58064 2.16782 5.5288 7.1436 6.6326 4.27154 0 6.05436 6.56678 
0.799789 7.04173 1.86685 3.21573 4.11941 4.80163 4.3688 4.20452 1.66361 2.0155 1.81656 6.05436 0 0.799789 
0 0 0 0 0 0 0 0 0 0 0 0 0 0 
Printing number of nodes: 13

Version identifier: 22.1.1.0 | 2022-11-28 | 9160aff4d
CPXPARAM_ClockType                               0
CPXPARAM_Emphasis_MIP                            2
CPXPARAM_MIP_Tolerances_Integrality              0
Tried aggregator 2 times.
MIP Presolve eliminated 1870 rows and 604 columns.
MIP Presolve modified 3385 coefficients.
Aggregator did 2 substitutions.
Reduced MIP has 24312 rows, 2123 columns, and 1018039 nonzeros.
Reduced MIP has 2113 binaries, 0 generals, 0 SOSs, and 0 indicators.
Presolve time = 0.40 sec. (931.60 ticks)
Found incumbent of value 97.787550 after 0.78 sec. (1647.72 ticks)
Probing fixed 239 vars, tightened 0 bounds.
Probing changed sense of 40 constraints.
Probing time = 0.26 sec. (450.33 ticks)
Tried aggregator 1 time.
MIP Presolve eliminated 58 rows and 279 columns.
MIP Presolve modified 53 coefficients.
Reduced MIP has 24254 rows, 1844 columns, and 1016681 nonzeros.
Reduced MIP has 1834 binaries, 0 generals, 0 SOSs, and 0 indicators.
Presolve time = 0.41 sec. (953.17 ticks)
Probing time = 0.03 sec. (33.05 ticks)
Tried aggregator 1 time.
Detecting symmetries...
Reduced MIP has 24254 rows, 1844 columns, and 1016681 nonzeros.
Reduced MIP has 1834 binaries, 0 generals, 0 SOSs, and 0 indicators.
Presolve time = 0.23 sec. (491.68 ticks)
Probing time = 0.02 sec. (32.23 ticks)
Clique table members: 503351.
MIP emphasis: optimality.
MIP search method: dynamic search.
Parallel mode: deterministic, using up to 20 threads.
Root relaxation solution time = 1.42 sec. (666.20 ticks)

        Nodes                                         Cuts/
   Node  Left     Objective  IInf  Best Integer    Best Bound    ItCnt     Gap

*     0+    0                           97.7876      -12.0000           112.27%
      0     0       39.9648    74       97.7876       39.9648     2510   59.13%
*     0+    0                           48.9465       39.9648            18.35%
*     0+    0                           42.5253       39.9648             6.02%
*     0+    0                           39.9648       39.9648             0.00%
      0     0  -1.00000e+75     0       39.9648       39.9648     2510    0.00%
      0     0        cutoff             39.9648       39.9648     2510    0.00%
Elapsed time = 5.63 sec. (9180.79 ticks, tree = 0.01 MB, solutions = 4)

Root node processing (before b&c):
  Real time             =    5.63 sec. (9183.98 ticks)
Parallel b&c, 20 threads:
  Real time             =    0.00 sec. (0.00 ticks)
  Sync time (average)   =    0.00 sec.
  Wait time (average)   =    0.00 sec.
                          ------------
Total (root+branch&cut) =    5.63 sec. (9183.98 ticks)
Truck arcs:
0 12
1 6
2 13
3 7
5 1
6 10
7 5
10 2
12 3
customer 4 is served by drone
start of this sortie: 7
end of this sortie: 1

customer 8 is served by drone
start of this sortie: 6
end of this sortie: 13

customer 9 is served by drone
start of this sortie: 0
end of this sortie: 7

customer 11 is served by drone
start of this sortie: 1
end of this sortie: 6

39.9648
In write mode
