Instance name: /home/cuong/CLionProjects/uMV-FSTSP/rand_generated_instances/v31
Write arg val: 1

drone speed: 1 miles/minute
uav non-eligible customer: 14 
Printing tau:
0 11.6369 9.90486 5.16774 6.98318 13.8078 6.28885 16.1285 5.78173 8.92902 11.0819 5.46958 9.70992 0 
11.6369 0 14.177 6.54218 10.1248 4.38411 5.87191 4.49159 9.54174 4.99354 3.35614 9.74172 2.94963 11.6369 
9.90486 14.177 0 7.63481 16.888 9.79288 8.30508 14.1293 15.6866 9.18345 10.8208 5.25846 17.1266 9.90486 
5.16774 6.54218 7.63481 0 9.25322 8.64011 1.12111 10.9607 8.05177 3.76128 5.91412 3.19954 9.49181 5.16774 
6.98318 10.1248 16.888 9.25322 0 12.2958 8.58295 14.6164 1.20145 7.70458 9.5698 12.4528 8.19786 6.98318 
13.8078 4.38411 9.79288 8.64011 12.2958 0 7.519 4.33642 11.7127 4.87883 2.72599 10.3293 7.33375 13.8078 
6.28885 5.87191 8.30508 1.12111 8.58295 7.519 0 9.83963 7.38151 2.64017 4.793 3.86981 8.82154 6.28885 
16.1285 4.49159 14.1293 10.9607 14.6164 4.33642 9.83963 0 14.0333 7.19946 5.04663 12.65 6.41856 16.1285 
5.78173 9.54174 15.6866 8.05177 1.20145 11.7127 7.38151 14.0333 0 6.83387 8.98671 11.2513 7.61477 5.78173 
8.92902 4.99354 9.18345 3.76128 7.70458 4.87883 2.64017 7.19946 6.83387 0 2.15284 5.45052 7.94317 8.92902 
11.0819 3.35614 10.8208 5.91412 9.5698 2.72599 4.793 5.04663 8.98671 2.15284 0 7.60335 6.30577 11.0819 
5.46958 9.74172 5.25846 3.19954 12.4528 10.3293 3.86981 12.65 11.2513 5.45052 7.60335 0 12.6913 5.46958 
9.70992 2.94963 17.1266 9.49181 8.19786 7.33375 8.82154 6.41856 7.61477 7.94317 6.30577 12.6913 0 9.70992 
0 0 0 0 0 0 0 0 0 0 0 0 0 0 
Printing tau_prime:
0 5.84367 6.22612 2.66077 3.36819 6.5093 3.05901 7.85951 2.89897 4.2229 5.24185 3.05564 5.70451 0 
5.84367 0 6.82148 4.33718 4.94103 2.3062 3.74406 2.11747 4.55397 2.67781 1.60359 5.99 1.66089 5.84367 
6.22612 6.82148 0 3.97296 8.65904 5.1986 4.0816 7.51697 8.03026 4.33007 5.21939 3.24288 8.08658 6.22612 
2.66077 4.33718 3.97296 0 4.69009 4.19812 0.615748 6.00585 4.06262 1.91749 3.16676 1.70558 4.96042 2.66077 
3.36819 4.94103 8.65904 4.69009 0 6.69208 4.63045 7.0119 0.629545 5.04143 5.34149 5.94303 3.86615 3.36819 
6.5093 2.3062 5.1986 4.19812 6.69208 0 3.61321 2.31852 6.18103 2.31778 1.37338 5.48532 3.96027 6.5093 
3.05901 3.74406 4.0816 0.615748 4.63045 3.61321 0 5.39011 4.00205 1.31166 2.55177 2.25455 4.46028 3.05901 
7.85951 2.11747 7.51697 6.00585 7.0119 2.31852 5.39011 0 6.65598 4.11754 2.84465 7.51289 3.33939 7.85951 
2.89897 4.55397 8.03026 4.06262 0.629545 6.18103 4.00205 6.65598 0 4.44704 4.81747 5.34386 3.65326 2.89897 
4.2229 2.67781 4.33007 1.91749 5.04143 2.31778 1.31166 4.11754 4.44704 0 1.27504 3.40762 3.7625 4.2229 
5.24185 1.60359 5.21939 3.16676 5.34149 1.37338 2.55177 2.84465 4.81747 1.27504 0 4.68061 3.04211 5.24185 
3.05564 5.99 3.24288 1.70558 5.94303 5.48532 2.25455 7.51289 5.34386 3.40762 4.68061 0 6.66501 3.05564 
5.70451 1.66089 8.08658 4.96042 3.86615 3.96027 4.46028 3.33939 3.65326 3.7625 3.04211 6.66501 0 5.70451 
0 0 0 0 0 0 0 0 0 0 0 0 0 0 
Printing number of nodes: 13

Version identifier: 22.1.1.0 | 2022-11-28 | 9160aff4d
CPXPARAM_ClockType                               0
CPXPARAM_Emphasis_MIP                            2
CPXPARAM_MIP_Tolerances_Integrality              0
Tried aggregator 1 time.
MIP Presolve eliminated 362 rows and 241 columns.
MIP Presolve modified 4132 coefficients.
Reduced MIP has 25430 rows, 2488 columns, and 1093077 nonzeros.
Reduced MIP has 2476 binaries, 0 generals, 0 SOSs, and 0 indicators.
Presolve time = 0.40 sec. (1084.64 ticks)
Found incumbent of value 110.551950 after 0.82 sec. (1892.59 ticks)
Probing fixed 280 vars, tightened 0 bounds.
Probing time = 0.37 sec. (559.17 ticks)
Tried aggregator 1 time.
MIP Presolve eliminated 15 rows and 280 columns.
MIP Presolve modified 201 coefficients.
Reduced MIP has 25415 rows, 2208 columns, and 1091645 nonzeros.
Reduced MIP has 2196 binaries, 0 generals, 0 SOSs, and 0 indicators.
Presolve time = 0.27 sec. (700.68 ticks)
Probing time = 0.03 sec. (36.53 ticks)
Tried aggregator 1 time.
Detecting symmetries...
Reduced MIP has 25415 rows, 2208 columns, and 1091645 nonzeros.
Reduced MIP has 2196 binaries, 0 generals, 0 SOSs, and 0 indicators.
Presolve time = 0.25 sec. (540.16 ticks)
Probing time = 0.10 sec. (36.63 ticks)
Clique table members: 537975.
MIP emphasis: optimality.
MIP search method: dynamic search.
Parallel mode: deterministic, using up to 20 threads.
Root relaxation solution time = 1.86 sec. (930.35 ticks)

        Nodes                                         Cuts/
   Node  Left     Objective  IInf  Best Integer    Best Bound    ItCnt     Gap

*     0+    0                          110.5519      -12.0000           110.85%
      0     0       37.8220   177      110.5519       37.8220       16   65.79%
*     0+    0                           75.8328       37.8220            50.12%
      0     0       38.0832   187       75.8328      Cuts: 77      984   49.78%
      0     0       38.1358   213       75.8328      Cuts: 25     1286   49.71%
      0     0       38.1733   223       75.8328      Cuts: 13     1381   49.66%
*     0+    0                           45.8644       38.1733            16.77%
      0     0  -1.00000e+75     0       45.8644       38.1733     1381   16.77%
      0     0       38.1780   225       45.8644       Cuts: 9     1423   16.76%
      0     0       38.1858   227       45.8644       Cuts: 7     1462   16.74%
Detecting symmetries...
      0     0       38.1995   218       45.8644       Cuts: 6     1510   16.71%
      0     0       38.2145   228       45.8644       Cuts: 8     1555   16.68%
      0     0       38.2186   223       45.8644       Cuts: 4     1614   16.67%
      0     0       38.2224   232       45.8644       Cuts: 5     1646   16.66%
*     0+    0                           41.3682       38.2224             7.60%
      0     0       38.2345   228       41.3682       Cuts: 2     1727    7.58%
Detecting symmetries...

Repeating presolve.
Tried aggregator 1 time.
MIP Presolve eliminated 673 rows and 632 columns.
MIP Presolve modified 6982 coefficients.
Reduced MIP has 24730 rows, 1576 columns, and 751771 nonzeros.
Reduced MIP has 1564 binaries, 0 generals, 0 SOSs, and 0 indicators.
Presolve time = 0.75 sec. (3581.83 ticks)
Probing time = 0.03 sec. (30.55 ticks)
Tried aggregator 1 time.
Detecting symmetries...
MIP Presolve eliminated 42 rows and 0 columns.
MIP Presolve modified 117 coefficients.
Reduced MIP has 24686 rows, 1576 columns, and 751555 nonzeros.
Reduced MIP has 1564 binaries, 0 generals, 0 SOSs, and 0 indicators.
Presolve time = 0.23 sec. (688.83 ticks)
Represolve time = 1.11 sec. (4419.82 ticks)
Probing time = 0.02 sec. (30.22 ticks)
Clique table members: 271173.
MIP emphasis: optimality.
MIP search method: dynamic search.
Parallel mode: deterministic, using up to 20 threads.
Root relaxation solution time = 3.16 sec. (993.52 ticks)

        Nodes                                         Cuts/
   Node  Left     Objective  IInf  Best Integer    Best Bound    ItCnt     Gap

*     0+    0                           41.3682       38.2345             7.58%
      0     0       38.2345   228       41.3682       38.2345     1760    7.58%
*     0+    0                           41.3226       38.2345             7.47%
      0     0       38.2856   197       41.3226      Cuts: 16     1998    7.35%
      0     0       38.3148   213       41.3226      Cuts: 18     2137    7.28%
*     0+    0                           39.7623       38.3148             3.64%
      0     0       38.3328   215       39.7623      Cuts: 14     2270    3.45%
*     0+    0                           39.5687       38.3917             2.97%
      0     0       38.3333   221       39.5687      Cuts: 14     2296    2.97%
      0     0       38.3347   223       39.5687       Cuts: 6     2332    2.97%
      0     0        cutoff             39.5687       39.5687     2332    0.00%
Elapsed time = 20.13 sec. (32501.57 ticks, tree = 0.01 MB, solutions = 7)

Clique cuts applied:  20
Implied bound cuts applied:  2
Mixed integer rounding cuts applied:  9
Zero-half cuts applied:  20
Gomory fractional cuts applied:  2

Root node processing (before b&c):
  Real time             =   20.14 sec. (32503.96 ticks)
Parallel b&c, 20 threads:
  Real time             =    0.00 sec. (0.00 ticks)
  Sync time (average)   =    0.00 sec.
  Wait time (average)   =    0.00 sec.
                          ------------
Total (root+branch&cut) =   20.14 sec. (32503.96 ticks)
Truck arcs:
0 3
1 12
3 6
4 8
6 9
8 13
9 10
10 1
12 4
customer 2 is served by drone
start of this sortie: 12
end of this sortie: 13

customer 5 is served by drone
start of this sortie: 3
end of this sortie: 10

customer 7 is served by drone
start of this sortie: 10
end of this sortie: 12

customer 11 is served by drone
start of this sortie: 0
end of this sortie: 3

39.5687
In write mode
