Instance name: /home/cuong/CLionProjects/uMV-FSTSP/rand_generated_instances/v33
Write arg val: 1

drone speed: 1 miles/minute
uav non-eligible customer: 14 
Printing tau:
0 5.78518 7.5336 13.249 14.1688 1.09257 9.43897 5.03738 4.05892 5.00845 10.6087 8.60791 4.51094 0 
5.78518 0 13.3188 8.9974 19.954 5.4394 15.2242 3.0091 8.7858 10.7936 14.4072 7.3879 8.76249 5.78518 
7.5336 13.3188 0 6.77756 6.63519 7.87937 4.02513 10.3097 10.5303 2.52515 4.1373 5.93087 10.9823 7.5336 
13.249 8.9974 6.77756 0 11.502 12.1564 10.8027 8.21158 17.3079 8.45096 5.95522 4.64105 17.7599 13.249 
14.1688 19.954 6.63519 11.502 0 14.5146 4.72981 16.9449 11.1682 9.16034 8.32874 12.5661 12.0894 14.1688 
1.09257 5.4394 7.87937 12.1564 14.5146 0 9.78475 3.94481 5.15149 5.35422 9.51613 7.51534 5.60351 1.09257 
9.43897 15.2242 4.02513 10.8027 4.72981 9.78475 0 12.2151 6.5052 4.43053 8.16242 7.83625 7.35958 9.43897 
5.03738 3.0091 10.3097 8.21158 16.9449 3.94481 12.2151 0 9.09629 7.78452 11.3981 4.3788 9.54831 5.03738 
4.05892 8.7858 10.5303 17.3079 11.1682 5.15149 6.5052 9.09629 0 8.85692 14.6676 12.6668 0.921231 4.05892 
5.00845 10.7936 2.52515 8.45096 9.16034 5.35422 4.43053 7.78452 8.85692 0 5.8107 3.80991 9.30894 5.00845 
10.6087 14.4072 4.1373 5.95522 8.32874 9.51613 8.16242 11.3981 14.6676 5.8107 0 7.01932 15.1196 10.6087 
8.60791 7.3879 5.93087 4.64105 12.5661 7.51534 7.83625 4.3788 12.6668 3.80991 7.01932 0 13.1188 8.60791 
4.51094 8.76249 10.9823 17.7599 12.0894 5.60351 7.35958 9.54831 0.921231 9.30894 15.1196 13.1188 0 4.51094 
0 0 0 0 0 0 0 0 0 0 0 0 0 0 
Printing tau_prime:
0 3.38441 4.68174 6.37089 6.76515 0.540219 4.59658 2.71137 2.37947 3.26957 6.44436 4.12755 2.34153 0 
3.38441 0 6.36514 5.81931 9.45219 2.96522 7.22701 1.46608 5.70096 5.09468 7.42341 4.04307 5.55043 3.38441 
4.68174 6.36514 0 3.93335 3.69967 4.49732 2.09932 4.90682 5.40443 1.42803 2.01671 2.97171 5.78043 4.68174 
6.37089 5.81931 3.93335 0 7.49243 5.90393 6.01036 4.64412 8.16053 4.13392 3.07085 2.24458 8.37667 6.37089 
6.76515 9.45219 3.69967 7.49243 0 6.86509 2.23103 8.09296 6.05364 4.4784 4.71721 6.63239 6.53656 6.76515 
0.540219 2.96522 4.49732 5.90393 6.86509 0 4.65651 2.18418 2.89583 3.06949 6.16403 3.6599 2.8783 0.540219 
4.59658 7.22701 2.09932 6.01036 2.23103 4.65651 0 5.88635 4.31457 2.36456 3.86703 4.69923 4.77415 4.59658 
2.71137 1.46608 4.90682 4.64412 8.09296 2.18418 5.88635 0 5.07965 3.67139 5.98065 2.66344 5.04966 2.71137 
2.37947 5.70096 5.40443 8.16053 6.05364 2.89583 4.31457 5.07965 0 4.28113 7.4048 6.00745 0.483733 2.37947 
3.26957 5.09468 1.42803 4.13392 4.4784 3.06949 2.36456 3.67139 4.28113 0 3.22567 2.40898 4.60038 3.26957 
6.44436 7.42341 2.01671 3.07085 4.71721 6.16403 3.86703 5.98065 7.4048 3.22567 0 3.44074 7.76616 6.44436 
4.12755 4.04307 2.97171 2.24458 6.63239 3.6599 4.69923 2.66344 6.00745 2.40898 3.44074 0 6.18837 4.12755 
2.34153 5.55043 5.78043 8.37667 6.53656 2.8783 4.77415 5.04966 0.483733 4.60038 7.76616 6.18837 0 2.34153 
0 0 0 0 0 0 0 0 0 0 0 0 0 0 
Printing number of nodes: 13

Version identifier: 22.1.1.0 | 2022-11-28 | 9160aff4d
CPXPARAM_ClockType                               0
CPXPARAM_Emphasis_MIP                            2
CPXPARAM_MIP_Tolerances_Integrality              0
Tried aggregator 1 time.
MIP Presolve eliminated 364 rows and 264 columns.
MIP Presolve modified 4028 coefficients.
Reduced MIP has 25428 rows, 2465 columns, and 1092971 nonzeros.
Reduced MIP has 2453 binaries, 0 generals, 0 SOSs, and 0 indicators.
Presolve time = 0.37 sec. (880.53 ticks)
Found incumbent of value 111.827691 after 0.81 sec. (1675.74 ticks)
Probing fixed 277 vars, tightened 0 bounds.
Probing time = 0.34 sec. (553.80 ticks)
Tried aggregator 1 time.
MIP Presolve eliminated 14 rows and 277 columns.
MIP Presolve modified 104 coefficients.
Reduced MIP has 25414 rows, 2188 columns, and 1091580 nonzeros.
Reduced MIP has 2176 binaries, 0 generals, 0 SOSs, and 0 indicators.
Presolve time = 0.26 sec. (692.80 ticks)
Probing time = 0.03 sec. (36.56 ticks)
Tried aggregator 1 time.
Detecting symmetries...
Reduced MIP has 25414 rows, 2188 columns, and 1091580 nonzeros.
Reduced MIP has 2176 binaries, 0 generals, 0 SOSs, and 0 indicators.
Presolve time = 0.25 sec. (543.53 ticks)
Probing time = 0.02 sec. (36.65 ticks)
Clique table members: 535481.
MIP emphasis: optimality.
MIP search method: dynamic search.
Parallel mode: deterministic, using up to 20 threads.
Root relaxation solution time = 2.23 sec. (1023.39 ticks)

        Nodes                                         Cuts/
   Node  Left     Objective  IInf  Best Integer    Best Bound    ItCnt     Gap

*     0+    0                          111.8277      -12.0000           110.73%
      0     0       36.5285   181      111.8277       36.5285       21   67.33%
*     0+    0                           47.0178       36.5285            22.31%
      0     0       36.7365   205       47.0178      Cuts: 64     1491   21.87%
      0     0       36.7821   206       47.0178      Cuts: 23     1705   21.77%
      0     0       36.8636   205       47.0178      Cuts: 23     2028   21.60%
*     0+    0                           43.9409       36.8636            16.11%
      0     0  -1.00000e+75     0       43.9409       36.8636     2028   16.11%
      0     0       36.8815   204       43.9409      Cuts: 11     2098   16.07%
      0     0       36.9311   194       43.9409       Cuts: 4     2291   15.95%
Detecting symmetries...
      0     0       36.9313   199       43.9409       Cuts: 8     2312   15.95%
      0     0       36.9347   197       43.9409       Cuts: 2     2412   15.94%
*     0+    0                           41.0217       36.9347             9.96%
Detecting symmetries...
      0     2       36.9347   197       41.0217       36.9347     2412    9.96%
Elapsed time = 13.43 sec. (22661.06 ticks, tree = 0.02 MB, solutions = 4)
      1     3       37.6787   133       41.0217       36.9347     3060    9.96%
      3     4       38.1003   123       41.0217       36.9347     3272    9.96%
      6     8       38.7137    44       41.0217       37.0963     4412    9.57%
     11     9       38.7137    35       41.0217       37.0975     4561    9.57%
     24    25       39.5581   253       41.0217       37.4515     9189    8.70%
*    25+   15                           40.5724       37.4515             7.69%
     42    10       38.7137    20       40.5724       37.4515     4854    7.69%
     74    33        cutoff             40.5724       37.4515    14010    7.69%
    115    42       40.3858    16       40.5724       37.4515    15987    7.69%
    157    51       39.4442    89       40.5724       37.4515    23057    7.69%
*   168    52      integral     0       39.4622       37.4530    22298    5.09%
    222    24        cutoff             39.4622       37.7811    34247    4.26%
Elapsed time = 24.37 sec. (26062.87 ticks, tree = 0.03 MB, solutions = 10)
    281     7        cutoff             39.4622       37.7811    44352    4.26%
    339     8        cutoff             39.4622       37.7811    54017    4.26%
    412    10       39.3782    77       39.4622       37.8394    64329    4.11%
    502     4        cutoff             39.4622       39.1161    81121    0.88%

Clique cuts applied:  6
Implied bound cuts applied:  1
Flow cuts applied:  1
Mixed integer rounding cuts applied:  3
Zero-half cuts applied:  19
Gomory fractional cuts applied:  2

Root node processing (before b&c):
  Real time             =   13.02 sec. (22422.19 ticks)
Parallel b&c, 20 threads:
  Real time             =   17.45 sec. (7773.80 ticks)
  Sync time (average)   =    8.43 sec.
  Wait time (average)   =    0.00 sec.
                          ------------
Total (root+branch&cut) =   30.47 sec. (30195.99 ticks)
Truck arcs:
0 5
2 6
5 7
6 8
7 11
8 12
9 2
11 9
12 13
customer 1 is served by drone
start of this sortie: 0
end of this sortie: 7

customer 3 is served by drone
start of this sortie: 7
end of this sortie: 9

customer 4 is served by drone
start of this sortie: 9
end of this sortie: 6

customer 10 is served by drone
start of this sortie: 6
end of this sortie: 13

39.4622
In write mode
