Instance name: /home/cuong/CLionProjects/uMV-FSTSP/rand_generated_instances/v34
Write arg val: 1

drone speed: 1 miles/minute
uav non-eligible customer: 7 8 9 12 14 
Printing tau:
0 14.8603 6.20266 14.5459 7.93003 12.2252 9.21756 3.77345 12.5258 9.26282 1.94136 9.59899 12.8554 0 
14.8603 0 8.65767 6.44885 8.18508 2.63515 6.90615 11.7559 7.46059 6.1431 12.919 13.1308 9.51004 14.8603 
6.20266 8.65767 0 8.34322 11.5331 6.02252 3.55813 7.37651 6.32311 3.06016 4.2613 5.99593 6.65273 6.20266 
14.5459 6.44885 8.34322 0 14.6339 7.07614 5.32832 11.4415 2.02012 5.28306 12.6045 12.8164 3.06119 14.5459 
7.93003 8.18508 11.5331 14.6339 0 7.55779 15.0912 4.15659 15.6457 14.3282 7.82956 17.529 17.6951 7.93003 
12.2252 2.63515 6.02252 7.07614 7.55779 0 7.53344 9.12077 8.08787 6.77038 10.2838 10.4957 10.1373 12.2252 
9.21756 6.90615 3.55813 5.32832 15.0912 7.53344 0 10.9346 3.30821 0.763055 7.2762 7.48804 3.63784 9.21756 
3.77345 11.7559 7.37651 11.4415 4.15659 9.12077 10.9346 0 11.4891 10.1716 3.67297 13.3724 13.5385 3.77345 
12.5258 7.46059 6.32311 2.02012 15.6457 8.08787 3.30821 11.4891 0 3.26294 10.5844 10.7963 2.04945 12.5258 
9.26282 6.1431 3.06016 5.28306 14.3282 6.77038 0.763055 10.1716 3.26294 0 7.32146 7.53331 3.59257 9.26282 
1.94136 12.919 4.2613 12.6045 7.82956 10.2838 7.2762 3.67297 10.5844 7.32146 0 9.69947 10.914 1.94136 
9.59899 13.1308 5.99593 12.8164 17.529 10.4957 7.48804 13.3724 10.7963 7.53331 9.69947 0 11.1259 9.59899 
12.8554 9.51004 6.65273 3.06119 17.6951 10.1373 3.63784 13.5385 2.04945 3.59257 10.914 11.1259 0 12.8554 
0 0 0 0 0 0 0 0 0 0 0 0 0 0 
Printing tau_prime:
0 7.00626 3.38149 7.5502 4.98804 5.76568 5.50245 2.30344 6.93503 5.30694 0.91639 4.59787 7.6102 0 
7.00626 0 4.37581 3.04363 5.34777 1.27693 4.20412 5.85814 3.68512 3.91776 6.09237 7.59719 4.58162 7.00626 
3.38149 4.37581 0 4.19588 5.44991 3.40176 2.19848 3.77159 3.55574 1.95374 2.66145 3.52641 4.27471 3.38149 
7.5502 3.04363 4.19588 0 7.76043 3.51054 2.52103 7.31334 1.06505 2.49463 6.75234 6.19392 1.64847 7.5502 
4.98804 5.34777 5.44991 7.76043 0 4.32988 7.19009 2.68724 7.82106 6.83768 4.39564 8.62944 8.78558 4.98804 
5.76568 1.27693 3.40176 3.51054 4.32988 0 3.82386 4.5888 3.81529 3.48373 4.84953 6.82454 4.78801 5.76568 
5.50245 4.20412 2.19848 2.52103 7.19009 3.82386 0 5.9055 1.58125 0.36034 4.84596 3.71225 2.10893 5.50245 
2.30344 5.85814 3.77159 7.31334 2.68724 4.5888 5.9055 0 7.00414 5.6053 1.81619 6.33706 7.86516 2.30344 
6.93503 3.68512 3.55574 1.06505 7.82106 3.81529 1.58125 7.00414 0 1.65882 6.20253 5.16626 0.978539 6.93503 
5.30694 3.91776 1.95374 2.49463 6.83768 3.48373 0.36034 5.6053 1.65882 0 4.61485 3.8585 2.32106 5.30694 
0.91639 6.09237 2.66145 6.75234 4.39564 4.84953 4.84596 1.81619 6.20253 4.61485 0 4.57346 6.93534 0.91639 
4.59787 7.59719 3.52641 6.19392 8.62944 6.82454 3.71225 6.33706 5.16626 3.8585 4.57346 0 5.24537 4.59787 
7.6102 4.58162 4.27471 1.64847 8.78558 4.78801 2.10893 7.86516 0.978539 2.32106 6.93534 5.24537 0 7.6102 
0 0 0 0 0 0 0 0 0 0 0 0 0 0 
Printing number of nodes: 13

Version identifier: 22.1.1.0 | 2022-11-28 | 9160aff4d
CPXPARAM_ClockType                               0
CPXPARAM_Emphasis_MIP                            2
CPXPARAM_MIP_Tolerances_Integrality              0
Tried aggregator 2 times.
MIP Presolve eliminated 5685 rows and 988 columns.
MIP Presolve modified 2477 coefficients.
Aggregator did 2 substitutions.
Reduced MIP has 20889 rows, 1739 columns, and 843199 nonzeros.
Reduced MIP has 1731 binaries, 0 generals, 0 SOSs, and 0 indicators.
Presolve time = 0.38 sec. (913.78 ticks)
Found incumbent of value 97.403285 after 0.67 sec. (1494.33 ticks)
Probing fixed 185 vars, tightened 0 bounds.
Probing changed sense of 64 constraints.
Probing time = 0.20 sec. (331.40 ticks)
Tried aggregator 1 time.
MIP Presolve eliminated 88 rows and 249 columns.
MIP Presolve modified 106 coefficients.
Reduced MIP has 20801 rows, 1490 columns, and 841971 nonzeros.
Reduced MIP has 1482 binaries, 0 generals, 0 SOSs, and 0 indicators.
Presolve time = 0.33 sec. (790.24 ticks)
Probing time = 0.02 sec. (31.86 ticks)
Tried aggregator 1 time.
Detecting symmetries...
Reduced MIP has 20801 rows, 1490 columns, and 841971 nonzeros.
Reduced MIP has 1482 binaries, 0 generals, 0 SOSs, and 0 indicators.
Presolve time = 0.18 sec. (401.37 ticks)
Probing time = 0.02 sec. (31.54 ticks)
Clique table members: 407593.
MIP emphasis: optimality.
MIP search method: dynamic search.
Parallel mode: deterministic, using up to 20 threads.
Root relaxation solution time = 0.74 sec. (414.38 ticks)

        Nodes                                         Cuts/
   Node  Left     Objective  IInf  Best Integer    Best Bound    ItCnt     Gap

*     0+    0                           97.4033       -4.1173           104.23%
      0     0       39.9482    83       97.4033       39.9482     1541   58.99%
*     0+    0                           46.5293       39.9482            14.14%
Detecting symmetries...
      0     2       39.9482    52       46.5293       39.9482     1541   14.14%
Elapsed time = 4.52 sec. (6980.05 ticks, tree = 0.02 MB, solutions = 2)
*     2+    1                           45.5055       39.9482            12.21%
      2     4       40.0122    63       45.5055       39.9482     2730   12.21%
*     4+    3                           43.8501       39.9482             8.90%
      4     5       40.0356    65       43.8501       39.9482     2744    8.90%
*     6+    2                           43.8501       39.9482             8.90%
      8     6       39.9482    58       43.8501       39.9482     4244    8.90%
*    11+    7                           43.2973       39.9482             7.73%
     15    11       39.9482    56       43.2973       39.9482     5709    7.73%
     24    23       40.6688    54       43.2973       39.9482    12320    7.73%
     55    24        cutoff             43.2973       39.9482    13118    7.73%
     89    37       42.4201    41       43.2973       39.9482    21320    7.73%
*   145+   53                           42.9585       39.9482             7.01%
    152    61        cutoff             42.9585       39.9482    33827    7.01%
    228    78       42.9707    48       42.9585       39.9482    40032    7.01%
*   283    70      integral     0       42.8135       39.9482    53547    6.69%
*   360+   79                           42.7036       39.9482             6.45%
    377    86       42.6879    45       42.7036       39.9482    58821    6.45%
Elapsed time = 12.45 sec. (10526.37 ticks, tree = 0.28 MB, solutions = 11)
    648   123       42.6807   148       42.7036       39.9487    92461    6.45%
    909   159       40.4493    61       42.7036       40.0556   109305    6.20%
   1236   257       42.3593    35       42.7036       40.4009   152312    5.39%
   1677   238        cutoff             42.7036       41.1207   182077    3.71%
   2221    43        cutoff             42.7036       42.4098   216981    0.69%
   2280    10       42.6879    48       42.7036       42.4098   222810    0.69%

Mixed integer rounding cuts applied:  1
Zero-half cuts applied:  4

Root node processing (before b&c):
  Real time             =    4.31 sec. (6940.46 ticks)
Parallel b&c, 20 threads:
  Real time             =   30.86 sec. (9669.74 ticks)
  Sync time (average)   =   11.91 sec.
  Wait time (average)   =    0.00 sec.
                          ------------
Total (root+branch&cut) =   35.17 sec. (16610.20 ticks)
Truck arcs:
0 7
2 10
3 8
5 3
6 9
7 5
8 12
9 2
10 13
12 6
customer 1 is served by drone
start of this sortie: 5
end of this sortie: 8

customer 4 is served by drone
start of this sortie: 8
end of this sortie: 13

customer 11 is served by drone
start of this sortie: 0
end of this sortie: 5

42.7036
In write mode
