Instance name: /home/cuong/CLionProjects/uMV-FSTSP/rand_generated_instances/v36
Write arg val: 1

drone speed: 1 miles/minute
uav non-eligible customer: 1 4 8 12 14 
Printing tau:
0 6.70756 10.3115 7.23258 10.8777 10.0732 8.84174 2.12868 7.00276 1.99012 3.87226 10.6064 4.05156 0 
6.70756 0 3.60394 10.4251 6.5419 7.72006 2.20853 8.83624 9.13729 6.52403 2.83529 3.89888 5.13233 6.70756 
10.3115 3.60394 0 8.9607 8.00632 6.25564 1.46976 12.4402 7.67287 10.128 6.43924 0.586252 6.25994 10.3115 
7.23258 10.4251 8.9607 0 16.967 2.84065 8.2166 9.36126 1.28783 7.04905 8.58426 8.37445 5.29279 7.23258 
10.8777 6.5419 8.00632 16.967 0 14.262 8.75043 11.3647 15.6792 12.8678 8.38276 8.59258 11.6742 10.8777 
10.0732 7.72006 6.25564 2.84065 14.262 0 5.51154 12.2019 3.07046 9.8897 6.20097 5.66939 6.02167 10.0732 
8.84174 2.20853 1.46976 8.2166 8.75043 5.51154 0 10.9704 6.92877 8.65821 4.96948 1.7647 4.79018 8.84174 
2.12868 8.83624 12.4402 9.36126 11.3647 12.2019 10.9704 0 9.13145 2.31221 6.00095 12.7351 6.18024 2.12868 
7.00276 9.13729 7.67287 1.28783 15.6792 3.07046 6.92877 9.13145 0 6.81923 7.29643 7.08662 4.00496 7.00276 
1.99012 6.52403 10.128 7.04905 12.8678 9.8897 8.65821 2.31221 6.81923 0 4.48502 10.4229 3.86803 1.99012 
3.87226 2.83529 6.43924 8.58426 8.38276 6.20097 4.96948 6.00095 7.29643 4.48502 0 6.73417 3.29148 3.87226 
10.6064 3.89888 0.586252 8.37445 8.59258 5.66939 1.7647 12.7351 7.08662 10.4229 6.73417 0 6.55488 10.6064 
4.05156 5.13233 6.25994 5.29279 11.6742 6.02167 4.79018 6.18024 4.00496 3.86803 3.29148 6.55488 0 4.05156 
0 0 0 0 0 0 0 0 0 0 0 0 0 0 
Printing tau_prime:
0 3.76505 5.04583 4.45697 5.4416 5.0094 4.28697 1.0294 4.00259 0.942134 2.17148 5.11464 1.94649 0 
3.76505 0 1.83381 4.92068 3.36272 3.97009 1.44778 4.74549 4.30961 4.28381 1.59357 2.07667 2.72418 3.76505 
5.04583 1.83381 0 4.46652 4.84604 2.95108 0.776586 6.0743 3.939 5.2959 3.04067 0.309364 3.42022 5.04583 
4.45697 4.92068 4.46652 0 8.15449 1.84912 3.94692 5.14283 0.616679 3.84398 4.34566 4.25609 2.91099 4.45697 
5.4416 3.36272 4.84604 8.15449 0 7.3328 4.74584 6.05645 7.53794 6.30911 3.95167 5.1489 5.504 5.4416 
5.0094 3.97009 2.95108 1.84912 7.3328 0 2.66223 5.91196 1.59418 4.70815 4.02815 2.68437 3.08965 5.0094 
4.28697 1.44778 0.776586 3.94692 4.74584 2.66223 0 5.31632 3.37934 4.51952 2.34904 0.835207 2.64552 4.28697 
1.0294 4.74549 6.0743 5.14283 6.05645 5.91196 5.31632 0 4.76091 1.30005 3.15888 6.14398 2.91705 1.0294 
4.00259 4.30961 3.939 0.616679 7.53794 1.59418 3.37934 4.76091 0 3.4771 3.74279 3.74779 2.34518 4.00259 
0.942134 4.28381 5.2959 3.84398 6.30911 4.70815 4.51952 1.30005 3.4771 0 2.73748 5.31067 1.90824 0.942134 
2.17148 1.59357 3.04067 4.34566 3.95167 4.02815 2.34904 3.15888 3.74279 2.73748 0 3.17606 1.55392 2.17148 
5.11464 2.07667 0.309364 4.25609 5.1489 2.68437 0.835207 6.14398 3.74779 5.31067 3.17606 0 3.41445 5.11464 
1.94649 2.72418 3.42022 2.91099 5.504 3.08965 2.64552 2.91705 2.34518 1.90824 1.55392 3.41445 0 1.94649 
0 0 0 0 0 0 0 0 0 0 0 0 0 0 
Printing number of nodes: 13

Version identifier: 22.1.1.0 | 2022-11-28 | 9160aff4d
CPXPARAM_ClockType                               0
CPXPARAM_Emphasis_MIP                            2
CPXPARAM_MIP_Tolerances_Integrality              0
Tried aggregator 2 times.
MIP Presolve eliminated 5685 rows and 981 columns.
MIP Presolve modified 2626 coefficients.
Aggregator did 2 substitutions.
Reduced MIP has 20889 rows, 1746 columns, and 843238 nonzeros.
Reduced MIP has 1738 binaries, 0 generals, 0 SOSs, and 0 indicators.
Presolve time = 0.35 sec. (807.38 ticks)
Probing fixed 192 vars, tightened 0 bounds.
Probing changed sense of 64 constraints.
Probing time = 0.19 sec. (323.65 ticks)
Tried aggregator 1 time.
MIP Presolve eliminated 88 rows and 256 columns.
MIP Presolve modified 50 coefficients.
Reduced MIP has 20801 rows, 1490 columns, and 841978 nonzeros.
Reduced MIP has 1482 binaries, 0 generals, 0 SOSs, and 0 indicators.
Presolve time = 0.34 sec. (790.75 ticks)
Probing time = 0.02 sec. (30.16 ticks)
Tried aggregator 1 time.
Detecting symmetries...
Reduced MIP has 20801 rows, 1490 columns, and 841978 nonzeros.
Reduced MIP has 1482 binaries, 0 generals, 0 SOSs, and 0 indicators.
Presolve time = 0.19 sec. (403.90 ticks)
Probing time = 0.10 sec. (31.28 ticks)
Clique table members: 409527.
MIP emphasis: optimality.
MIP search method: dynamic search.
Parallel mode: deterministic, using up to 20 threads.
Root relaxation solution time = 0.27 sec. (268.43 ticks)

        Nodes                                         Cuts/
   Node  Left     Objective  IInf  Best Integer    Best Bound    ItCnt     Gap

*     0     0      integral     0       43.7224       43.7224      940    0.00%
Elapsed time = 2.01 sec. (3579.44 ticks, tree = 0.00 MB, solutions = 1)

Root node processing (before b&c):
  Real time             =    2.02 sec. (3582.05 ticks)
Parallel b&c, 20 threads:
  Real time             =    0.00 sec. (0.00 ticks)
  Sync time (average)   =    0.00 sec.
  Wait time (average)   =    0.00 sec.
                          ------------
Total (root+branch&cut) =    2.02 sec. (3582.05 ticks)
Truck arcs:
0 10
1 6
2 11
3 8
4 1
5 3
6 2
8 12
9 13
10 4
11 5
12 9
customer 7 is served by drone
start of this sortie: 0
end of this sortie: 4

43.7224
In write mode
