Instance name: /home/cuong/CLionProjects/uMV-FSTSP/rand_generated_instances/v37
Write arg val: 1

drone speed: 1 miles/minute
uav non-eligible customer: 3 11 14 
Printing tau:
0 10.0239 8.55821 10.1614 7.98633 0.918549 14.3953 7.93858 2.74648 14.5425 6.5838 9.86711 12.5073 0 
10.0239 0 1.46569 4.50467 11.0761 9.27358 7.50432 8.28311 12.2418 7.13815 9.16281 5.25255 2.48343 10.0239 
8.55821 1.46569 0 3.03898 9.61042 7.80789 6.2136 6.81742 10.7761 6.36079 7.69712 6.02991 3.94912 8.55821 
10.1614 4.50467 3.03898 0 6.57144 9.2428 4.23397 3.77844 7.73716 4.38116 4.65814 8.00954 6.9881 10.1614 
7.98633 11.0761 9.61042 6.57144 0 7.06779 6.40899 2.793 5.23985 7.23026 1.9133 10.9193 13.5595 7.98633 
0.918549 9.27358 7.80789 9.2428 7.06779 0 13.4768 7.02003 2.96825 13.624 5.66525 9.1168 11.757 0.918549 
14.3953 7.50432 6.2136 4.23397 6.40899 13.4768 0 6.45674 11.6488 3.65847 7.81152 12.2435 9.98775 14.3953 
7.93858 8.28311 6.81742 3.77844 2.793 7.02003 6.45674 0 5.1921 6.60393 1.35478 8.12633 10.7665 7.93858 
2.74648 12.2418 10.7761 7.73716 5.23985 2.96825 11.6488 5.1921 0 11.796 3.83732 12.0851 14.7253 2.74648 
14.5425 7.13815 6.36079 4.38116 7.23026 13.624 3.65847 6.60393 11.796 0 7.95871 12.3907 6.32928 14.5425 
6.5838 9.16281 7.69712 4.65814 1.9133 5.66525 7.81152 1.35478 3.83732 7.95871 0 9.00603 11.6462 6.5838 
9.86711 5.25255 6.02991 8.00954 10.9193 9.1168 12.2435 8.12633 12.0851 12.3907 9.00603 0 7.59593 9.86711 
12.5073 2.48343 3.94912 6.9881 13.5595 11.757 9.98775 10.7665 14.7253 6.32928 11.6462 7.59593 0 12.5073 
0 0 0 0 0 0 0 0 0 0 0 0 0 0 
Printing tau_prime:
0 5.87467 5.58139 5.45109 3.79733 0.559108 6.88918 3.8312 1.66416 7.44838 3.13007 4.76072 7.47517 0 
5.87467 0 0.782095 2.48967 5.22853 5.33469 4.83479 3.91281 6.17447 3.82226 4.33667 2.47718 1.60961 5.87467 
5.58139 0.782095 0 1.70973 4.53133 5.02697 4.08449 3.21581 5.6895 3.20155 3.70582 2.90872 2.00266 5.58139 
5.45109 2.48967 1.70973 0 3.26308 4.90288 2.44606 2.06652 5.05182 2.08852 2.76876 4.29617 3.29999 5.45109 
3.79733 5.22853 4.53133 3.26308 0 3.43843 3.45873 1.31682 2.53048 4.60097 1.11831 5.83616 6.44573 3.79733 
0.559108 5.33469 5.02697 4.90288 3.43843 0 6.40753 3.34205 1.64329 6.91331 2.67114 4.33684 6.93112 0.559108 
6.88918 4.83479 4.08449 2.44606 3.45873 6.40753 0 3.0658 5.92808 1.72602 3.76447 6.73119 5.19305 6.88918 
3.8312 3.91281 3.21581 2.06652 1.31682 3.34205 3.0658 0 3.07785 3.75059 0.761475 4.70281 5.14655 3.8312 
1.66416 6.17447 5.6895 5.05182 2.53048 1.64329 5.92808 3.07785 0 6.82542 2.31926 5.70384 7.68622 1.66416 
7.44838 3.82226 3.20155 2.08852 4.60097 6.91331 1.72602 3.75059 6.82542 0 4.51199 6.09442 3.74313 7.44838 
3.13007 4.33667 3.70582 2.76876 1.11831 2.67114 3.76447 0.761475 2.31926 4.51199 0 4.73172 5.68908 3.13007 
4.76072 2.47718 2.90872 4.29617 5.83616 4.33684 6.73119 4.70281 5.70384 6.09442 4.73172 0 3.79089 4.76072 
7.47517 1.60961 2.00266 3.29999 6.44573 6.93112 5.19305 5.14655 7.68622 3.74313 5.68908 3.79089 0 7.47517 
0 0 0 0 0 0 0 0 0 0 0 0 0 0 
Printing number of nodes: 13

Version identifier: 22.1.1.0 | 2022-11-28 | 9160aff4d
CPXPARAM_ClockType                               0
CPXPARAM_Emphasis_MIP                            2
CPXPARAM_MIP_Tolerances_Integrality              0
Tried aggregator 2 times.
MIP Presolve eliminated 1870 rows and 603 columns.
MIP Presolve modified 3541 coefficients.
Aggregator did 2 substitutions.
Reduced MIP has 24312 rows, 2124 columns, and 1017995 nonzeros.
Reduced MIP has 2114 binaries, 0 generals, 0 SOSs, and 0 indicators.
Presolve time = 0.40 sec. (927.60 ticks)
Found incumbent of value 113.244670 after 0.76 sec. (1639.30 ticks)
Probing fixed 240 vars, tightened 0 bounds.
Probing changed sense of 40 constraints.
Probing time = 0.31 sec. (453.72 ticks)
Tried aggregator 1 time.
MIP Presolve eliminated 58 rows and 280 columns.
MIP Presolve modified 48 coefficients.
Reduced MIP has 24254 rows, 1844 columns, and 1016641 nonzeros.
Reduced MIP has 1834 binaries, 0 generals, 0 SOSs, and 0 indicators.
Presolve time = 0.30 sec. (685.71 ticks)
Probing time = 0.03 sec. (35.62 ticks)
Tried aggregator 1 time.
Detecting symmetries...
Reduced MIP has 24254 rows, 1844 columns, and 1016641 nonzeros.
Reduced MIP has 1834 binaries, 0 generals, 0 SOSs, and 0 indicators.
Presolve time = 0.23 sec. (488.65 ticks)
Probing time = 0.02 sec. (33.13 ticks)
Clique table members: 502875.
MIP emphasis: optimality.
MIP search method: dynamic search.
Parallel mode: deterministic, using up to 20 threads.
Root relaxation solution time = 0.64 sec. (399.19 ticks)

        Nodes                                         Cuts/
   Node  Left     Objective  IInf  Best Integer    Best Bound    ItCnt     Gap

*     0+    0                          113.2447      -12.0000           110.60%
*     0+    0                          106.9396      -12.0000           111.22%
      0     0       38.5096    67      106.9396       38.5096     1312   63.99%
*     0+    0                           44.1198       38.5096            12.72%
*     0+    0                           41.2315       38.5096             6.60%
*     0+    0                           40.5057       38.5096             4.93%
Detecting symmetries...

Repeating presolve.
Tried aggregator 1 time.
MIP Presolve eliminated 2833 rows and 978 columns.
MIP Presolve modified 56595 coefficients.
Reduced MIP has 21412 rows, 866 columns, and 412722 nonzeros.
Reduced MIP has 856 binaries, 0 generals, 0 SOSs, and 0 indicators.
Presolve time = 1.02 sec. (6962.50 ticks)
Probing fixed 19 vars, tightened 0 bounds.
Probing changed sense of 8 constraints.
Probing time = 0.08 sec. (86.52 ticks)
Tried aggregator 1 time.
MIP Presolve eliminated 7622 rows and 55 columns.
MIP Presolve modified 9161 coefficients.
Reduced MIP has 13781 rows, 811 columns, and 252794 nonzeros.
Reduced MIP has 801 binaries, 0 generals, 0 SOSs, and 0 indicators.
Presolve time = 0.37 sec. (1680.94 ticks)
Probing time = 0.01 sec. (16.17 ticks)
Tried aggregator 1 time.
Detecting symmetries...
MIP Presolve eliminated 31 rows and 0 columns.
MIP Presolve modified 124 coefficients.
Reduced MIP has 13747 rows, 811 columns, and 252611 nonzeros.
Reduced MIP has 801 binaries, 0 generals, 0 SOSs, and 0 indicators.
Presolve time = 0.08 sec. (212.27 ticks)
Represolve time = 1.62 sec. (9054.83 ticks)
Probing time = 0.01 sec. (15.98 ticks)
Clique table members: 108334.
MIP emphasis: optimality.
MIP search method: dynamic search.
Parallel mode: deterministic, using up to 20 threads.
Root relaxation solution time = 0.11 sec. (132.15 ticks)

        Nodes                                         Cuts/
   Node  Left     Objective  IInf  Best Integer    Best Bound    ItCnt     Gap

*     0+    0                           40.5057       38.5096             4.93%
      0     0       38.5096    68       40.5057       38.5096     2145    4.93%
      0     0       38.5096    64       40.5057       Cuts: 2     2179    4.93%
      0     0       38.5096    68       40.5057      Cuts: 11     2298    4.93%
Detecting symmetries...
      0     2       38.5096    34       40.5057       38.5096     2298    4.93%
Elapsed time = 9.69 sec. (21787.15 ticks, tree = 0.02 MB, solutions = 5)
     11     9       38.5096    38       40.5057       38.5096     3515    4.93%
*    51+   16                           40.2214       38.5096             4.26%
     53    18       38.5096    55       40.2214       38.5096     4690    4.26%
    122    32       39.7929   139       40.2214       38.5096    12903    4.26%
*   135+   19                           39.9958       38.5096             3.72%
*   173+   19                           39.9601       38.5096             3.63%
*   198    40      integral     0       39.8254       38.5096    16296    3.30%
    285    46        cutoff             39.8254       38.5096    23516    3.30%
    399    52        cutoff             39.8254       38.5096    36712    3.30%
    504    15        cutoff             39.8254       38.5096    45963    3.30%
    534     9       39.7452    81       39.8254       38.5096    48562    3.30%

Cover cuts applied:  35
Mixed integer rounding cuts applied:  2
Zero-half cuts applied:  5
Lift and project cuts applied:  2
Gomory fractional cuts applied:  1

Root node processing (before b&c):
  Real time             =    9.64 sec. (21762.30 ticks)
Parallel b&c, 20 threads:
  Real time             =    3.16 sec. (1939.98 ticks)
  Sync time (average)   =    1.55 sec.
  Wait time (average)   =    0.00 sec.
                          ------------
Total (root+branch&cut) =   12.80 sec. (23702.28 ticks)
Truck arcs:
0 5
1 2
3 7
4 8
5 11
7 10
8 13
10 4
11 1
customer 6 is served by drone
start of this sortie: 1
end of this sortie: 7

customer 9 is served by drone
start of this sortie: 7
end of this sortie: 13

customer 12 is served by drone
start of this sortie: 0
end of this sortie: 1

39.8254
In write mode
