Instance name: /home/cuong/CLionProjects/uMV-FSTSP/rand_generated_instances/v39
Write arg val: 1

drone speed: 1 miles/minute
uav non-eligible customer: 1 10 14 
Printing tau:
0 2.52861 1.5883 7.41308 11.5159 9.22055 5.3124 6.78348 2.57364 4.49502 13.1716 12.6331 15.6361 0 
2.52861 0 2.78422 4.88447 14.0445 10.5715 3.63533 5.10641 1.93657 6.17209 11.4945 15.1617 18.1647 2.52861 
1.5883 2.78422 0 5.82478 13.1042 10.3277 6.41955 7.89063 0.985338 3.38787 14.2787 14.2214 17.2244 1.5883 
7.41308 4.88447 5.82478 0 18.929 15.456 2.97637 4.55843 4.83944 8.95251 12.5187 20.0462 23.0492 7.41308 
11.5159 14.0445 13.1042 18.929 0 3.47298 15.9526 14.3705 14.0895 13.6216 6.41023 5.42119 5.39128 11.5159 
9.22055 10.5715 10.3277 15.456 3.47298 0 12.4796 10.8976 10.6165 13.7156 3.95104 5.51513 7.59322 9.22055 
5.3124 3.63533 6.41955 2.97637 15.9526 12.4796 0 1.58206 5.5719 9.80742 9.54236 17.0698 20.0728 5.3124 
6.78348 5.10641 7.89063 4.55843 14.3705 10.8976 1.58206 0 7.04298 11.2785 7.9603 15.4878 18.4908 6.78348 
2.57364 1.93657 0.985338 4.83944 14.0895 10.6165 5.5719 7.04298 0 4.23552 13.4311 15.2067 18.2098 2.57364 
4.49502 6.17209 3.38787 8.95251 13.6216 13.7156 9.80742 11.2785 4.23552 0 17.6666 11.0937 14.0967 4.49502 
13.1716 11.4945 14.2787 12.5187 6.41023 3.95104 9.54236 7.9603 13.4311 17.6666 0 9.46616 10.5305 13.1716 
12.6331 15.1617 14.2214 20.0462 5.42119 5.51513 17.0698 15.4878 15.2067 11.0937 9.46616 0 3.00302 12.6331 
15.6361 18.1647 17.2244 23.0492 5.39128 7.59322 20.0728 18.4908 18.2098 14.0967 10.5305 3.00302 0 15.6361 
0 0 0 0 0 0 0 0 0 0 0 0 0 0 
Printing tau_prime:
0 1.43034 0.912686 3.82637 6.92677 5.76786 3.26279 3.46938 1.21938 2.23979 6.6593 6.20619 7.57835 0 
1.43034 0 1.38532 2.42726 7.49434 6.12211 1.93543 2.41209 0.913154 3.48469 6.5048 7.21097 8.61773 1.43034 
0.912686 1.38532 0 3.44499 7.83793 6.65702 3.31073 3.76728 0.612717 2.1736 7.43402 7.07749 8.43446 0.912686 
3.82637 2.42726 3.44499 0 9.33551 7.80123 1.69204 2.7027 2.83371 5.59775 7.51361 9.45174 10.8674 3.82637 
6.92677 7.49434 7.83793 9.33551 0 1.63778 7.73209 6.86379 7.98072 7.95932 3.57314 2.60928 3.19869 6.92677 
5.76786 6.12211 6.65702 7.80123 1.63778 0 6.16467 5.26405 6.70957 7.1556 2.32083 3.38252 4.41575 5.76786 
3.26279 1.93543 3.31073 1.69204 7.73209 6.16467 0 1.01838 2.76956 5.41397 5.82759 8.08237 9.49158 3.26279 
3.46938 2.41209 3.76728 2.7027 6.86379 5.26405 1.01838 0 3.32273 5.70599 4.81143 7.44379 8.83428 3.46938 
1.21938 0.913154 0.612717 2.83371 7.98072 6.70957 2.76956 3.32273 0 2.78316 7.29331 7.40819 8.7883 1.21938 
2.23979 3.48469 2.1736 5.59775 7.95932 7.1556 5.41397 5.70599 2.78316 0 8.4961 6.50328 7.69495 2.23979 
6.6593 6.5048 7.43402 7.51361 3.57314 2.32083 5.82759 4.81143 7.29331 8.4961 0 5.70128 6.66556 6.6593 
6.20619 7.21097 7.07749 9.45174 2.60928 3.38252 8.08237 7.44379 7.40819 6.50328 5.70128 0 1.41571 6.20619 
7.57835 8.61773 8.43446 10.8674 3.19869 4.41575 9.49158 8.83428 8.7883 7.69495 6.66556 1.41571 0 7.57835 
0 0 0 0 0 0 0 0 0 0 0 0 0 0 
Printing number of nodes: 13

Version identifier: 22.1.1.0 | 2022-11-28 | 9160aff4d
CPXPARAM_ClockType                               0
CPXPARAM_Emphasis_MIP                            2
CPXPARAM_MIP_Tolerances_Integrality              0
Tried aggregator 2 times.
MIP Presolve eliminated 1876 rows and 670 columns.
MIP Presolve modified 3339 coefficients.
Aggregator did 2 substitutions.
Reduced MIP has 24306 rows, 2057 columns, and 1017724 nonzeros.
Reduced MIP has 2047 binaries, 0 generals, 0 SOSs, and 0 indicators.
Presolve time = 0.43 sec. (1058.85 ticks)
Found incumbent of value 113.820260 after 0.80 sec. (1786.34 ticks)
Probing fixed 221 vars, tightened 0 bounds.
Probing changed sense of 40 constraints.
Probing time = 0.25 sec. (428.82 ticks)
Tried aggregator 1 time.
MIP Presolve eliminated 58 rows and 261 columns.
MIP Presolve modified 44 coefficients.
Reduced MIP has 24248 rows, 1796 columns, and 1016448 nonzeros.
Reduced MIP has 1786 binaries, 0 generals, 0 SOSs, and 0 indicators.
Presolve time = 0.40 sec. (970.35 ticks)
Probing time = 0.03 sec. (35.69 ticks)
Tried aggregator 1 time.
Detecting symmetries...
Reduced MIP has 24248 rows, 1796 columns, and 1016448 nonzeros.
Reduced MIP has 1786 binaries, 0 generals, 0 SOSs, and 0 indicators.
Presolve time = 0.22 sec. (493.31 ticks)
Probing time = 0.04 sec. (33.39 ticks)
Clique table members: 500328.
MIP emphasis: optimality.
MIP search method: dynamic search.
Parallel mode: deterministic, using up to 20 threads.
Root relaxation solution time = 1.59 sec. (638.70 ticks)

        Nodes                                         Cuts/
   Node  Left     Objective  IInf  Best Integer    Best Bound    ItCnt     Gap

*     0+    0                          113.8203       -6.8234           105.99%
*     0+    0                          111.6016       -6.8234           106.11%
      0     0       40.6021   119      111.6016       40.6021     2000   63.62%
*     0+    0                           44.5144       40.6021             8.79%
      0     0       40.8459   132       44.5144      Cuts: 46     2568    8.24%
      0     0       40.8475   138       44.5144      Cuts: 14     2588    8.24%
      0     0       40.8693   139       44.5144      Cuts: 13     2669    8.19%
      0     0       40.8772   148       44.5144       Cuts: 7     2706    8.17%
      0     0       40.8793   152       44.5144   ZeroHalf: 2     2722    8.17%
Detecting symmetries...
      0     0       40.8863   147       44.5144       Cuts: 3     2746    8.15%
      0     0       40.9503   146       44.5144      Cuts: 15     2823    8.01%
      0     0       40.9865   145       44.5144      Cuts: 16     2869    7.93%
      0     0       41.0135   159       44.5144       Cuts: 8     2898    7.86%
      0     0       41.0148   160       44.5144   ZeroHalf: 3     2914    7.55%
      0     0       41.0505   158       44.5144       Cuts: 9     2982    7.55%
      0     0       41.0518   157       44.5144       Cuts: 2     3004    7.55%
Detecting symmetries...
      0     2       41.0518   157       44.5144       41.1537     3004    7.55%
Elapsed time = 15.98 sec. (28356.01 ticks, tree = 0.02 MB, solutions = 3)
      3     4       41.4952   280       44.5144       41.1537     3365    7.55%
      9     7       41.5655   118       44.5144       41.2027     4068    7.44%
     16     6       42.1656   149       44.5144       41.2027     4708    7.44%
     26    12       43.1996   104       44.5144       41.2027     6711    7.44%
     57    20        cutoff             44.5144       41.2027     9514    7.44%
     83    37        cutoff             44.5144       41.2027    13963    7.44%
     97    30       44.1010   218       44.5144       41.2027    13337    7.44%
    109    53       44.0872   142       44.5144       42.0850    21168    5.46%
    129    43       42.3791   184       44.5144       42.0850    17326    5.46%
    300    56        cutoff             44.5144       42.0850    35934    5.46%
Elapsed time = 27.79 sec. (31665.01 ticks, tree = 0.27 MB, solutions = 3)
    466    63       43.8192    66       44.5144       42.9795    55798    3.45%
    684    30       44.0137    42       44.5144       43.5795    73711    2.10%
    757    22        cutoff             44.5144       43.6278    94077    1.99%
    801    22       43.6426    79       44.5144       43.6278    97740    1.99%
    897    19       43.8911    62       44.5144       43.6278   105237    1.99%
    962    13       43.8702    30       44.5144       43.6278   123783    1.99%
    995    13       43.7917    47       44.5144       43.6278   128006    1.99%
   1044    14       43.8050   198       44.5144       43.6278   136627    1.99%
   1097    12       43.7143   245       44.5144       43.6692   142556    1.90%
   1159    11        cutoff             44.5144       43.7917   151496    1.62%
Elapsed time = 53.33 sec. (41307.42 ticks, tree = 0.03 MB, solutions = 3)
   1185    10       43.8332    76       44.5144       43.7917   156424    1.62%
   1210     8        cutoff             44.5144       43.7917   159009    1.62%
   1218     7       43.7917    43       44.5144       43.7917   162665    1.62%
   1225     9       44.3266    58       44.5144       43.7917   164364    1.62%

Clique cuts applied:  5
Cover cuts applied:  1
Implied bound cuts applied:  9
Flow cuts applied:  1
Mixed integer rounding cuts applied:  2
Zero-half cuts applied:  27
Gomory fractional cuts applied:  3

Root node processing (before b&c):
  Real time             =   15.88 sec. (28203.38 ticks)
Parallel b&c, 20 threads:
  Real time             =   40.22 sec. (17558.96 ticks)
  Sync time (average)   =   19.23 sec.
  Wait time (average)   =    0.00 sec.
                          ------------
Total (root+branch&cut) =   56.09 sec. (45762.34 ticks)
Truck arcs:
0 2
1 6
2 8
4 13
5 4
6 7
7 10
8 1
10 5
customer 3 is served by drone
start of this sortie: 6
end of this sortie: 10

customer 9 is served by drone
start of this sortie: 0
end of this sortie: 6

customer 11 is served by drone
start of this sortie: 10
end of this sortie: 4

customer 12 is served by drone
start of this sortie: 4
end of this sortie: 13

44.5144
In write mode
