Instance name: /home/cuong/CLionProjects/uMV-FSTSP/rand_generated_instances/v41
Write arg val: 1

drone speed: 1 miles/minute
uav non-eligible customer: 14 
Printing tau:
0 3.32454 8.60145 2.40199 10.7947 8.89172 13.6276 5.85967 11.9154 13.3614 12.1363 14.6123 8.00274 0 
3.32454 0 10.079 5.72653 14.1193 12.2163 16.9521 7.33722 15.24 16.686 15.4608 17.9368 9.4803 3.32454 
8.60145 10.079 0 8.76074 8.96362 4.94254 9.67843 2.74178 10.4808 9.41223 8.18709 10.6631 2.4156 8.60145 
2.40199 5.72653 8.76074 0 8.39273 7.51014 11.2256 6.01897 9.51342 10.9594 9.73428 12.2103 8.16204 2.40199 
10.7947 14.1193 8.96362 8.39273 0 7.71301 2.83288 9.2413 1.51716 2.56669 7.06567 3.81756 9.26114 10.7947 
8.89172 12.2163 4.94254 7.51014 7.71301 0 5.54833 7.3383 9.23018 6.38635 3.24455 6.16336 7.35814 8.89172 
13.6276 16.9521 9.67843 11.2256 2.83288 5.54833 0 12.0742 3.68185 0.83802 4.90098 0.984673 12.094 13.6276 
5.85967 7.33722 2.74178 6.01897 9.2413 7.3383 12.0742 0 10.362 11.808 10.5829 13.0589 2.14307 5.85967 
11.9154 15.24 10.4808 9.51342 1.51716 9.23018 3.68185 10.362 0 2.84383 8.58283 3.06682 10.3818 11.9154 
13.3614 16.686 9.41223 10.9594 2.56669 6.38635 0.83802 11.808 2.84383 0 5.739 1.25087 11.8278 13.3614 
12.1363 15.4608 8.18709 9.73428 7.06567 3.24455 4.90098 10.5829 8.58283 5.739 0 5.51601 10.6027 12.1363 
14.6123 17.9368 10.6631 12.2103 3.81756 6.16336 0.984673 13.0589 3.06682 1.25087 5.51601 0 13.0787 14.6123 
8.00274 9.4803 2.4156 8.16204 9.26114 7.35814 12.094 2.14307 10.3818 11.8278 10.6027 13.0787 0 8.00274 
0 0 0 0 0 0 0 0 0 0 0 0 0 0 
Printing tau_prime:
0 1.71502 4.46171 1.1348 5.09154 5.4385 6.48007 2.85769 5.68641 6.31502 6.53581 6.911 3.84117 0 
1.71502 0 5.85934 2.77012 6.67662 7.1052 8.13953 4.15343 7.18668 7.94963 8.24576 8.54832 5.02167 1.71502 
4.46171 5.85934 0 4.19376 5.3168 2.40336 5.57569 1.71639 6.20587 5.71379 3.96178 6.12224 1.17318 4.46171 
1.1348 2.77012 4.19376 0 3.95753 4.679 5.37201 2.86543 4.55738 5.19341 5.61455 5.79089 3.86934 1.1348 
5.09154 6.67662 5.3168 3.95753 0 3.74498 1.68068 5.25173 0.889161 1.36202 3.39029 1.94223 5.88294 5.09154 
5.4385 7.1052 2.40336 4.679 3.74498 0 3.43875 3.53001 4.57867 3.67465 1.55964 3.96405 3.48225 5.4385 
6.48007 8.13953 5.57569 5.37201 1.68068 3.43875 0 6.00456 1.91414 0.414497 2.41494 0.547283 6.40674 6.48007 
2.85769 4.15343 1.71639 2.86543 5.25173 3.53001 6.00456 0 6.09669 6.02571 5.00464 6.53815 1.0103 2.85769 
5.68641 7.18668 6.20587 4.55738 0.889161 4.57867 1.91414 6.09669 0 1.50394 4.04733 1.92518 6.75669 5.68641 
6.31502 7.94963 5.71379 5.19341 1.36202 3.67465 0.414497 6.02571 1.50394 0 2.76635 0.598961 6.48819 6.31502 
6.53581 8.24576 3.96178 5.61455 3.39029 1.55964 2.41494 5.00464 4.04733 2.76635 0 2.85022 5.03554 6.53581 
6.911 8.54832 6.12224 5.79089 1.94223 3.96405 0.547283 6.53815 1.92518 0.598961 2.85022 0 6.95222 6.911 
3.84117 5.02167 1.17318 3.86934 5.88294 3.48225 6.40674 1.0103 6.75669 6.48819 5.03554 6.95222 0 3.84117 
0 0 0 0 0 0 0 0 0 0 0 0 0 0 
Printing number of nodes: 13

Version identifier: 22.1.1.0 | 2022-11-28 | 9160aff4d
CPXPARAM_ClockType                               0
CPXPARAM_Emphasis_MIP                            2
CPXPARAM_MIP_Tolerances_Integrality              0
Tried aggregator 1 time.
MIP Presolve eliminated 362 rows and 239 columns.
MIP Presolve modified 3679 coefficients.
Reduced MIP has 25430 rows, 2490 columns, and 1093141 nonzeros.
Reduced MIP has 2478 binaries, 0 generals, 0 SOSs, and 0 indicators.
Presolve time = 0.54 sec. (1531.48 ticks)
Found incumbent of value 98.263480 after 0.96 sec. (2336.63 ticks)
Probing fixed 282 vars, tightened 0 bounds.
Probing time = 0.38 sec. (556.67 ticks)
Tried aggregator 1 time.
MIP Presolve eliminated 13 rows and 282 columns.
MIP Presolve modified 53 coefficients.
Reduced MIP has 25417 rows, 2208 columns, and 1091739 nonzeros.
Reduced MIP has 2196 binaries, 0 generals, 0 SOSs, and 0 indicators.
Presolve time = 0.28 sec. (820.69 ticks)
Probing time = 0.03 sec. (36.55 ticks)
Tried aggregator 1 time.
Detecting symmetries...
Reduced MIP has 25417 rows, 2208 columns, and 1091739 nonzeros.
Reduced MIP has 2196 binaries, 0 generals, 0 SOSs, and 0 indicators.
Presolve time = 0.25 sec. (540.15 ticks)
Probing time = 0.02 sec. (36.64 ticks)
Clique table members: 536729.
MIP emphasis: optimality.
MIP search method: dynamic search.
Parallel mode: deterministic, using up to 20 threads.
Root relaxation solution time = 1.70 sec. (915.25 ticks)

        Nodes                                         Cuts/
   Node  Left     Objective  IInf  Best Integer    Best Bound    ItCnt     Gap

*     0+    0                           98.2635      -12.0000           112.21%
      0     0       33.7414   175       98.2635       33.7414       15   65.66%
*     0+    0                           41.3005       33.7414            18.30%
      0     0        cutoff             41.3005       41.3005     1400    0.00%
Elapsed time = 23.50 sec. (43366.68 ticks, tree = 0.01 MB, solutions = 2)

Clique cuts applied:  24
Flow cuts applied:  2
Mixed integer rounding cuts applied:  5
Zero-half cuts applied:  21
Gomory fractional cuts applied:  49

Root node processing (before b&c):
  Real time             =   23.50 sec. (43370.24 ticks)
Parallel b&c, 20 threads:
  Real time             =    0.00 sec. (0.00 ticks)
  Sync time (average)   =    0.00 sec.
  Wait time (average)   =    0.00 sec.
                          ------------
Total (root+branch&cut) =   23.50 sec. (43370.24 ticks)
Truck arcs:
0 7
2 5
3 13
4 3
7 12
8 4
9 8
11 9
customer 10 is served by drone
start of this sortie: 5
end of this sortie: 6

41.3005
In write mode
