Instance name: /home/cuong/CLionProjects/uMV-FSTSP/rand_generated_instances/v42
Write arg val: 1

drone speed: 1 miles/minute
uav non-eligible customer: 3 6 11 14 
Printing tau:
0 9.21877 5.91953 9.95569 12.3965 16.2316 10.688 10.1973 10.3315 7.65461 12.0386 8.31006 12.3644 0 
9.21877 0 3.29924 13.5748 6.88227 10.7174 1.46923 0.978544 16.2534 2.83343 2.81987 7.25268 13.6018 9.21877 
5.91953 3.29924 0 10.2756 7.89973 11.7349 4.76848 4.27779 12.9541 1.81597 6.11912 3.95343 10.3025 5.91953 
9.95569 13.5748 10.2756 0 8.17419 6.7079 15.0441 14.5534 2.67853 12.0107 16.3947 6.32215 2.40876 9.95569 
12.3965 6.88227 7.89973 8.17419 0 3.83515 7.24461 7.2578 10.8527 9.71569 8.22051 4.08643 8.20115 12.3965 
16.2316 10.7174 11.7349 6.7079 3.83515 0 11.0798 11.0929 9.38643 13.5508 10.6566 7.92158 6.73486 16.2316 
10.688 1.46923 4.76848 15.0441 7.24461 11.0798 0 0.490688 17.7226 3.03339 1.35064 8.72191 15.071 10.688 
10.1973 0.978544 4.27779 14.5534 7.2578 11.0929 0.490688 0 17.2319 2.5427 1.84133 8.23122 14.5803 10.1973 
10.3315 16.2534 12.9541 2.67853 10.8527 9.38643 17.7226 17.2319 0 14.6892 19.0732 9.00068 2.65157 10.3315 
7.65461 2.83343 1.81597 12.0107 9.71569 13.5508 3.03339 2.5427 14.6892 0 4.38403 5.68852 12.0376 7.65461 
12.0386 2.81987 6.11912 16.3947 8.22051 10.6566 1.35064 1.84133 19.0732 4.38403 0 10.0726 16.4217 12.0386 
8.31006 7.25268 3.95343 6.32215 4.08643 7.92158 8.72191 8.23122 9.00068 5.68852 10.0726 0 6.34911 8.31006 
12.3644 13.6018 10.3025 2.40876 8.20115 6.73486 15.071 14.5803 2.65157 12.0376 16.4217 6.34911 0 12.3644 
0 0 0 0 0 0 0 0 0 0 0 0 0 0 
Printing tau_prime:
0 5.06387 3.50434 5.12274 6.11467 7.73157 5.59316 5.38293 5.89208 3.82331 6.25406 4.02555 6.18404 0 
5.06387 0 1.62756 6.73304 4.12398 6.00033 0.713354 0.494092 7.99135 1.5257 1.32961 3.66418 7.1792 5.06387 
3.50434 1.62756 0 5.48508 3.85347 5.78188 2.269 2.03915 6.69748 1.18399 2.92902 2.58933 6.11088 3.50434 
5.12274 6.73304 5.48508 0 4.02147 4.33035 7.44461 7.22656 1.27504 6.6195 7.99968 3.0796 1.13557 5.12274 
6.11467 4.12398 3.85347 4.02147 0 1.93554 4.70648 4.55508 5.20781 4.92416 5.03564 2.11497 3.86609 6.11467 
7.73157 6.00033 5.78188 4.33035 1.93554 0 6.53627 6.40494 5.22637 6.85962 6.78885 3.7387 3.66101 7.73157 
5.59316 0.713354 2.269 7.44461 4.70648 6.53627 0 0.231396 8.704 1.84437 0.66721 4.37279 7.87622 5.59316 
5.38293 0.494092 2.03915 7.22656 4.55508 6.40494 0.231396 0 8.48401 1.66711 0.892046 4.15827 7.67098 5.38293 
5.89208 7.99135 6.69748 1.27504 5.20781 5.22637 8.704 8.48401 0 7.80748 9.26657 4.34865 1.57507 5.89208 
3.82331 1.5257 1.18399 6.6195 4.92416 6.85962 1.84437 1.66711 7.80748 0 2.47638 3.77265 7.28282 3.82331 
6.25406 1.32961 2.92902 7.99968 5.03564 6.78885 0.66721 0.892046 9.26657 2.47638 0 4.92018 8.37679 6.25406 
4.02555 3.66418 2.58933 3.0796 2.11497 3.7387 4.37279 4.15827 4.34865 3.77265 4.92018 0 3.55119 4.02555 
6.18404 7.1792 6.11088 1.13557 3.86609 3.66101 7.87622 7.67098 1.57507 7.28282 8.37679 3.55119 0 6.18404 
0 0 0 0 0 0 0 0 0 0 0 0 0 0 
Printing number of nodes: 13

Version identifier: 22.1.1.0 | 2022-11-28 | 9160aff4d
CPXPARAM_ClockType                               0
CPXPARAM_Emphasis_MIP                            2
CPXPARAM_MIP_Tolerances_Integrality              0
Tried aggregator 2 times.
MIP Presolve eliminated 3651 rows and 812 columns.
MIP Presolve modified 2988 coefficients.
Aggregator did 2 substitutions.
Reduced MIP has 22727 rows, 1915 columns, and 934398 nonzeros.
Reduced MIP has 1906 binaries, 0 generals, 0 SOSs, and 0 indicators.
Presolve time = 0.41 sec. (978.89 ticks)
Found incumbent of value 139.256234 after 0.77 sec. (1637.18 ticks)
Probing fixed 209 vars, tightened 0 bounds.
Probing changed sense of 54 constraints.
Probing time = 0.26 sec. (399.42 ticks)
Tried aggregator 1 time.
MIP Presolve eliminated 75 rows and 263 columns.
MIP Presolve modified 80 coefficients.
Reduced MIP has 22652 rows, 1652 columns, and 933103 nonzeros.
Reduced MIP has 1643 binaries, 0 generals, 0 SOSs, and 0 indicators.
Presolve time = 0.38 sec. (871.63 ticks)
Probing time = 0.03 sec. (33.02 ticks)
Tried aggregator 1 time.
Detecting symmetries...
Reduced MIP has 22652 rows, 1652 columns, and 933103 nonzeros.
Reduced MIP has 1643 binaries, 0 generals, 0 SOSs, and 0 indicators.
Presolve time = 0.21 sec. (445.57 ticks)
Probing time = 0.02 sec. (32.76 ticks)
Clique table members: 460284.
MIP emphasis: optimality.
MIP search method: dynamic search.
Parallel mode: deterministic, using up to 20 threads.
Root relaxation solution time = 0.42 sec. (351.86 ticks)

        Nodes                                         Cuts/
   Node  Left     Objective  IInf  Best Integer    Best Bound    ItCnt     Gap

*     0+    0                          139.2562       -6.5282           104.69%
*     0+    0                          122.3638       -6.5282           105.34%
      0     0       44.6877    77      122.3638       44.6877     1356   63.48%
*     0+    0                           55.6382       44.6877            19.68%
      0     0       44.6877    87       55.6382       Cuts: 5     1992   19.68%
      0     0       44.6877    76       55.6382       Cuts: 3     1996   19.68%
*     0+    0                           50.2826       44.6877            11.13%
      0     0       44.6877    92       50.2826       Cuts: 8     2279   11.13%
*     0+    0                           48.7952       44.6877             8.42%
      0     0  -1.00000e+75     0       48.7952       44.6877     2279    8.42%
Detecting symmetries...

Repeating presolve.
Tried aggregator 1 time.
MIP Presolve eliminated 1881 rows and 525 columns.
MIP Presolve modified 6525 coefficients.
Reduced MIP has 20766 rows, 1127 columns, and 550263 nonzeros.
Reduced MIP has 1118 binaries, 0 generals, 0 SOSs, and 0 indicators.
Presolve time = 0.77 sec. (3990.02 ticks)
Probing time = 0.02 sec. (23.62 ticks)
Tried aggregator 1 time.
Detecting symmetries...
MIP Presolve eliminated 36 rows and 0 columns.
MIP Presolve modified 38 coefficients.
Reduced MIP has 20730 rows, 1127 columns, and 549950 nonzeros.
Reduced MIP has 1118 binaries, 0 generals, 0 SOSs, and 0 indicators.
Presolve time = 0.19 sec. (660.96 ticks)
Represolve time = 1.05 sec. (4760.97 ticks)
Probing time = 0.02 sec. (22.89 ticks)
Clique table members: 187805.
MIP emphasis: optimality.
MIP search method: dynamic search.
Parallel mode: deterministic, using up to 20 threads.
Root relaxation solution time = 0.20 sec. (236.25 ticks)

        Nodes                                         Cuts/
   Node  Left     Objective  IInf  Best Integer    Best Bound    ItCnt     Gap

*     0+    0                           48.7952       44.6877             8.42%
      0     0       44.6877    87       48.7952       44.6877     3271    8.42%
      0     0       44.6877    83       48.7952      Cuts: 22     3639    8.42%
      0     0       44.6877    87       48.7952      Cuts: 19     3969    8.42%
      0     0       44.6877    69       48.7952   ZeroHalf: 1     3970    8.42%
*     0+    0                           47.8348       44.6877             6.58%
      0     0       44.6877   100       47.8348      Cuts: 10     4297    6.58%
*     0+    0                           47.7818       44.6877             6.48%
      0     0  -1.00000e+75     0       47.7818       44.6877     4297    6.48%
Detecting symmetries...
      0     2       44.6877   100       47.7818       44.6877     4297    6.48%
Elapsed time = 8.66 sec. (18061.01 ticks, tree = 0.02 MB, solutions = 7)
      1     3       44.6877    88       47.7818       44.6877     5010    6.48%
      2     3       44.6877    89       47.7818       44.6877     5376    6.48%
      3     5       44.6877    81       47.7818       44.6877     7035    6.48%
      5     7       44.6877    95       47.7818       44.6877     8589    6.48%
      7     8       44.7585    77       47.7818       44.6877     8785    6.48%
     11    10       45.1235    46       47.7818       44.6877     9185    6.48%
*    19+    8                           45.7421       44.6877             2.30%
     38    14       45.2065    54       45.7421       44.6877    10499    2.30%
     57    29        cutoff             45.7421       44.6877    15655    2.30%
*    67    28      integral     0       45.1235       44.6877    15593    0.97%
     96    28        cutoff             45.1235       44.6877    19352    0.97%
    205    21       45.0362   115       45.1235       44.7031    27254    0.93%
Elapsed time = 13.51 sec. (21885.29 ticks, tree = 1.33 MB, solutions = 14)

Cover cuts applied:  7
Mixed integer rounding cuts applied:  4
Zero-half cuts applied:  20
Lift and project cuts applied:  1
Gomory fractional cuts applied:  1

Root node processing (before b&c):
  Real time             =    8.34 sec. (17995.52 ticks)
Parallel b&c, 20 threads:
  Real time             =    5.23 sec. (4339.59 ticks)
  Sync time (average)   =    3.40 sec.
  Wait time (average)   =    0.00 sec.
                          ------------
Total (root+branch&cut) =   13.57 sec. (22335.11 ticks)
Truck arcs:
0 3
1 2
2 13
3 12
6 1
7 6
9 7
11 9
12 11
customer 4 is served by drone
start of this sortie: 11
end of this sortie: 7

customer 5 is served by drone
start of this sortie: 0
end of this sortie: 12

customer 8 is served by drone
start of this sortie: 12
end of this sortie: 11

customer 10 is served by drone
start of this sortie: 6
end of this sortie: 2

45.1235
In write mode
