Instance name: /home/cuong/CLionProjects/uMV-FSTSP/rand_generated_instances/v48
Write arg val: 1

drone speed: 1 miles/minute
uav non-eligible customer: 6 7 14 
Printing tau:
0 12.5177 1.24399 13.5594 6.59419 16.2528 10.4728 6.86908 11.1007 10.2738 11.6242 9.01522 17.7203 0 
12.5177 0 11.2737 4.54752 6.2406 9.29988 10.1394 15.4627 2.58702 2.2439 14.5807 10.6907 12.0925 12.5177 
1.24399 11.2737 0 12.3155 6.29691 15.0088 9.22879 7.16637 9.85672 9.02982 10.3803 7.77123 16.4763 1.24399 
13.5594 4.54752 12.3155 0 7.28234 4.75236 5.5919 10.9152 2.45874 3.28972 10.0331 6.14315 7.54497 13.5594 
6.59419 6.2406 6.29691 7.28234 0 9.97572 8.13997 13.4633 4.8236 3.9967 12.5812 8.69122 11.4432 6.59419 
16.2528 9.29988 15.0088 4.75236 9.97572 0 5.78005 10.3902 6.71286 8.04208 5.28079 7.2376 2.79261 16.2528 
10.4728 10.1394 9.22879 5.5919 8.13997 5.78005 0 5.32331 7.55239 8.88161 4.44125 1.45755 7.24753 10.4728 
6.86908 15.4627 7.16637 10.9152 13.4633 10.3902 5.32331 0 12.8757 14.2049 5.76167 4.77205 11.8577 6.86908 
11.1007 2.58702 9.85672 2.45874 4.8236 6.71286 7.55239 12.8757 0 1.32922 11.9936 8.10364 9.50546 11.1007 
10.2738 2.2439 9.02982 3.28972 3.9967 8.04208 8.88161 14.2049 1.32922 0 13.3229 9.43287 10.8347 10.2738 
11.6242 14.5807 10.3803 10.0331 12.5812 5.28079 4.44125 5.76167 11.9936 13.3229 0 3.89 6.09606 11.6242 
9.01522 10.6907 7.77123 6.14315 8.69122 7.2376 1.45755 4.77205 8.10364 9.43287 3.89 0 8.70508 9.01522 
17.7203 12.0925 16.4763 7.54497 11.4432 2.79261 7.24753 11.8577 9.50546 10.8347 6.09606 8.70508 0 17.7203 
0 0 0 0 0 0 0 0 0 0 0 0 0 0 
Printing tau_prime:
0 7.15765 0.602936 6.67049 4.29174 7.66888 4.9904 4.25713 5.94989 5.95102 6.16383 4.36328 8.51471 0 
7.15765 0 6.59842 2.19925 3.08915 4.72438 4.87601 7.93567 1.39049 1.21263 6.88628 5.3032 6.20565 7.15765 
0.602936 6.59842 0 6.06857 3.8001 7.09103 4.4364 4.01907 5.3697 5.39709 5.72019 3.83333 7.9705 0.602936 
6.67049 2.19925 6.06857 0 3.63701 2.57506 3.01097 6.29609 1.48241 2.19178 4.81685 3.60211 4.06173 6.67049 
4.29174 3.08915 3.8001 3.63701 0 5.82735 4.31696 6.34966 2.29068 1.91623 6.44428 4.2956 7.19284 4.29174 
7.66888 4.72438 7.09103 2.57506 5.82735 0 2.75333 5.69479 3.98906 4.72402 3.31027 3.47426 1.48714 7.66888 
4.9904 4.87601 4.4364 3.01097 4.31696 2.75333 0 3.31969 3.57251 4.18788 2.16285 0.734597 3.5384 4.9904 
4.25713 7.93567 4.01907 6.29609 6.34966 5.69479 3.31969 0 6.55272 7.01172 2.74772 2.69616 5.81118 4.25713 
5.94989 1.39049 5.3697 1.48241 2.29068 3.98906 3.57251 6.55272 0 0.737954 5.65924 3.94457 5.46042 5.94989 
5.95102 1.21263 5.39709 2.19178 1.91623 4.72402 4.18788 7.01172 0.737954 0 6.31264 4.4861 6.1975 5.95102 
6.16383 6.88628 5.72019 4.81685 6.44428 3.31027 2.16285 2.74772 5.65924 6.31264 0 2.20802 3.10387 6.16383 
4.36328 5.3032 3.83333 3.60211 4.2956 3.47426 0.734597 2.69616 3.94457 4.4861 2.20802 0 4.15648 4.36328 
8.51471 6.20565 7.9705 4.06173 7.19284 1.48714 3.5384 5.81118 5.46042 6.1975 3.10387 4.15648 0 8.51471 
0 0 0 0 0 0 0 0 0 0 0 0 0 0 
Printing number of nodes: 13

Version identifier: 22.1.1.0 | 2022-11-28 | 9160aff4d
CPXPARAM_ClockType                               0
CPXPARAM_Emphasis_MIP                            2
CPXPARAM_MIP_Tolerances_Integrality              0
Tried aggregator 2 times.
MIP Presolve eliminated 1870 rows and 606 columns.
MIP Presolve modified 3494 coefficients.
Aggregator did 2 substitutions.
Reduced MIP has 24312 rows, 2121 columns, and 1018044 nonzeros.
Reduced MIP has 2111 binaries, 0 generals, 0 SOSs, and 0 indicators.
Presolve time = 0.42 sec. (1054.67 ticks)
Found incumbent of value 142.115610 after 0.79 sec. (1779.50 ticks)
Probing fixed 237 vars, tightened 0 bounds.
Probing changed sense of 40 constraints.
Probing time = 0.32 sec. (451.14 ticks)
Tried aggregator 1 time.
MIP Presolve eliminated 58 rows and 277 columns.
MIP Presolve modified 26 coefficients.
Reduced MIP has 24254 rows, 1844 columns, and 1016693 nonzeros.
Reduced MIP has 1834 binaries, 0 generals, 0 SOSs, and 0 indicators.
Presolve time = 0.42 sec. (948.22 ticks)
Probing time = 0.07 sec. (34.45 ticks)
Tried aggregator 1 time.
Detecting symmetries...
Reduced MIP has 24254 rows, 1844 columns, and 1016693 nonzeros.
Reduced MIP has 1834 binaries, 0 generals, 0 SOSs, and 0 indicators.
Presolve time = 0.23 sec. (488.65 ticks)
Probing time = 0.02 sec. (32.16 ticks)
Clique table members: 500916.
MIP emphasis: optimality.
MIP search method: dynamic search.
Parallel mode: deterministic, using up to 20 threads.
Root relaxation solution time = 2.08 sec. (909.88 ticks)

        Nodes                                         Cuts/
   Node  Left     Objective  IInf  Best Integer    Best Bound    ItCnt     Gap

*     0+    0                          142.1156      -12.0000           108.44%
      0     0       40.1042   123      142.1156       40.1042     1731   71.78%
*     0+    0                           64.5500       40.1042            37.87%
      0     0       40.3710   169       64.5500      Cuts: 78     2944   37.46%
      0     0       40.4079   173       64.5500      Cuts: 26     3330   37.40%
*     0+    0                           58.9128       40.4079            31.41%
      0     0       40.4420   172       58.9128      Cuts: 34     3512   31.35%
*     0+    0                           47.2535       40.4420            14.41%
*     0+    0                           46.2167       40.4420            12.49%
      0     0  -1.00000e+75     0       46.2167       40.4420     3512   12.49%
      0     0       40.4570   185       46.2167      Cuts: 23     3655   12.46%
*     0+    0                           46.1786       40.4570            12.39%
      0     0       40.4761   197       46.1786       Cuts: 7     3774   12.35%
Detecting symmetries...
      0     0       40.4917   162       46.1786      Cuts: 15     3855   12.31%
      0     0       40.4934   201       46.1786      Cuts: 13     3908   12.31%
      0     0       40.4963   202       46.1786       Cuts: 8     3951   12.31%
*     0+    0                           44.1908       40.4963             8.36%
*     0+    0                           41.9550       40.4963             3.48%
Detecting symmetries...

Repeating presolve.
Tried aggregator 1 time.
MIP Presolve eliminated 1134 rows and 719 columns.
MIP Presolve modified 18718 coefficients.
Reduced MIP has 23115 rows, 1125 columns, and 610485 nonzeros.
Reduced MIP has 1115 binaries, 0 generals, 0 SOSs, and 0 indicators.
Presolve time = 0.52 sec. (2836.72 ticks)
Probing time = 0.09 sec. (25.83 ticks)
Tried aggregator 1 time.
Detecting symmetries...
MIP Presolve eliminated 25 rows and 0 columns.
MIP Presolve modified 143 coefficients.
Reduced MIP has 23081 rows, 1125 columns, and 610321 nonzeros.
Reduced MIP has 1115 binaries, 0 generals, 0 SOSs, and 0 indicators.
Presolve time = 0.16 sec. (425.59 ticks)
Represolve time = 0.84 sec. (3382.18 ticks)
Probing time = 0.02 sec. (25.74 ticks)
Clique table members: 162469.
MIP emphasis: optimality.
MIP search method: dynamic search.
Parallel mode: deterministic, using up to 20 threads.
Root relaxation solution time = 2.56 sec. (676.61 ticks)

        Nodes                                         Cuts/
   Node  Left     Objective  IInf  Best Integer    Best Bound    ItCnt     Gap

*     0+    0                           41.9550       40.4963             3.48%
      0     0       40.4963   201       41.9550       40.4963     6803    3.48%
      0     0       40.4999   210       41.9550       Cuts: 7     6833    3.47%
      0     0       40.5003   203       41.9550       Cuts: 3     6845    3.47%
      0     0       40.5008   207       41.9550       Cuts: 2     6859    3.47%
      0     0       40.5016   203       41.9550    Cliques: 1     6880    3.46%
Detecting symmetries...
      0     2       40.5016   202       41.9550       40.5016     6880    3.46%
Elapsed time = 19.77 sec. (29854.70 ticks, tree = 0.02 MB, solutions = 8)
      1     3       41.0161    68       41.9550       40.5017     8065    3.46%
      4     6       41.0161    50       41.9550       40.5488     8838    3.35%
      6     6       41.2655    66       41.9550       40.5488     9099    3.35%
     14    10        cutoff             41.9550       40.9320    11233    2.44%
     27    10       41.0011   285       41.9550       40.9652    11473    2.36%
     36    11       41.1657   220       41.9550       41.0027    13617    2.27%
     74    10       41.3183    51       41.9550       41.0161    14070    2.24%
     93    11        cutoff             41.9550       41.0161    17224    2.24%
    119    25       41.1568   220       41.9550       41.0161    24690    2.24%
    216    23       41.1811    63       41.9550       41.0161    31054    2.24%
Elapsed time = 32.13 sec. (33670.82 ticks, tree = 0.02 MB, solutions = 8)
    288    39        cutoff             41.9550       41.0161    57293    2.24%
    408    32    infeasible             41.9550       41.0161    65987    2.24%
    521    14        cutoff             41.9550       41.0161    81876    2.24%
    562     7       41.0861    51       41.9550       41.0161    90039    2.24%
    615    13       41.1540    75       41.9550       41.0161    94313    2.24%
    656    10       41.3234   264       41.9550       41.1573   102315    1.90%

Clique cuts applied:  25
Cover cuts applied:  48
Mixed integer rounding cuts applied:  2
Zero-half cuts applied:  25
Lift and project cuts applied:  1
Gomory fractional cuts applied:  3

Root node processing (before b&c):
  Real time             =   19.41 sec. (29784.34 ticks)
Parallel b&c, 20 threads:
  Real time             =   22.05 sec. (10175.99 ticks)
  Sync time (average)   =   11.82 sec.
  Wait time (average)   =    0.00 sec.
                          ------------
Total (root+branch&cut) =   41.47 sec. (39960.33 ticks)
Truck arcs:
0 7
2 13
3 8
4 2
6 3
7 11
8 9
9 4
11 6
customer 1 is served by drone
start of this sortie: 3
end of this sortie: 9

customer 5 is served by drone
start of this sortie: 6
end of this sortie: 3

customer 10 is served by drone
start of this sortie: 9
end of this sortie: 13

customer 12 is served by drone
start of this sortie: 0
end of this sortie: 6

41.955
In write mode
