Instance name: /home/cuong/CLionProjects/uMV-FSTSP/rand_generated_instances/v49
Write arg val: 1

drone speed: 1 miles/minute
uav non-eligible customer: 3 5 11 12 14 
Printing tau:
0 0.741405 1.46383 10.8627 12.5602 16.613 11.9048 7.59492 8.01369 9.93175 6.63573 2.09398 7.93322 0 
0.741405 0 2.20524 11.6041 13.3017 17.3544 11.5845 8.33632 8.7551 10.6732 7.37713 2.83538 8.58507 0.741405 
1.46383 2.20524 0 9.39891 11.0964 15.1492 11.3587 6.13109 6.54986 9.61136 5.55334 1.39207 8.47938 1.46383 
10.8627 11.6041 9.39891 0 15.9341 5.75027 3.52979 13.2332 11.0298 17.4403 13.3823 8.76877 16.3083 10.8627 
12.5602 13.3017 11.0964 15.9341 0 14.7241 19.4639 4.96533 4.90436 2.6285 5.92452 10.4663 4.71658 12.5602 
16.613 17.3544 15.1492 5.75027 14.7241 0 7.87457 12.0232 9.81977 16.2303 12.1723 14.519 15.0983 16.613 
11.9048 11.5845 11.3587 3.52979 19.4639 7.87457 0 16.763 14.5596 20.9701 16.912 9.96663 19.8381 11.9048 
7.59492 8.33632 6.13109 13.2332 4.96533 12.0232 16.763 0 2.2034 4.2071 0.959188 6.79633 3.07512 7.59492 
8.01369 8.7551 6.54986 11.0298 4.90436 9.81977 14.5596 2.2034 0 6.4105 2.35249 5.91972 5.27852 8.01369 
9.93175 10.6732 9.61136 17.4403 2.6285 16.2303 20.9701 4.2071 6.4105 0 4.05802 11.0034 2.08809 9.93175 
6.63573 7.37713 5.55334 13.3823 5.92452 12.1723 16.912 0.959188 2.35249 4.05802 0 6.94541 2.92603 6.63573 
2.09398 2.83538 1.39207 8.76877 10.4663 14.519 9.96663 6.79633 5.91972 11.0034 6.94541 0 9.87145 2.09398 
7.93322 8.58507 8.47938 16.3083 4.71658 15.0983 19.8381 3.07512 5.27852 2.08809 2.92603 9.87145 0 7.93322 
0 0 0 0 0 0 0 0 0 0 0 0 0 0 
Printing tau_prime:
0 0.380727 0.736522 6.46599 6.91053 8.52878 6.96157 4.25007 3.97958 6.3389 3.91875 1.34507 5.25905 0 
0.380727 0 1.045 6.65891 7.28802 8.79427 7.05642 4.62626 4.35896 6.69999 4.28964 1.5389 5.61396 0.380727 
0.736522 1.045 0 5.7664 6.47774 7.79327 6.35854 3.85274 3.43661 6.03847 3.57734 0.720331 5.00227 0.736522 
6.46599 6.65891 5.7664 0 7.55392 2.77007 1.94205 6.42556 5.37014 8.23313 6.61568 5.12779 7.81843 6.46599 
6.91053 7.28802 6.47774 7.55392 0 7.19915 9.35058 2.66457 3.15256 1.42809 3.0409 6.66235 2.2304 6.91053 
8.52878 8.79427 7.79327 2.77007 7.19915 0 4.33268 7.08492 6.15316 8.27393 7.41934 7.27434 8.23083 8.52878 
6.96157 7.05642 6.35854 1.94205 9.35058 4.33268 0 7.9205 6.87194 9.90137 8.0338 5.64668 9.36127 6.96157 
4.25007 4.62626 3.85274 6.42556 2.66457 7.08492 7.9205 0 1.05729 2.26865 0.457595 4.12177 1.45436 4.25007 
3.97958 4.35896 3.43661 5.37014 3.15256 6.15316 6.87194 1.05729 0 3.15431 1.28521 3.53201 2.48961 3.97958 
6.3389 6.69999 6.03847 8.23313 1.42809 8.27393 9.90137 2.26865 3.15431 0 2.46447 6.36843 1.11967 6.3389 
3.91875 4.28964 3.57734 6.61568 3.0409 7.41934 8.0338 0.457595 1.28521 2.46447 0 3.91198 1.49226 3.91875 
1.34507 1.5389 0.720331 5.12779 6.66235 7.27434 5.64668 4.12177 3.53201 6.36843 3.91198 0 5.38526 1.34507 
5.25905 5.61396 5.00227 7.81843 2.2304 8.23083 9.36127 1.45436 2.48961 1.11967 1.49226 5.38526 0 5.25905 
0 0 0 0 0 0 0 0 0 0 0 0 0 0 
Printing number of nodes: 13

Version identifier: 22.1.1.0 | 2022-11-28 | 9160aff4d
CPXPARAM_ClockType                               0
CPXPARAM_Emphasis_MIP                            2
CPXPARAM_MIP_Tolerances_Integrality              0
Tried aggregator 2 times.
MIP Presolve eliminated 5691 rows and 1032 columns.
MIP Presolve modified 2586 coefficients.
Aggregator did 2 substitutions.
Reduced MIP has 20883 rows, 1695 columns, and 842986 nonzeros.
Reduced MIP has 1687 binaries, 0 generals, 0 SOSs, and 0 indicators.
Presolve time = 0.37 sec. (910.06 ticks)
Found incumbent of value 139.176040 after 0.66 sec. (1488.18 ticks)
Probing fixed 179 vars, tightened 0 bounds.
Probing changed sense of 64 constraints.
Probing time = 0.18 sec. (326.65 ticks)
Tried aggregator 1 time.
MIP Presolve eliminated 88 rows and 243 columns.
MIP Presolve modified 44 coefficients.
Reduced MIP has 20795 rows, 1452 columns, and 841790 nonzeros.
Reduced MIP has 1444 binaries, 0 generals, 0 SOSs, and 0 indicators.
Presolve time = 0.24 sec. (569.10 ticks)
Probing time = 0.02 sec. (31.75 ticks)
Tried aggregator 1 time.
Detecting symmetries...
Reduced MIP has 20795 rows, 1452 columns, and 841790 nonzeros.
Reduced MIP has 1444 binaries, 0 generals, 0 SOSs, and 0 indicators.
Presolve time = 0.18 sec. (400.42 ticks)
Probing time = 0.02 sec. (31.34 ticks)
Clique table members: 402769.
MIP emphasis: optimality.
MIP search method: dynamic search.
Parallel mode: deterministic, using up to 20 threads.
Root relaxation solution time = 0.26 sec. (241.27 ticks)

        Nodes                                         Cuts/
   Node  Left     Objective  IInf  Best Integer    Best Bound    ItCnt     Gap

*     0+    0                          139.1760      -12.0000           108.62%
      0     0       47.6098    65      139.1760       47.6098      924   65.79%
*     0+    0                           50.4496       47.6098             5.63%
*     0+    0                           47.6098       47.6098             0.00%
      0     0        cutoff             47.6098       47.6098      924    0.00%
Elapsed time = 3.39 sec. (8428.81 ticks, tree = 0.01 MB, solutions = 3)

Root node processing (before b&c):
  Real time             =    3.39 sec. (8431.36 ticks)
Parallel b&c, 20 threads:
  Real time             =    0.00 sec. (0.00 ticks)
  Sync time (average)   =    0.00 sec.
  Wait time (average)   =    0.00 sec.
                          ------------
Total (root+branch&cut) =    3.39 sec. (8431.36 ticks)
Truck arcs:
0 1
1 12
2 13
3 11
5 3
7 8
8 5
10 7
11 2
12 10
customer 4 is served by drone
start of this sortie: 12
end of this sortie: 5

customer 6 is served by drone
start of this sortie: 5
end of this sortie: 11

customer 9 is served by drone
start of this sortie: 0
end of this sortie: 12

47.6098
In write mode
