Instance name: /home/cuong/CLionProjects/uMV-FSTSP/rand_generated_instances/v5
Write arg val: 1

drone speed: 1 miles/minute
uav non-eligible customer: 12 14 
Printing tau:
0 7.92806 11.0971 14.5476 7.79314 0.856343 9.58149 6.16845 12.6566 13.259 10.8706 13.9868 2.98409 0 
7.92806 0 4.79173 14.5558 5.41505 8.5091 9.58969 13.4649 7.11838 13.2672 10.8788 13.995 7.18622 7.92806 
11.0971 4.79173 0 9.76404 3.30397 11.6782 8.11043 16.634 2.32664 8.47547 11.539 9.20331 10.3553 11.0971 
14.5476 14.5558 9.76404 0 9.14072 13.6912 4.96609 10.5861 7.6074 1.44362 5.49118 0.967119 17.5317 14.5476 
7.79314 5.41505 3.30397 9.14072 0 8.37418 4.80645 13.33 4.86351 7.85215 8.23507 8.57999 8.39094 7.79314 
0.856343 8.5091 11.6782 13.6912 8.37418 0 8.72514 5.31211 13.2377 12.4027 10.0142 13.1305 3.84044 0.856343 
9.58149 9.58969 8.11043 4.96609 4.80645 8.72514 0 8.52358 9.66996 3.67752 3.42862 4.40535 12.5656 9.58149 
6.16845 13.4649 16.634 10.5861 13.33 5.31211 8.52358 0 18.1935 9.14252 5.09496 11.5533 9.15255 6.16845 
12.6566 7.11838 2.32664 7.6074 4.86351 13.2377 9.66996 18.1935 0 9.05101 13.0986 6.87667 11.9148 12.6566 
13.259 13.2672 8.47547 1.44362 7.85215 12.4027 3.67752 9.14252 9.05101 0 4.04757 2.41073 16.2431 13.259 
10.8706 10.8788 11.539 5.49118 8.23507 10.0142 3.42862 5.09496 13.0986 4.04757 0 6.4583 13.8546 10.8706 
13.9868 13.995 9.20331 0.967119 8.57999 13.1305 4.40535 11.5533 6.87667 2.41073 6.4583 0 16.9709 13.9868 
2.98409 7.18622 10.3553 17.5317 8.39094 3.84044 12.5656 9.15255 11.9148 16.2431 13.8546 16.9709 0 2.98409 
0 0 0 0 0 0 0 0 0 0 0 0 0 0 
Printing tau_prime:
0 3.73732 5.69655 7.25912 4.47132 0.487838 4.73111 3.90746 6.84341 6.47734 5.12866 7.17756 1.44953 0 
3.73732 0 2.70816 6.99457 2.55347 4.03188 5.08548 6.98341 4.02853 6.57778 6.47052 6.65859 3.6666 3.73732 
5.69655 2.70816 0 5.41424 1.58498 5.80808 4.44221 7.86848 1.32039 5.33242 6.15 4.95569 6.10223 5.69655 
7.25912 6.99457 5.41424 0 4.49893 6.97854 2.53492 6.36441 5.01525 0.912193 3.11532 0.526991 8.51029 7.25912 
4.47132 2.55347 1.58498 4.49893 0 4.49281 3.0011 6.29408 2.42922 4.19501 4.65877 4.13046 5.16675 4.47132 
0.487838 4.03188 5.80808 6.97854 4.49281 0 4.44364 3.42471 6.90164 6.1708 4.7212 6.92717 1.91479 0.487838 
4.73111 5.08548 4.44221 2.53492 3.0011 4.44364 0 4.3282 4.70497 1.75798 1.72673 2.52041 6.01725 4.73111 
3.90746 6.98341 7.86848 6.36441 6.29408 3.42471 4.3282 0 8.588 5.45408 3.26831 6.57613 5.2322 3.90746 
6.84341 4.02853 1.32039 5.01525 2.42922 6.90164 4.70497 8.588 0 5.15814 6.42414 4.50634 7.36141 6.84341 
6.47734 6.57778 5.33242 0.912193 4.19501 6.1708 1.75798 5.45408 5.15814 0 2.21548 1.1871 7.77517 6.47734 
5.12866 6.47052 6.15 3.11532 4.65877 4.7212 1.72673 3.26831 6.42414 2.21548 0 3.38036 6.55494 5.12866 
7.17756 6.65859 4.95569 0.526991 4.13046 6.92717 2.52041 6.57613 4.50634 1.1871 3.38036 0 8.37766 7.17756 
1.44953 3.6666 6.10223 8.51029 5.16675 1.91479 6.01725 5.2322 7.36141 7.77517 6.55494 8.37766 0 1.44953 
0 0 0 0 0 0 0 0 0 0 0 0 0 0 
Printing number of nodes: 13

Version identifier: 22.1.1.0 | 2022-11-28 | 9160aff4d
CPXPARAM_ClockType                               0
CPXPARAM_Emphasis_MIP                            2
CPXPARAM_MIP_Tolerances_Integrality              0
Tried aggregator 2 times.
MIP Presolve eliminated 605 rows and 421 columns.
MIP Presolve modified 3501 coefficients.
Aggregator did 2 substitutions.
Reduced MIP has 25381 rows, 2306 columns, and 1080879 nonzeros.
Reduced MIP has 2295 binaries, 0 generals, 0 SOSs, and 0 indicators.
Presolve time = 0.50 sec. (1473.18 ticks)
Found incumbent of value 115.095180 after 0.88 sec. (2230.54 ticks)
Probing fixed 260 vars, tightened 0 bounds.
Probing changed sense of 22 constraints.
Probing time = 0.31 sec. (521.90 ticks)
Tried aggregator 1 time.
MIP Presolve eliminated 37 rows and 282 columns.
MIP Presolve modified 76 coefficients.
Reduced MIP has 25344 rows, 2024 columns, and 1079497 nonzeros.
Reduced MIP has 2013 binaries, 0 generals, 0 SOSs, and 0 indicators.
Presolve time = 0.43 sec. (1006.89 ticks)
Probing time = 0.03 sec. (37.47 ticks)
Tried aggregator 1 time.
Detecting symmetries...
Reduced MIP has 25344 rows, 2024 columns, and 1079497 nonzeros.
Reduced MIP has 2013 binaries, 0 generals, 0 SOSs, and 0 indicators.
Presolve time = 0.24 sec. (523.35 ticks)
Probing time = 0.02 sec. (35.24 ticks)
Clique table members: 529452.
MIP emphasis: optimality.
MIP search method: dynamic search.
Parallel mode: deterministic, using up to 20 threads.
Root relaxation solution time = 1.83 sec. (885.97 ticks)

        Nodes                                         Cuts/
   Node  Left     Objective  IInf  Best Integer    Best Bound    ItCnt     Gap

*     0+    0                          115.0952       -9.2873           108.07%
      0     0       36.3420   215      115.0952       36.3420       14   68.42%
      0     0       37.3339   241      115.0952      Cuts: 49     1868   67.56%
      0     0       37.4665   255      115.0952      Cuts: 26     2104   67.45%
      0     0       37.5612   261      115.0952      Cuts: 24     2323   67.37%
      0     0       37.5995   275      115.0952      Cuts: 14     2452   67.33%
      0     0       37.6118   260      115.0952   ZeroHalf: 4     2521   67.32%
Detecting symmetries...
      0     0       37.6290   273      115.0952       Cuts: 8     2609   67.31%
      0     0       37.6421   315      115.0952       Cuts: 6     2692   67.29%
      0     0       37.6445   280      115.0952   ZeroHalf: 1     2729   67.29%
      0     0       37.6546   277      115.0952   ZeroHalf: 2     2822   67.28%
      0     0       37.6742   317      115.0952   ZeroHalf: 4     2918   67.27%
      0     0       37.6799   282      115.0952       Cuts: 5     2993   67.26%
      0     0       37.6845   297      115.0952       Cuts: 8     3042   67.26%
*     0+    0                           47.5034       37.6845            20.67%
      0     0       37.6859   301       47.5034       Cuts: 5     3081   20.67%
*     0+    0                           45.5521       37.6859            17.27%
Detecting symmetries...
      0     2       37.6859   301       45.5521       37.6859     3081   17.27%
Elapsed time = 17.55 sec. (29001.36 ticks, tree = 0.02 MB, solutions = 3)
      1     3       38.9432   289       45.5521       37.6898     3614   17.26%
      2     4       39.1754   322       45.5521       37.6898     3932   17.26%
      4     5       39.2698   202       45.5521       37.6898     4208   17.26%
      5     5       44.9022    62       45.5521       37.6898     5194   17.26%
      7     6       43.3086    29       45.5521       38.9448     5331   14.50%
      8     4       43.7409   157       45.5521       38.9448     5840   14.50%
*     9+    8                           43.3086       38.9448            10.08%
     11     7       40.4045   277       43.3086       38.9448     5837   10.08%
     17    10       43.4002    96       43.3086       40.4495     8205    6.60%
     20    11       43.7583   152       43.3086       40.4495     9820    6.60%

Clique cuts applied:  22
Implied bound cuts applied:  2
Mixed integer rounding cuts applied:  7
Zero-half cuts applied:  28
Gomory fractional cuts applied:  1

Root node processing (before b&c):
  Real time             =   17.38 sec. (28695.59 ticks)
Parallel b&c, 20 threads:
  Real time             =    4.79 sec. (4570.13 ticks)
  Sync time (average)   =    3.69 sec.
  Wait time (average)   =    0.00 sec.
                          ------------
Total (root+branch&cut) =   22.17 sec. (33265.72 ticks)
Truck arcs:
0 5
3 11
4 12
5 7
6 4
7 10
9 3
10 9
11 6
12 13
customer 1 is served by drone
start of this sortie: 4
end of this sortie: 13

customer 2 is served by drone
start of this sortie: 11
end of this sortie: 4

customer 8 is served by drone
start of this sortie: 0
end of this sortie: 3

43.3086
In write mode
