Instance name: /home/cuong/CLionProjects/uMV-FSTSP/rand_generated_instances/v51
Write arg val: 1

drone speed: 1 miles/minute
uav non-eligible customer: 14 
Printing tau:
0 14.0326 15.7417 6.45782 8.71259 9.95988 13.4433 7.42272 7.66811 11.3504 5.14448 1.74179 2.00669 0 
14.0326 0 12.1958 7.5748 10.3235 4.07274 8.47323 20.1955 6.3645 15.6464 19.1771 15.1753 12.0259 14.0326 
15.7417 12.1958 0 17.3334 7.02909 14.7345 4.68805 8.31895 14.1587 4.39126 11.9468 17.4835 14.3585 15.7417 
6.45782 7.5748 17.3334 0 10.3043 3.50206 15.0351 12.6207 3.17477 12.9422 11.6023 7.60048 4.45112 6.45782 
8.71259 10.3235 7.02909 10.3043 0 7.70543 4.73073 9.87196 7.12957 5.32281 8.85355 10.4544 7.32939 8.71259 
9.95988 4.07274 14.7345 3.50206 7.70543 0 12.4362 16.1228 2.29176 11.5736 15.1044 11.1025 7.95318 9.95988 
13.4433 8.47323 4.68805 15.0351 4.73073 12.4362 0 12.6877 11.8603 8.13858 11.6693 15.1851 12.0601 13.4433 
7.42272 20.1955 8.31895 12.6207 9.87196 16.1228 12.6877 0 13.831 4.54916 3.62782 9.16451 8.16959 7.42272 
7.66811 6.3645 14.1587 3.17477 7.12957 2.29176 11.8603 13.831 0 9.7674 12.8126 8.81077 5.66142 7.66811 
11.3504 15.6464 4.39126 12.9422 5.32281 11.5736 8.13858 4.54916 9.7674 0 7.55551 13.0922 9.96722 11.3504 
5.14448 19.1771 11.9468 11.6023 8.85355 15.1044 11.6693 3.62782 12.8126 7.55551 0 5.53669 7.15118 5.14448 
1.74179 15.1753 17.4835 7.60048 10.4544 11.1025 15.1851 9.16451 8.81077 13.0922 5.53669 0 3.14935 1.74179 
2.00669 12.0259 14.3585 4.45112 7.32939 7.95318 12.0601 8.16959 5.66142 9.96722 7.15118 3.14935 0 2.00669 
0 0 0 0 0 0 0 0 0 0 0 0 0 0 
Printing tau_prime:
0 7.01769 7.47104 3.13536 4.46384 4.71908 7.04425 4.54797 3.69101 5.40444 3.01356 0.982005 1.14892 0 
7.01769 0 7.67051 4.7243 5.17648 2.67881 5.33671 9.5902 3.39866 7.96544 9.05713 7.82217 5.91587 7.01769 
7.47104 7.67051 0 8.45645 3.42908 7.93152 2.46127 5.44059 7.21837 2.63267 6.52284 8.36061 6.76913 7.47104 
3.13536 4.7243 8.45645 0 5.02737 2.05582 7.08767 7.31123 1.60167 7.19027 6.0301 3.5836 2.52379 3.13536 
4.46384 5.17648 3.42908 5.02737 0 4.67728 2.59523 4.69324 3.84433 2.80041 4.77421 5.43309 3.54708 4.46384 
4.71908 2.67881 7.93152 2.05582 4.67728 0 6.08199 8.17997 1.11393 7.31713 7.24052 5.39183 3.75336 4.71908 
7.04425 5.33671 2.46127 7.08767 2.59523 6.08199 0 6.62028 5.61692 3.96139 7.13777 8.01912 6.07106 7.04425 
4.54797 9.5902 5.44059 7.31123 4.69324 8.17997 6.62028 0 7.07733 2.8332 1.77628 4.92592 4.7893 4.54797 
3.69101 3.39866 7.21837 1.60167 3.84433 1.11393 5.61692 7.07733 0 6.35181 6.12926 4.43932 2.67048 3.69101 
5.40444 7.96544 2.63267 7.19027 2.80041 7.31713 3.96139 2.8332 6.35181 0 3.93141 6.17572 4.99896 5.40444 
3.01356 9.05713 6.52284 6.0301 4.77421 7.24052 7.13777 1.77628 6.12926 3.93141 0 3.22041 3.55764 3.01356 
0.982005 7.82217 8.36061 3.5836 5.43309 5.39183 8.01912 4.92592 4.43932 6.17572 3.22041 0 2.09146 0.982005 
1.14892 5.91587 6.76913 2.52379 3.54708 3.75336 6.07106 4.7893 2.67048 4.99896 3.55764 2.09146 0 1.14892 
0 0 0 0 0 0 0 0 0 0 0 0 0 0 
Printing number of nodes: 13

Version identifier: 22.1.1.0 | 2022-11-28 | 9160aff4d
CPXPARAM_ClockType                               0
CPXPARAM_Emphasis_MIP                            2
CPXPARAM_MIP_Tolerances_Integrality              0
Tried aggregator 1 time.
MIP Presolve eliminated 366 rows and 292 columns.
MIP Presolve modified 3672 coefficients.
Reduced MIP has 25426 rows, 2437 columns, and 1092853 nonzeros.
Reduced MIP has 2425 binaries, 0 generals, 0 SOSs, and 0 indicators.
Presolve time = 0.49 sec. (1437.94 ticks)
Found incumbent of value 148.460000 after 0.89 sec. (2233.37 ticks)
Probing fixed 269 vars, tightened 0 bounds.
Probing time = 0.38 sec. (565.68 ticks)
Tried aggregator 1 time.
MIP Presolve eliminated 14 rows and 269 columns.
MIP Presolve modified 201 coefficients.
Reduced MIP has 25412 rows, 2168 columns, and 1091486 nonzeros.
Reduced MIP has 2156 binaries, 0 generals, 0 SOSs, and 0 indicators.
Presolve time = 0.26 sec. (705.18 ticks)
Probing time = 0.03 sec. (36.55 ticks)
Tried aggregator 1 time.
Detecting symmetries...
MIP Presolve modified 11 coefficients.
Reduced MIP has 25412 rows, 2168 columns, and 1091486 nonzeros.
Reduced MIP has 2156 binaries, 0 generals, 0 SOSs, and 0 indicators.
Presolve time = 0.25 sec. (554.63 ticks)
Probing time = 0.03 sec. (36.65 ticks)
Clique table members: 534302.
MIP emphasis: optimality.
MIP search method: dynamic search.
Parallel mode: deterministic, using up to 20 threads.
Root relaxation solution time = 2.15 sec. (986.05 ticks)

        Nodes                                         Cuts/
   Node  Left     Objective  IInf  Best Integer    Best Bound    ItCnt     Gap

*     0+    0                          148.4600      -12.0000           108.08%
*     0+    0                          128.5421      -12.0000           109.34%
      0     0       38.6090   182      128.5421       38.6090       19   69.96%
*     0+    0                           95.7854       38.6090            59.69%
      0     0       39.9138   236       95.7854      Cuts: 84     1718   58.33%
      0     0       40.0482   247       95.7854      Cuts: 18     1917   58.19%
      0     0       40.1317   250       95.7854      Cuts: 20     2063   58.10%
*     0+    0                           47.4727       40.1317            15.46%
      0     0       40.1727   251       47.4727      Cuts: 12     2165   15.34%
      0     0       40.2297   263       47.4727      Cuts: 15     2260   15.26%
Detecting symmetries...
*     0+    0                           47.3546       40.2297            15.05%
      0     0       40.2573   245       47.3546       Cuts: 8     2333   14.99%
      0     0       40.2647   252       47.3546       Cuts: 5     2370   14.97%
      0     0       40.2833   252       47.3546      Cuts: 10     2440   14.93%
      0     0       40.3010   259       47.3546       Cuts: 6     2490   14.90%
      0     0       40.3299   259       47.3546       Cuts: 6     2556   14.83%
      0     0       40.3576   277       47.3546       Cuts: 5     2652   14.78%
      0     0       40.3626   274       47.3546       Cuts: 5     2697   14.77%
      0     0       40.3993   273       47.3546       Cuts: 5     2769   14.69%
      0     0       40.4179   269       47.3546       Cuts: 7     2840   14.65%
      0     0       40.4272   279       47.3546    MIRcuts: 2     2874   14.63%
      0     0       40.4336   280       47.3546   ZeroHalf: 4     2913   14.62%
      0     0       40.4366   280       47.3546       Cuts: 3     2933   14.61%
*     0+    0                           46.5909       40.4366            13.21%
Detecting symmetries...
      0     2       40.4366   280       46.5909       40.4366     2933   13.21%
Elapsed time = 21.30 sec. (36960.90 ticks, tree = 0.02 MB, solutions = 6)
      1     3       40.6689   372       46.5909       40.4383     3255   13.21%
      2     4       40.9421   340       46.5909       40.4383     3524   13.21%
      4     5       41.7731   167       46.5909       40.4383     3878   13.21%
      7     7       41.8881   329       46.5909       40.4383     4166   13.21%
     10    12       43.6706   359       46.5909       40.4383     5960   13.21%
     18    19       43.9792   286       46.5909       40.4383     8400   13.21%
     30    12       44.1102   327       46.5909       41.9081     6108   10.05%
     42    17       44.4607   162       46.5909       41.9081     8428   10.05%
     62    36       45.5530   318       46.5909       41.9081    16095   10.05%
    122    44       45.5687   338       46.5909       41.9081    18053   10.05%
Elapsed time = 38.05 sec. (40744.99 ticks, tree = 0.05 MB, solutions = 6)
*   202    90      integral     0       46.3324       42.6013    36476    8.05%
*   315    92      integral     0       46.0631       42.6013    43600    7.52%
*   337+  109                           46.0298       42.6013             7.45%
    338    97       44.5159   283       46.0298       42.6013    44354    7.45%
*   350+  113                           45.5965       42.6013             6.57%
    492    86        cutoff             45.5965       42.6013    70940    6.57%
*   584+   92                           45.1595       42.6013             5.66%
    668    73        cutoff             45.1595       42.6013    91419    5.66%
    823    20        cutoff             45.1595       44.2462   117680    2.02%
*   851    19      integral     0       45.0255       44.2462   117808    1.73%
    925    13       44.6948    73       45.0255       44.4365   132657    1.31%

Clique cuts applied:  17
Implied bound cuts applied:  4
Mixed integer rounding cuts applied:  9
Zero-half cuts applied:  43
Gomory fractional cuts applied:  2

Root node processing (before b&c):
  Real time             =   21.15 sec. (36642.00 ticks)
Parallel b&c, 20 threads:
  Real time             =   43.86 sec. (10605.48 ticks)
  Sync time (average)   =   18.40 sec.
  Wait time (average)   =    0.00 sec.
                          ------------
Total (root+branch&cut) =   65.01 sec. (47247.48 ticks)
Truck arcs:
0 12
3 5
4 9
5 8
7 10
8 4
9 7
10 13
12 3
customer 1 is served by drone
start of this sortie: 0
end of this sortie: 5

customer 2 is served by drone
start of this sortie: 4
end of this sortie: 7

customer 6 is served by drone
start of this sortie: 5
end of this sortie: 4

customer 11 is served by drone
start of this sortie: 7
end of this sortie: 13

45.0255
In write mode
