Instance name: /home/cuong/CLionProjects/uMV-FSTSP/rand_generated_instances/v52
Write arg val: 1

drone speed: 1 miles/minute
uav non-eligible customer: 9 14 
Printing tau:
0 8.98499 9.28092 5.01277 3.56984 13.8717 3.27976 3.08037 10.197 14.72 12.2823 11.8208 11.9119 0 
8.98499 0 3.85068 13.9978 12.5548 13.7141 12.2647 10.3072 10.0394 5.73503 7.34496 11.6632 7.1288 8.98499 
9.28092 3.85068 0 14.2937 12.8508 17.5648 12.5607 10.6032 13.8901 6.50576 11.1956 15.5139 10.9795 9.28092 
5.01277 13.9978 14.2937 0 2.8824 11.5632 1.73301 5.38888 7.8885 19.7328 17.295 9.51224 16.9247 5.01277 
3.56984 12.5548 12.8508 2.8824 0 14.4456 3.76528 2.50647 10.7709 18.2899 15.8521 12.3946 15.4818 3.56984 
13.8717 13.7141 17.5648 11.5632 14.4456 0 10.6803 16.9521 3.67469 11.059 7.77953 2.05094 7.40919 13.8717 
3.27976 12.2647 12.5607 1.73301 3.76528 10.6803 0 6.27176 7.00562 17.9998 15.562 8.62936 15.1917 3.27976 
3.08037 10.3072 10.6032 5.38888 2.50647 16.9521 6.27176 0 13.2774 16.0423 13.6045 14.9011 13.2342 3.08037 
10.197 10.0394 13.8901 7.8885 10.7709 3.67469 7.00562 13.2774 0 12.786 10.3482 2.14385 9.97789 10.197 
14.72 5.73503 6.50576 19.7328 18.2899 11.059 17.9998 16.0423 12.786 0 4.68988 10.6421 4.47373 14.72 
12.2823 7.34496 11.1956 17.295 15.8521 7.77953 15.562 13.6045 10.3482 4.68988 0 8.20438 0.37034 12.2823 
11.8208 11.6632 15.5139 9.51224 12.3946 2.05094 8.62936 14.9011 2.14385 10.6421 8.20438 0 7.83404 11.8208 
11.9119 7.1288 10.9795 16.9247 15.4818 7.40919 15.1917 13.2342 9.97789 4.47373 0.37034 7.83404 0 11.9119 
0 0 0 0 0 0 0 0 0 0 0 0 0 0 
Printing tau_prime:
0 4.23622 4.70873 2.60159 1.70445 6.87505 2.15725 1.58023 4.89261 7.06462 6.78466 5.89462 6.58256 0 
4.23622 0 1.82058 6.67606 5.92844 6.80143 5.95591 5.093 5.78323 2.97919 3.79533 5.96488 3.63278 4.23622 
4.70873 1.82058 0 7.30797 6.23381 8.58103 6.75223 5.00673 7.40738 3.99746 5.46403 7.71364 5.32231 4.70873 
2.60159 6.67606 7.30797 0 1.51952 7.0593 0.916855 3.07896 4.95505 9.30516 8.51269 6.20256 8.31631 2.60159 
1.70445 5.92844 6.23381 1.51952 0 7.80087 1.78023 1.58703 5.70195 8.76847 8.38674 6.86562 8.18493 1.70445 
6.87505 6.80143 8.58103 7.0593 7.80087 0 6.22961 8.44989 2.11353 7.09765 4.7396 0.987347 4.67291 6.87505 
2.15725 5.95591 6.75223 0.916855 1.78023 6.22961 0 3.09719 4.1167 8.48705 7.61231 5.34584 7.41704 2.15725 
1.58023 5.093 5.00673 3.07896 1.58703 8.44989 3.09719 0 6.4445 8.0565 8.12515 7.4715 7.92483 1.58023 
4.89261 5.78323 7.40738 4.95505 5.70195 2.11353 4.1167 6.4445 0 6.96036 5.04085 1.26777 4.89966 4.89261 
7.06462 2.97919 3.99746 9.30516 8.76847 7.09765 8.48705 8.0565 6.96036 0 2.49166 6.57268 2.48996 7.06462 
6.78466 3.79533 5.46403 8.51269 8.38674 4.7396 7.61231 8.12515 5.04085 2.49166 0 4.37058 0.202141 6.78466 
5.89462 5.96488 7.71364 6.20256 6.86562 0.987347 5.34584 7.4715 1.26777 6.57268 4.37058 0 4.267 5.89462 
6.58256 3.63278 5.32231 8.31631 8.18493 4.67291 7.41704 7.92483 4.89966 2.48996 0.202141 4.267 0 6.58256 
0 0 0 0 0 0 0 0 0 0 0 0 0 0 
Printing number of nodes: 13

Version identifier: 22.1.1.0 | 2022-11-28 | 9160aff4d
CPXPARAM_ClockType                               0
CPXPARAM_Emphasis_MIP                            2
CPXPARAM_MIP_Tolerances_Integrality              0
Tried aggregator 2 times.
MIP Presolve eliminated 606 rows and 447 columns.
MIP Presolve modified 3235 coefficients.
Aggregator did 2 substitutions.
Reduced MIP has 25380 rows, 2280 columns, and 1080797 nonzeros.
Reduced MIP has 2269 binaries, 0 generals, 0 SOSs, and 0 indicators.
Presolve time = 0.43 sec. (1097.35 ticks)
Found incumbent of value 149.568570 after 0.83 sec. (1860.58 ticks)
Probing fixed 254 vars, tightened 0 bounds.
Probing changed sense of 22 constraints.
Probing time = 0.32 sec. (503.82 ticks)
Tried aggregator 1 time.
MIP Presolve eliminated 37 rows and 276 columns.
MIP Presolve modified 250 coefficients.
Reduced MIP has 25343 rows, 2004 columns, and 1079436 nonzeros.
Reduced MIP has 1993 binaries, 0 generals, 0 SOSs, and 0 indicators.
Presolve time = 0.45 sec. (1024.18 ticks)
Probing time = 0.34 sec. (37.58 ticks)
Tried aggregator 1 time.
Detecting symmetries...
Reduced MIP has 25343 rows, 2004 columns, and 1079436 nonzeros.
Reduced MIP has 1993 binaries, 0 generals, 0 SOSs, and 0 indicators.
Presolve time = 0.24 sec. (522.49 ticks)
Probing time = 0.02 sec. (35.23 ticks)
Clique table members: 531098.
MIP emphasis: optimality.
MIP search method: dynamic search.
Parallel mode: deterministic, using up to 20 threads.
Root relaxation solution time = 1.89 sec. (921.19 ticks)

        Nodes                                         Cuts/
   Node  Left     Objective  IInf  Best Integer    Best Bound    ItCnt     Gap

*     0+    0                          149.5686      -12.0000           108.02%
      0     0       47.5220   168      149.5686       47.5220     3153   68.23%
*     0+    0                           48.7526       47.5220             2.52%
      0     0       48.1672   198       48.7526      Cuts: 97     3793    0.17%
      0     0       48.2060   203       48.7526      Cuts: 40     3927    0.17%
Detecting symmetries...

Repeating presolve.
Tried aggregator 1 time.
MIP Presolve eliminated 133 rows and 1032 columns.
MIP Presolve modified 142 coefficients.
Reduced MIP has 25210 rows, 972 columns, and 988280 nonzeros.
Reduced MIP has 961 binaries, 0 generals, 0 SOSs, and 0 indicators.
Presolve time = 0.29 sec. (881.70 ticks)
Probing time = 0.11 sec. (32.68 ticks)
Tried aggregator 1 time.
Detecting symmetries...
MIP Presolve eliminated 5 rows and 1 columns.
MIP Presolve modified 5 coefficients.
Reduced MIP has 25205 rows, 971 columns, and 988258 nonzeros.
Reduced MIP has 960 binaries, 0 generals, 0 SOSs, and 0 indicators.
Presolve time = 0.48 sec. (1202.82 ticks)
Represolve time = 0.95 sec. (2222.74 ticks)
Probing time = 0.02 sec. (32.28 ticks)
Clique table members: 87118.
MIP emphasis: optimality.
MIP search method: dynamic search.
Parallel mode: deterministic, using up to 20 threads.
Root relaxation solution time = 2.11 sec. (714.62 ticks)

        Nodes                                         Cuts/
   Node  Left     Objective  IInf  Best Integer    Best Bound    ItCnt     Gap

*     0+    0                           48.7526       48.6696             0.17%
      0     0       48.2060   202       48.7526       48.6696     5252    0.17%
      0     0       48.2617   190       48.7526      Cuts: 51     5470    0.17%
      0     0       48.2965   201       48.7526      Cuts: 31     5625    0.17%
      0     0       48.3153   214       48.7526      Cuts: 17     5746    0.17%
Detecting symmetries...
      0     2       48.3153   214       48.7526       48.6696     5746    0.17%
Elapsed time = 31.01 sec. (52074.25 ticks, tree = 0.02 MB, solutions = 2)
      3     3        cutoff             48.7526       48.6696     6097    0.17%
      7     7       48.6696    47       48.7526       48.6696     6717    0.17%
     16    10       48.6696    40       48.7526       48.6696     7685    0.17%
     34    13       48.6696    14       48.7526       48.6696     8911    0.17%
     67    24        cutoff             48.7526       48.6696    12164    0.17%
    120    34        cutoff             48.7526       48.6696    16381    0.17%
    157    28        cutoff             48.7526       48.6696    20810    0.17%
    180     7        cutoff             48.7526       48.6696    26478    0.17%
    188    10       48.6696    51       48.7526       48.6696    25906    0.17%
    241     8       48.6696    59       48.7526       48.6696    31059    0.17%
Elapsed time = 36.46 sec. (55246.24 ticks, tree = 0.02 MB, solutions = 2)

Clique cuts applied:  42
Cover cuts applied:  55
Mixed integer rounding cuts applied:  1
Zero-half cuts applied:  22
Gomory fractional cuts applied:  1

Root node processing (before b&c):
  Real time             =   30.91 sec. (51972.40 ticks)
Parallel b&c, 20 threads:
  Real time             =    6.32 sec. (3806.05 ticks)
  Sync time (average)   =    3.57 sec.
  Wait time (average)   =    0.00 sec.
                          ------------
Total (root+branch&cut) =   37.23 sec. (55778.45 ticks)
Truck arcs:
0 1
1 9
5 11
6 13
8 6
9 10
10 12
11 8
12 5
customer 2 is served by drone
start of this sortie: 1
end of this sortie: 9

customer 3 is served by drone
start of this sortie: 8
end of this sortie: 6

customer 4 is served by drone
start of this sortie: 9
end of this sortie: 8

customer 7 is served by drone
start of this sortie: 0
end of this sortie: 1

48.7526
In write mode
