Instance name: /home/cuong/CLionProjects/uMV-FSTSP/rand_generated_instances/v53
Write arg val: 1

drone speed: 1 miles/minute
uav non-eligible customer: 1 3 7 11 14 
Printing tau:
0 4.98467 4.88657 4.61183 10.5591 7.85699 1.14273 2.5716 3.9609 6.99935 5.0243 5.62382 9.1315 0 
4.98467 0 7.12324 9.5965 8.32244 12.6829 3.84193 4.96366 6.19758 11.984 9.84346 3.99585 9.68723 4.98467 
4.88657 7.12324 0 7.17754 15.4457 10.264 5.24159 7.45817 0.925667 9.56505 7.4245 10.5104 14.0181 4.88657 
4.61183 9.5965 7.17754 0 10.5025 7.91361 5.75457 4.63284 7.62619 2.38751 5.08092 5.60065 9.07488 4.61183 
10.5591 8.32244 15.4457 10.5025 0 18.4161 10.2041 7.98751 14.52 9.44313 15.5834 4.93529 1.90142 10.5591 
7.85699 12.6829 10.264 7.91361 18.4161 0 8.84099 10.4286 10.7126 8.97297 2.83946 13.4808 16.9885 7.85699 
1.14273 3.84193 5.24159 5.75457 10.2041 8.84099 0 2.21658 4.31592 8.14208 6.00152 5.2688 8.77648 1.14273 
2.5716 4.96366 7.45817 4.63284 7.98751 10.4286 2.21658 0 6.53251 7.02035 7.5959 3.05222 6.5599 2.5716 
3.9609 6.19758 0.925667 7.62619 14.52 10.7126 4.31592 6.53251 0 10.0137 7.87315 9.58472 13.0924 3.9609 
6.99935 11.984 9.56505 2.38751 9.44313 8.97297 8.14208 7.02035 10.0137 0 6.14028 7.98816 8.01552 6.99935 
5.0243 9.84346 7.4245 5.08092 15.5834 2.83946 6.00152 7.5959 7.87315 6.14028 0 10.6481 14.1558 5.0243 
5.62382 3.99585 10.5104 5.60065 4.93529 13.4808 5.2688 3.05222 9.58472 7.98816 10.6481 0 5.69138 5.62382 
9.1315 9.68723 14.0181 9.07488 1.90142 16.9885 8.77648 6.5599 13.0924 8.01552 14.1558 5.69138 0 9.1315 
0 0 0 0 0 0 0 0 0 0 0 0 0 0 
Printing tau_prime:
0 2.57551 2.60177 2.1742 5.14978 5.18535 0.564087 1.2123 2.3464 3.3412 3.29483 2.69176 4.84191 0 
2.57551 0 3.54626 4.6391 5.37239 7.6411 2.01666 2.34521 3.06565 5.67397 5.76609 2.46935 5.60518 2.57551 
2.60177 3.54626 0 4.10832 7.70818 5.03703 2.56034 3.71483 0.484915 5.32334 3.50055 5.0101 7.44363 2.60177 
2.1742 4.6391 4.10832 0 5.02396 4.0042 2.71637 2.48499 4.06337 1.2313 2.39799 3.72263 4.27815 2.1742 
5.14978 5.37239 7.70818 5.02396 0 8.98313 5.15704 3.99346 7.37339 4.87163 7.40985 2.93337 1.12086 5.14978 
5.18535 7.6411 5.03703 4.0042 8.98313 0 5.6882 6.11633 5.37359 4.24271 1.89072 7.56009 8.13201 5.18535 
0.564087 2.01666 2.56034 2.71637 5.15704 5.6882 0 1.17109 2.21761 3.85494 3.79928 2.4848 4.9709 0.564087 
1.2123 2.34521 3.71483 2.48499 3.99346 6.11633 1.17109 0 3.38735 3.37982 4.25598 1.50943 3.81064 1.2123 
2.3464 3.06565 0.484915 4.06337 7.37339 5.37359 2.21761 3.38735 0 5.29253 3.74514 4.61807 7.16414 2.3464 
3.3412 5.67397 5.32334 1.2313 4.87163 4.24271 3.85494 3.37982 5.29253 0 3.0654 4.32387 3.93061 3.3412 
3.29483 5.76609 3.50055 2.39799 7.40985 1.89072 3.79928 4.25598 3.74514 3.0654 0 5.72668 6.67351 3.29483 
2.69176 2.46935 5.0101 3.72263 2.93337 7.56009 2.4848 1.50943 4.61807 4.32387 5.72668 0 3.15157 2.69176 
4.84191 5.60518 7.44363 4.27815 1.12086 8.13201 4.9709 3.81064 7.16414 3.93061 6.67351 3.15157 0 4.84191 
0 0 0 0 0 0 0 0 0 0 0 0 0 0 
Printing number of nodes: 13

Version identifier: 22.1.1.0 | 2022-11-28 | 9160aff4d
CPXPARAM_ClockType                               0
CPXPARAM_Emphasis_MIP                            2
CPXPARAM_MIP_Tolerances_Integrality              0
Tried aggregator 2 times.
MIP Presolve eliminated 5687 rows and 984 columns.
MIP Presolve modified 2625 coefficients.
Aggregator did 2 substitutions.
Reduced MIP has 20887 rows, 1743 columns, and 843167 nonzeros.
Reduced MIP has 1735 binaries, 0 generals, 0 SOSs, and 0 indicators.
Presolve time = 0.44 sec. (1290.31 ticks)
Found incumbent of value 101.062990 after 0.73 sec. (1861.64 ticks)
Probing fixed 189 vars, tightened 0 bounds.
Probing changed sense of 64 constraints.
Probing time = 0.19 sec. (335.46 ticks)
Tried aggregator 1 time.
MIP Presolve eliminated 88 rows and 253 columns.
MIP Presolve modified 50 coefficients.
Reduced MIP has 20799 rows, 1490 columns, and 841920 nonzeros.
Reduced MIP has 1482 binaries, 0 generals, 0 SOSs, and 0 indicators.
Presolve time = 0.34 sec. (790.97 ticks)
Probing time = 0.02 sec. (30.63 ticks)
Tried aggregator 1 time.
Detecting symmetries...
Reduced MIP has 20799 rows, 1490 columns, and 841920 nonzeros.
Reduced MIP has 1482 binaries, 0 generals, 0 SOSs, and 0 indicators.
Presolve time = 0.18 sec. (404.37 ticks)
Probing time = 0.02 sec. (31.08 ticks)
Clique table members: 408836.
MIP emphasis: optimality.
MIP search method: dynamic search.
Parallel mode: deterministic, using up to 20 threads.
Root relaxation solution time = 1.45 sec. (639.64 ticks)

        Nodes                                         Cuts/
   Node  Left     Objective  IInf  Best Integer    Best Bound    ItCnt     Gap

*     0+    0                          101.0630      -12.0000           111.87%
      0     0       37.7029   149      101.0630       37.7029     1369   62.69%
*     0+    0                           56.4322       37.7029            33.19%
      0     0       38.4614   141       56.4322      Cuts: 93     2579   31.84%
*     0+    0                           43.9696       38.4614            12.53%
      0     0       38.5462   151       43.9696      Cuts: 25     3237   12.33%
      0     0       38.5774   155       43.9696      Cuts: 19     3361   12.26%
*     0+    0                           43.2253       38.5774            10.75%
*     0+    0                           42.7571       38.5774             9.78%
      0     0  -1.00000e+75     0       42.7571       38.5774     3361    9.78%
      0     0       38.6086   166       42.7571      Cuts: 11     3470    9.70%
      0     0       38.6445   163       42.7571      Cuts: 13     3564    9.62%
Detecting symmetries...
      0     0       38.7004   167       42.7571      Cuts: 14     3674    9.49%
      0     0       38.7237   165       42.7571      Cuts: 11     3750    9.43%
*     0+    0                           42.4135       38.7237             8.70%
      0     0       38.7278   173       42.4135       Cuts: 9     3791    8.69%
      0     0       38.7305   174       42.4135       Cuts: 3     3815    8.68%
      0     0       38.7340   181       42.4135       Cuts: 3     3840    8.68%
*     0+    0                           41.0576       38.7340             5.66%
Detecting symmetries...
      0     2       38.7340   181       41.0576       38.7340     3840    5.66%
Elapsed time = 13.39 sec. (24349.55 ticks, tree = 0.02 MB, solutions = 7)
      3     5       38.9071   132       41.0576       38.8099     4541    5.47%
     15    10       39.6426   255       41.0576       38.9811     5994    5.06%
     41    21        cutoff             41.0576       39.0868     9779    4.80%
     81    30        cutoff             41.0576       39.0868    11312    4.80%
    123    58       40.8520    51       41.0576       39.3070    17022    4.26%
    165    80        cutoff             41.0576       39.3070    24805    4.26%
    194    89       40.5172    74       41.0576       39.3070    26120    4.26%
    213    77        cutoff             41.0576       39.3070    28686    4.26%
    234    80        cutoff             41.0576       39.3070    30071    4.26%
    390    95       40.5127    63       41.0576       39.8022    45277    3.06%
Elapsed time = 26.24 sec. (27639.40 ticks, tree = 1.46 MB, solutions = 7)
    562   160       40.5047   116       41.0576       40.4247    63879    1.54%
    854   196        cutoff             41.0576       40.4247    76261    1.54%
   1363   191       40.5047   104       41.0576       40.5047    99739    1.35%
   1484    28       40.5576    79       41.0576       40.5047   111017    1.35%

Clique cuts applied:  29
Cover cuts applied:  18
Implied bound cuts applied:  4
Flow cuts applied:  2
Mixed integer rounding cuts applied:  2
Zero-half cuts applied:  29
Gomory fractional cuts applied:  6

Root node processing (before b&c):
  Real time             =   13.28 sec. (24150.31 ticks)
Parallel b&c, 20 threads:
  Real time             =   25.98 sec. (7606.45 ticks)
  Sync time (average)   =   10.76 sec.
  Wait time (average)   =    0.00 sec.
                          ------------
Total (root+branch&cut) =   39.26 sec. (31756.76 ticks)
Truck arcs:
0 8
1 6
2 10
3 7
6 13
7 11
8 2
10 3
11 1
customer 4 is served by drone
start of this sortie: 11
end of this sortie: 13

customer 5 is served by drone
start of this sortie: 0
end of this sortie: 10

customer 9 is served by drone
start of this sortie: 10
end of this sortie: 3

customer 12 is served by drone
start of this sortie: 3
end of this sortie: 11

41.0576
In write mode
