Instance name: /home/cuong/CLionProjects/uMV-FSTSP/rand_generated_instances/v54
Write arg val: 1

drone speed: 1 miles/minute
uav non-eligible customer: 7 9 10 11 12 14 
Printing tau:
0 9.73551 10.2499 17.8503 1.39383 5.941 11.4411 9.99558 10.8383 11.3879 13.9968 14.6692 13.027 0 
9.73551 0 19.9854 9.33944 8.9639 8.01122 5.40359 3.46063 3.70145 1.65242 10.2417 6.34446 14.0288 9.73551 
10.2499 19.9854 0 11.2066 11.0215 16.1909 14.5819 16.5248 21.0882 21.6379 9.74379 13.641 6.38334 10.2499 
17.8503 9.33944 11.2066 0 16.4564 16.918 6.40921 7.85468 12.6082 10.9919 3.85344 3.18109 4.82329 17.8503 
1.39383 8.9639 11.0215 16.4564 0 5.1694 10.0472 8.60176 10.0667 10.6163 12.603 13.2753 11.6331 1.39383 
5.941 8.01122 16.1909 16.918 5.1694 0 10.5088 9.06331 4.89726 7.07823 13.0645 13.7369 12.0947 5.941 
11.4411 5.40359 14.5819 6.40921 10.0472 10.5088 0 1.94296 6.50636 7.05601 4.83806 3.22812 8.62517 11.4411 
9.99558 3.46063 16.5248 7.85468 8.60176 9.06331 1.94296 0 4.75353 5.11305 6.78102 4.67359 10.5681 9.99558 
10.8383 3.70145 21.0882 12.6082 10.0667 4.89726 6.50636 4.75353 0 2.76846 11.3444 9.42713 15.1315 10.8383 
11.3879 1.65242 21.6379 10.9919 10.6163 7.07823 7.05601 5.11305 2.76846 0 11.8941 7.99688 15.6812 11.3879 
13.9968 10.2417 9.74379 3.85344 12.603 13.0645 4.83806 6.78102 11.3444 11.8941 0 3.89719 3.78711 13.9968 
14.6692 6.34446 13.641 3.18109 13.2753 13.7369 3.22812 4.67359 9.42713 7.99688 3.89719 0 7.68431 14.6692 
13.027 14.0288 6.38334 4.82329 11.6331 12.0947 8.62517 10.5681 15.1315 15.6812 3.78711 7.68431 0 13.027 
0 0 0 0 0 0 0 0 0 0 0 0 0 0 
Printing tau_prime:
0 6.23193 5.75807 8.41677 0.751019 2.83489 5.76702 5.56349 5.67543 6.56342 6.60248 7.09748 6.46588 0 
6.23193 0 9.48341 6.08378 5.52467 4.17873 2.80621 1.70508 1.82067 0.894546 5.38367 4.02866 6.88769 6.23193 
5.75807 9.48341 0 7.28661 5.7549 8.09343 7.23642 7.94852 9.96301 10.2205 5.75444 7.4608 4.1158 5.75807 
8.41677 6.08378 7.28661 0 7.75966 8.39265 3.54554 4.62497 7.71732 6.95449 1.86565 2.05963 3.17119 8.41677 
0.751019 5.52467 5.7549 7.75966 0 2.44657 5.02488 4.81378 5.08039 5.89702 5.97157 6.37872 5.98114 0.751019 
2.83489 4.17873 8.09343 8.39265 2.44657 0 5.01162 4.27538 3.07525 4.21031 6.86777 6.58626 7.46878 2.83489 
5.76702 2.80621 7.23642 3.54554 5.02488 5.01162 0 1.14159 4.23636 3.69853 2.57935 1.58507 4.13411 5.76702 
5.56349 1.70508 7.94852 4.62497 4.81378 4.27538 1.14159 0 3.10629 2.58559 3.71161 2.58882 5.18277 5.56349 
5.67543 1.82067 9.96301 7.71732 5.08039 3.07525 4.23636 3.10629 0 1.33054 6.75511 5.66337 8.02175 5.67543 
6.56342 0.894546 10.2205 6.95449 5.89702 4.21031 3.69853 2.58559 1.33054 0 6.27703 4.90551 7.76122 6.56342 
6.60248 5.38367 5.75444 1.86565 5.97157 6.86777 2.57935 3.71161 6.75511 6.27703 0 1.86429 1.84287 6.60248 
7.09748 4.02866 7.4608 2.05963 6.37872 6.58626 1.58507 2.58882 5.66337 4.90551 1.86429 0 3.70421 7.09748 
6.46588 6.88769 4.1158 3.17119 5.98114 7.46878 4.13411 5.18277 8.02175 7.76122 1.84287 3.70421 0 6.46588 
0 0 0 0 0 0 0 0 0 0 0 0 0 0 
Printing number of nodes: 13

Version identifier: 22.1.1.0 | 2022-11-28 | 9160aff4d
CPXPARAM_ClockType                               0
CPXPARAM_Emphasis_MIP                            2
CPXPARAM_MIP_Tolerances_Integrality              0
Tried aggregator 2 times.
MIP Presolve eliminated 7857 rows and 1224 columns.
MIP Presolve modified 2182 coefficients.
Aggregator did 2 substitutions.
Reduced MIP has 18913 rows, 1503 columns, and 749631 nonzeros.
Reduced MIP has 1496 binaries, 0 generals, 0 SOSs, and 0 indicators.
Presolve time = 0.41 sec. (1111.26 ticks)
Found incumbent of value 127.902760 after 0.66 sec. (1621.88 ticks)
Probing fixed 149 vars, tightened 0 bounds.
Probing changed sense of 70 constraints.
Probing time = 0.16 sec. (260.93 ticks)
Tried aggregator 1 time.
MIP Presolve eliminated 97 rows and 219 columns.
MIP Presolve modified 82 coefficients.
Reduced MIP has 18816 rows, 1284 columns, and 748551 nonzeros.
Reduced MIP has 1277 binaries, 0 generals, 0 SOSs, and 0 indicators.
Presolve time = 0.30 sec. (712.39 ticks)
Probing time = 0.02 sec. (30.15 ticks)
Tried aggregator 1 time.
Detecting symmetries...
Reduced MIP has 18816 rows, 1284 columns, and 748551 nonzeros.
Reduced MIP has 1277 binaries, 0 generals, 0 SOSs, and 0 indicators.
Presolve time = 0.16 sec. (358.63 ticks)
Probing time = 0.02 sec. (28.93 ticks)
Clique table members: 349405.
MIP emphasis: optimality.
MIP search method: dynamic search.
Parallel mode: deterministic, using up to 20 threads.
Root relaxation solution time = 0.13 sec. (155.95 ticks)

        Nodes                                         Cuts/
   Node  Left     Objective  IInf  Best Integer    Best Bound    ItCnt     Gap

*     0+    0                          127.9028      -12.0000           109.38%
      0     0       47.6021    13      127.9028       47.6021      423   62.78%
*     0+    0                           47.6021       47.6021             0.00%
      0     0        cutoff             47.6021       47.6021      423    0.00%
Elapsed time = 2.23 sec. (4751.41 ticks, tree = 0.01 MB, solutions = 2)

Root node processing (before b&c):
  Real time             =    2.23 sec. (4753.76 ticks)
Parallel b&c, 20 threads:
  Real time             =    0.00 sec. (0.00 ticks)
  Sync time (average)   =    0.00 sec.
  Wait time (average)   =    0.00 sec.
                          ------------
Total (root+branch&cut) =    2.23 sec. (4753.76 ticks)
Truck arcs:
0 5
1 7
4 13
5 8
6 11
7 6
8 9
9 1
10 12
11 10
12 4
customer 2 is served by drone
start of this sortie: 0
end of this sortie: 1

customer 3 is served by drone
start of this sortie: 6
end of this sortie: 12

47.6021
In write mode
