Instance name: /home/cuong/CLionProjects/uMV-FSTSP/rand_generated_instances/v55
Write arg val: 1

drone speed: 1 miles/minute
uav non-eligible customer: 3 6 14 
Printing tau:
0 5.33837 7.18904 3.40544 7.88304 8.01565 7.21635 4.82741 2.91582 6.74757 5.42668 7.01605 7.6149 0 
5.33837 0 10.3903 6.10969 13.1648 13.354 12.5547 10.1658 2.42342 12.0859 10.7651 12.2979 12.9533 5.33837 
7.18904 10.3903 0 4.2806 15.0721 8.44424 12.8367 10.5787 7.96687 9.33167 5.1826 14.2051 10.3295 7.18904 
3.40544 6.10969 4.2806 0 11.2885 7.24432 9.05312 6.79509 3.68627 5.97625 4.65536 10.4215 6.84357 3.40544 
7.88304 13.1648 15.0721 11.2885 0 6.62784 4.57972 4.4934 10.7989 5.74041 9.88948 0.866989 4.97827 7.88304 
8.01565 13.354 8.44424 7.24432 6.62784 0 4.39248 3.18824 10.9306 1.26807 3.26164 5.90432 1.88527 8.01565 
7.21635 12.5547 12.8367 9.05312 4.57972 4.39248 0 2.38894 10.1313 3.50505 7.65412 5.10502 2.50721 7.21635 
4.82741 10.1658 10.5787 6.79509 4.4934 3.18824 2.38894 0 7.74236 1.92016 5.39609 3.62641 2.78749 4.82741 
2.91582 2.42342 7.96687 3.68627 10.7989 10.9306 10.1313 7.74236 0 9.66252 8.34163 9.93187 10.5298 2.91582 
6.74757 12.0859 9.33167 5.97625 5.74041 1.26807 3.50505 1.92016 9.66252 0 4.14907 4.87342 0.997844 6.74757 
5.42668 10.7651 5.1826 4.65536 9.88948 3.26164 7.65412 5.39609 8.34163 4.14907 0 9.02249 5.14691 5.42668 
7.01605 12.2979 14.2051 10.4215 0.866989 5.90432 5.10502 3.62641 9.93187 4.87342 9.02249 0 5.50358 7.01605 
7.6149 12.9533 10.3295 6.84357 4.97827 1.88527 2.50721 2.78749 10.5298 0.997844 5.14691 5.50358 0 7.6149 
0 0 0 0 0 0 0 0 0 0 0 0 0 0 
Printing tau_prime:
0 3.54011 4.14204 1.646 3.91845 3.82466 4.31977 2.78063 1.94359 3.33735 2.72742 3.45391 3.88299 0 
3.54011 0 4.97986 3.0129 7.25586 7.00892 7.84679 6.2988 1.59658 6.68651 5.30439 6.77799 7.2835 3.54011 
4.14204 4.97986 0 2.69316 7.1957 4.21871 6.1367 4.98796 4.26175 4.47103 2.44948 6.83832 5.01703 4.14204 
1.646 3.0129 2.69316 0 5.3936 4.0607 5.23869 3.73051 1.75299 3.84409 2.29151 4.95318 4.46427 1.646 
3.91845 7.25586 7.1957 5.3936 0 4.02388 2.40235 2.35656 5.72393 3.3284 4.84393 0.477869 3.24123 3.91845 
3.82466 7.00892 4.21871 4.0607 4.02388 0 2.10464 1.80866 5.51514 0.729618 1.96305 3.88869 0.908582 3.82466 
4.31977 7.84679 6.1367 5.23869 2.40235 2.10464 0 1.54961 6.25347 1.66701 3.70551 2.49148 1.19675 4.31977 
2.78063 6.2988 4.98796 3.73051 2.35656 1.80866 1.54961 0 4.70704 1.07931 2.55938 2.13583 1.31927 2.78063 
1.94359 1.59658 4.26175 1.75299 5.72393 5.51514 6.25347 4.70704 0 5.14138 3.95558 5.24734 5.72628 1.94359 
3.33735 6.68651 4.47103 3.84409 3.3284 0.729618 1.66701 1.07931 5.14138 0 2.05262 3.17088 0.623244 3.33735 
2.72742 5.30439 2.44948 2.29151 4.84393 1.96305 3.70551 2.55938 3.95558 2.05262 0 4.5313 2.63645 2.72742 
3.45391 6.77799 6.83832 4.95318 0.477869 3.88869 2.49148 2.13583 5.24734 3.17088 4.5313 0 3.17313 3.45391 
3.88299 7.2835 5.01703 4.46427 3.24123 0.908582 1.19675 1.31927 5.72628 0.623244 2.63645 3.17313 0 3.88299 
0 0 0 0 0 0 0 0 0 0 0 0 0 0 
Printing number of nodes: 13

Version identifier: 22.1.1.0 | 2022-11-28 | 9160aff4d
CPXPARAM_ClockType                               0
CPXPARAM_Emphasis_MIP                            2
CPXPARAM_MIP_Tolerances_Integrality              0
Tried aggregator 2 times.
MIP Presolve eliminated 1870 rows and 604 columns.
MIP Presolve modified 3152 coefficients.
Aggregator did 2 substitutions.
Reduced MIP has 24312 rows, 2123 columns, and 1018113 nonzeros.
Reduced MIP has 2113 binaries, 0 generals, 0 SOSs, and 0 indicators.
Presolve time = 0.42 sec. (1045.54 ticks)
Found incumbent of value 79.589109 after 0.80 sec. (1773.25 ticks)
Probing fixed 239 vars, tightened 0 bounds.
Probing changed sense of 40 constraints.
Probing time = 0.33 sec. (468.46 ticks)
Tried aggregator 1 time.
MIP Presolve eliminated 58 rows and 279 columns.
MIP Presolve modified 120 coefficients.
Reduced MIP has 24254 rows, 1844 columns, and 1016736 nonzeros.
Reduced MIP has 1834 binaries, 0 generals, 0 SOSs, and 0 indicators.
Presolve time = 0.30 sec. (685.53 ticks)
Probing time = 0.03 sec. (35.61 ticks)
Tried aggregator 1 time.
Detecting symmetries...
Reduced MIP has 24254 rows, 1844 columns, and 1016736 nonzeros.
Reduced MIP has 1834 binaries, 0 generals, 0 SOSs, and 0 indicators.
Presolve time = 0.23 sec. (488.59 ticks)
Probing time = 0.02 sec. (33.35 ticks)
Clique table members: 506221.
MIP emphasis: optimality.
MIP search method: dynamic search.
Parallel mode: deterministic, using up to 20 threads.
Root relaxation solution time = 1.44 sec. (654.63 ticks)

        Nodes                                         Cuts/
   Node  Left     Objective  IInf  Best Integer    Best Bound    ItCnt     Gap

*     0+    0                           79.5891       -4.1684           105.24%
      0     0       32.5446    81       79.5891       32.5446     1947   59.11%
*     0+    0                           56.2219       32.5446            42.11%
      0     0       32.7231   131       56.2219      Cuts: 73     2381   41.80%
*     0+    0                           41.8927       32.7231            21.89%
      0     0       32.7926   105       41.8927      Cuts: 29     2713   21.72%
      0     0       32.7932    96       41.8927      Cuts: 21     2779   21.72%
*     0+    0                           39.5231       32.7932            17.03%
      0     0  -1.00000e+75     0       39.5231       32.7932     2779   17.03%
      0     0       32.8154   106       39.5231      Cuts: 16     2873   16.97%
      0     0       32.8177   111       39.5231       Cuts: 9     2929   16.97%
Detecting symmetries...
      0     0       32.8336   109       39.5231       Cuts: 5     2978   16.93%
      0     0       32.8487   102       39.5231       Cuts: 9     3035   16.89%
      0     0       32.8505   106       39.5231       Cuts: 2     3044   16.88%
      0     0       32.8509   112       39.5231       Cuts: 7     3174   16.88%
*     0+    0                           37.7809       32.8509            13.05%
*     0+    0                           35.4598       32.8509             7.36%
      0     0  -1.00000e+75     0       35.4598       32.8509     3174    7.36%
Detecting symmetries...

Repeating presolve.
Tried aggregator 1 time.
MIP Presolve eliminated 1139 rows and 585 columns.
MIP Presolve modified 14035 coefficients.
Reduced MIP has 23113 rows, 1259 columns, and 669767 nonzeros.
Reduced MIP has 1249 binaries, 0 generals, 0 SOSs, and 0 indicators.
Presolve time = 0.73 sec. (3998.11 ticks)
Probing time = 0.08 sec. (26.82 ticks)
Tried aggregator 1 time.
Detecting symmetries...
MIP Presolve eliminated 34 rows and 0 columns.
MIP Presolve modified 83 coefficients.
Reduced MIP has 23079 rows, 1259 columns, and 669592 nonzeros.
Reduced MIP has 1249 binaries, 0 generals, 0 SOSs, and 0 indicators.
Presolve time = 0.20 sec. (558.29 ticks)
Represolve time = 1.08 sec. (4686.52 ticks)
Probing time = 0.02 sec. (26.92 ticks)
Clique table members: 207257.
MIP emphasis: optimality.
MIP search method: dynamic search.
Parallel mode: deterministic, using up to 20 threads.
Root relaxation solution time = 1.69 sec. (494.60 ticks)

        Nodes                                         Cuts/
   Node  Left     Objective  IInf  Best Integer    Best Bound    ItCnt     Gap

*     0+    0                           35.4598       32.8509             7.36%
      0     0       32.8509   111       35.4598       32.8509     5130    7.36%
*     0+    0                           34.7582       32.8509             5.49%
      0     0       32.8860   106       34.7582       Cuts: 8     5214    5.39%
      0     0       32.8891   118       34.7582       Cuts: 5     5256    5.38%
      0     0       32.8920   119       34.7582       Cuts: 2     5265    5.37%
      0     0       32.8926   125       34.7582       Cuts: 4     5281    5.37%
      0     0       32.8944   119       34.7582       Cuts: 3     5313    5.36%
      0     0       32.8944   123       34.7582      Cuts: 11     5321    5.36%
*     0+    0                           34.2709       32.8944             4.02%
Detecting symmetries...
      0     2       32.8944   122       34.2709       32.8944     5321    4.02%
Elapsed time = 15.36 sec. (25741.46 ticks, tree = 0.02 MB, solutions = 8)
      2     3       32.9333    97       34.2709       32.8944     5625    4.02%
*     6+    2                           33.9958       32.9335             3.12%
     11     7    infeasible             33.9958       32.9336     6996    3.12%
     37    13       33.9757   116       33.9958       33.0693     9273    2.73%
     63    15       33.6755    72       33.9958       33.1311    10858    2.54%
     80    10       33.8085   183       33.9958       33.2205    13638    2.28%
     87     9       33.2278   234       33.9958       33.2207    13074    2.28%
    101     6        cutoff             33.9958       33.2207    15565    2.28%
    109     6       33.7485    63       33.9958       33.5086    16472    1.43%
    125     7       33.8077   156       33.9958       33.5086    19080    1.43%

Clique cuts applied:  10
Cover cuts applied:  3
Mixed integer rounding cuts applied:  2
Zero-half cuts applied:  18
Lift and project cuts applied:  1
Gomory fractional cuts applied:  2

Root node processing (before b&c):
  Real time             =   15.29 sec. (25679.08 ticks)
Parallel b&c, 20 threads:
  Real time             =    3.22 sec. (3180.28 ticks)
  Sync time (average)   =    2.29 sec.
  Wait time (average)   =    0.00 sec.
                          ------------
Total (root+branch&cut) =   18.52 sec. (28859.36 ticks)
Truck arcs:
0 7
3 8
5 10
6 12
7 6
8 13
9 5
10 3
12 9
customer 1 is served by drone
start of this sortie: 3
end of this sortie: 13

customer 2 is served by drone
start of this sortie: 10
end of this sortie: 3

customer 4 is served by drone
start of this sortie: 0
end of this sortie: 6

customer 11 is served by drone
start of this sortie: 6
end of this sortie: 10

33.9958
In write mode
