Instance name: /home/cuong/CLionProjects/uMV-FSTSP/rand_generated_instances/v56
Write arg val: 1

drone speed: 1 miles/minute
uav non-eligible customer: 14 
Printing tau:
0 12.0728 4.40532 8.68699 17.2076 10.2268 10.1595 10.8495 11.1147 17.4467 13.3606 13.7864 9.23833 0 
12.0728 0 7.66752 3.38586 6.03668 6.14501 2.06349 6.32481 13.3546 5.37389 5.82004 3.56136 9.34958 12.0728 
4.40532 7.66752 0 4.28167 12.8023 6.62594 5.75413 6.80574 13.8355 13.0414 8.95532 9.38108 9.83052 4.40532 
8.68699 3.38586 4.28167 0 8.52062 7.29478 1.47247 7.47459 14.5043 8.75975 4.67365 5.09941 10.4994 8.68699 
17.2076 6.03668 12.8023 8.52062 0 6.98079 8.10017 6.35816 7.31787 1.71736 11.8567 9.59805 7.96928 17.2076 
10.2268 6.14501 6.62594 7.29478 6.98079 0 8.2085 0.622632 7.20955 7.21991 11.9651 9.70637 3.20458 10.2268 
10.1595 2.06349 5.75413 1.47247 8.10017 8.2085 0 8.38831 15.418 7.28728 3.75655 3.62694 11.4131 10.1595 
10.8495 6.32481 6.80574 7.47459 6.35816 0.622632 8.38831 0 7.02974 6.59728 12.1449 9.88618 3.02477 10.8495 
11.1147 13.3546 13.8355 14.5043 7.31787 7.20955 15.418 7.02974 0 9.03524 19.1746 16.9159 4.00497 11.1147 
17.4467 5.37389 13.0414 8.75975 1.71736 7.21991 7.28728 6.59728 9.03524 0 10.1394 7.88068 8.2084 17.4467 
13.3606 5.82004 8.95532 4.67365 11.8567 11.9651 3.75655 12.1449 19.1746 10.1394 0 2.25868 15.1696 13.3606 
13.7864 3.56136 9.38108 5.09941 9.59805 9.70637 3.62694 9.88618 16.9159 7.88068 2.25868 0 12.9109 13.7864 
9.23833 9.34958 9.83052 10.4994 7.96928 3.20458 11.4131 3.02477 4.00497 8.2084 15.1696 12.9109 0 9.23833 
0 0 0 0 0 0 0 0 0 0 0 0 0 0 
Printing tau_prime:
0 5.78831 2.44082 4.39578 8.30686 5.1605 5.20113 5.465 7.34533 8.28268 7.35554 7.0509 5.49536 0 
5.78831 0 3.62161 1.68563 3.73593 3.02467 1.32657 3.03681 6.31879 3.25013 2.80996 1.86307 4.60553 5.78831 
2.44082 3.62161 0 2.04287 6.77213 4.1578 2.81325 4.41827 7.20905 6.55101 4.91492 4.6546 5.16391 2.44082 
4.39578 1.68563 2.04287 0 5.25455 3.51457 0.816911 3.66805 6.91799 4.86813 3.11464 2.65915 4.95627 4.39578 
8.30686 3.73593 6.77213 5.25455 0 3.29117 5.0616 3.00034 4.54802 0.817384 5.87615 4.80341 4.06843 8.30686 
5.1605 3.02467 4.1578 3.51457 3.29117 0 3.86966 0.305505 3.4143 3.51063 5.83063 4.87361 1.58089 5.1605 
5.20113 1.32657 2.81325 0.816911 5.0616 3.86966 0 3.96764 7.27698 4.56666 2.32662 1.84982 5.39767 5.20113 
5.465 3.03681 4.41827 3.66805 3.00034 0.305505 3.96764 0 3.31402 3.25051 5.84625 4.86169 1.61555 5.465 
7.34533 6.31879 7.20905 6.91799 4.54802 3.4143 7.27698 3.31402 0 5.25418 9.1119 8.08788 2.04772 7.34533 
8.28268 3.25013 6.55101 4.86813 0.817384 3.51063 4.56666 3.25051 5.25418 0 5.15327 4.09615 4.53827 8.28268 
7.35554 2.80996 4.91492 3.11464 5.87615 5.83063 2.32662 5.84625 9.1119 5.15327 0 1.0835 7.41037 7.35554 
7.0509 1.86307 4.6546 2.65915 4.80341 4.87361 1.84982 4.86169 8.08788 4.09615 1.0835 0 6.45286 7.0509 
5.49536 4.60553 5.16391 4.95627 4.06843 1.58089 5.39767 1.61555 2.04772 4.53827 7.41037 6.45286 0 5.49536 
0 0 0 0 0 0 0 0 0 0 0 0 0 0 
Printing number of nodes: 13

Version identifier: 22.1.1.0 | 2022-11-28 | 9160aff4d
CPXPARAM_ClockType                               0
CPXPARAM_Emphasis_MIP                            2
CPXPARAM_MIP_Tolerances_Integrality              0
Tried aggregator 1 time.
MIP Presolve eliminated 364 rows and 263 columns.
MIP Presolve modified 3933 coefficients.
Reduced MIP has 25428 rows, 2466 columns, and 1092974 nonzeros.
Reduced MIP has 2454 binaries, 0 generals, 0 SOSs, and 0 indicators.
Presolve time = 0.49 sec. (1444.41 ticks)
Found incumbent of value 116.901650 after 0.91 sec. (2238.34 ticks)
Probing fixed 278 vars, tightened 0 bounds.
Probing time = 0.32 sec. (545.65 ticks)
Tried aggregator 1 time.
MIP Presolve eliminated 14 rows and 278 columns.
MIP Presolve modified 140 coefficients.
Reduced MIP has 25414 rows, 2188 columns, and 1091572 nonzeros.
Reduced MIP has 2176 binaries, 0 generals, 0 SOSs, and 0 indicators.
Presolve time = 0.26 sec. (675.04 ticks)
Probing time = 0.03 sec. (37.53 ticks)
Tried aggregator 1 time.
Detecting symmetries...
Reduced MIP has 25414 rows, 2188 columns, and 1091572 nonzeros.
Reduced MIP has 2176 binaries, 0 generals, 0 SOSs, and 0 indicators.
Presolve time = 0.25 sec. (539.80 ticks)
Probing time = 0.02 sec. (35.35 ticks)
Clique table members: 536439.
MIP emphasis: optimality.
MIP search method: dynamic search.
Parallel mode: deterministic, using up to 20 threads.
Root relaxation solution time = 2.48 sec. (1058.19 ticks)

        Nodes                                         Cuts/
   Node  Left     Objective  IInf  Best Integer    Best Bound    ItCnt     Gap

*     0+    0                          116.9017      -12.0000           110.27%
*     0+    0                          106.7325      -12.0000           111.24%
      0     0       39.2395   200      106.7325       39.2395       20   63.24%
      0     0       39.6102   222      106.7325      Cuts: 67     1433   62.89%
      0     0       39.6720   222      106.7325      Cuts: 21     1918   62.83%
      0     0       39.7317   222      106.7325      Cuts: 25     2164   62.77%
      0     0       39.8004   246      106.7325      Cuts: 14     2340   62.71%
      0     0       39.8303   231      106.7325      Cuts: 10     2450   62.68%
Detecting symmetries...
      0     0       39.8508   234      106.7325      Cuts: 19     2529   62.66%
      0     0       39.8795   255      106.7325      Cuts: 21     2639   62.64%
      0     0       39.8923   264      106.7325       Cuts: 6     2699   62.62%
      0     0       39.9039   250      106.7325       Cuts: 7     2751   62.61%
      0     0       39.9069   249      106.7325       Cuts: 7     2799   62.61%
      0     0       39.9079   254      106.7325   ZeroHalf: 1     2822   62.61%
*     0+    0                           47.4057       39.9079            15.82%
Detecting symmetries...
      0     2       39.9079   250       47.4057       40.5647     2822   14.43%
Elapsed time = 16.48 sec. (29499.03 ticks, tree = 0.02 MB, solutions = 3)
      1     3       40.0650   287       47.4057       40.5647     3065   14.43%
      2     3       43.0229   150       47.4057       40.5647     3655   14.43%
      3     5       43.0229   150       47.4057       40.5647     3921   14.43%
      6     7       43.5218    37       47.4057       40.5647     5484   14.43%
     14    14       43.5218    35       47.4057       40.5647     8154   14.43%
*    19+    7                           45.0257       40.5647             9.91%
     22     9       43.5218    17       45.0257       40.5647     6471    9.91%
*    37+   18                           44.6489       40.5647             9.15%
     44    31       44.9998   343       44.6489       40.5647    14956    9.15%
     63    20       43.7668    23       44.6489       41.0400    10094    8.08%
     90    45       44.5372   353       44.6489       41.0400    22703    8.08%
*   133+   46                           43.5218       41.0426             5.70%
    133    61        cutoff             43.5218       41.0426    36903    5.70%
Elapsed time = 29.69 sec. (33416.19 ticks, tree = 3.02 MB, solutions = 8)
    163    49       43.3785    59       43.5218       41.0426    33484    5.70%
    211    30       43.3785   155       43.5218       43.2786    49589    0.56%
    316    17        cutoff             43.5218       43.3785    63958    0.33%
    427    10        cutoff             43.5218       43.3785    86406    0.33%

Clique cuts applied:  22
Cover cuts applied:  1
Mixed integer rounding cuts applied:  1
Zero-half cuts applied:  37
Gomory fractional cuts applied:  4

Root node processing (before b&c):
  Real time             =   16.33 sec. (29235.12 ticks)
Parallel b&c, 20 threads:
  Real time             =   26.13 sec. (8437.40 ticks)
  Sync time (average)   =   13.27 sec.
  Wait time (average)   =    0.00 sec.
                          ------------
Total (root+branch&cut) =   42.46 sec. (37672.52 ticks)
Truck arcs:
0 5
1 6
2 13
3 2
4 9
5 7
6 3
7 4
9 1
customer 8 is served by drone
start of this sortie: 5
end of this sortie: 9

customer 10 is served by drone
start of this sortie: 6
end of this sortie: 13

customer 11 is served by drone
start of this sortie: 9
end of this sortie: 6

customer 12 is served by drone
start of this sortie: 0
end of this sortie: 5

43.5218
In write mode
