Instance name: /home/cuong/CLionProjects/uMV-FSTSP/rand_generated_instances/v57
Write arg val: 1

drone speed: 1 miles/minute
uav non-eligible customer: 14 
Printing tau:
0 9.82722 7.89259 5.40499 1.69514 11.501 8.17145 6.75322 4.64084 5.20596 10.6231 3.58685 2.7397 0 
9.82722 0 10.2878 4.42224 8.13209 13.8963 1.65578 3.074 5.18639 15.0332 1.38732 13.3183 7.08753 9.82722 
7.89259 10.2878 0 11.8549 6.23987 3.60842 9.56764 12.2743 11.5684 8.69387 8.90052 6.97898 5.38867 7.89259 
5.40499 4.42224 11.8549 0 5.61507 15.4634 2.76646 1.34823 0.764152 10.6109 5.21816 8.89606 6.46627 5.40499 
1.69514 8.13209 6.23987 5.61507 0 9.84829 6.47631 6.03444 5.32857 6.9011 8.92801 5.18621 1.04456 1.69514 
11.501 13.8963 3.60842 15.4634 9.84829 0 13.1761 15.8827 15.1769 7.93695 12.5089 7.91416 8.99709 11.501 
8.17145 1.65578 9.56764 2.76646 6.47631 13.1761 0 2.70667 3.53061 13.3774 2.4517 11.6625 5.43175 8.17145 
6.75322 3.074 12.2743 1.34823 6.03444 15.8827 2.70667 0 2.11239 11.9592 3.86993 10.2443 6.88564 6.75322 
4.64084 5.18639 11.5684 0.764152 5.32857 15.1769 3.53061 2.11239 0 9.8468 5.98231 8.13191 6.17976 4.64084 
5.20596 15.0332 8.69387 10.6109 6.9011 7.93695 13.3774 11.9592 9.8468 0 15.8291 1.71489 7.94566 5.20596 
10.6231 1.38732 8.90052 5.21816 8.92801 12.5089 2.4517 3.86993 5.98231 15.8291 0 14.1142 7.88345 10.6231 
3.58685 13.3183 6.97898 8.89606 5.18621 7.91416 11.6625 10.2443 8.13191 1.71489 14.1142 0 6.23077 3.58685 
2.7397 7.08753 5.38867 6.46627 1.04456 8.99709 5.43175 6.88564 6.17976 7.94566 7.88345 6.23077 0 2.7397 
0 0 0 0 0 0 0 0 0 0 0 0 0 0 
Printing tau_prime:
0 4.76822 4.06772 3.15926 1.11604 5.57238 3.93216 3.79489 2.79083 3.08773 5.03029 2.35952 1.74964 0 
4.76822 0 5.69652 2.21168 4.28218 7.35546 0.85118 1.72534 2.51831 7.69672 0.753975 6.88255 4.06161 4.76822 
4.06772 5.69652 0 5.66107 3.0605 1.73804 5.02163 5.98741 5.48043 4.49519 5.37754 3.86568 2.56461 4.06772 
3.15926 2.21168 5.66107 0 3.17252 7.39768 1.69214 0.665599 0.384712 6.24669 2.82677 5.50011 3.29702 3.15926 
1.11604 4.28218 3.0605 3.17252 0 4.66814 3.43242 3.7118 2.87018 3.43248 4.39162 2.60928 0.635198 1.11604 
5.57238 7.35546 1.73804 7.39768 4.66814 0 6.71991 7.72355 7.21086 5.15611 6.97232 4.74571 4.24127 5.57238 
3.93216 0.85118 5.02163 1.69214 3.43242 6.71991 0 1.44048 1.91302 6.84559 1.19776 6.03144 3.23068 3.93216 
3.79489 1.72534 5.98741 0.665599 3.7118 7.72355 1.44048 0 1.04991 6.87763 2.42023 6.11816 3.75708 3.79489 
2.79083 2.51831 5.48043 0.384712 2.87018 7.21086 1.91302 1.04991 0 5.87832 3.08782 5.13971 3.04791 2.79083 
3.08773 7.69672 4.49519 6.24669 3.43248 5.15611 6.84559 6.87763 5.87832 0 7.82292 0.828864 3.80928 3.08773 
5.03029 0.753975 5.37754 2.82677 4.39162 6.97232 1.19776 2.42023 3.08782 7.82292 0 6.99719 4.06836 5.03029 
2.35952 6.88255 3.86568 5.50011 2.60928 4.74571 6.03144 6.11816 5.13971 0.828864 6.99719 0 2.98125 2.35952 
1.74964 4.06161 2.56461 3.29702 0.635198 4.24127 3.23068 3.75708 3.04791 3.80928 4.06836 2.98125 0 1.74964 
0 0 0 0 0 0 0 0 0 0 0 0 0 0 
Printing number of nodes: 13

Version identifier: 22.1.1.0 | 2022-11-28 | 9160aff4d
CPXPARAM_ClockType                               0
CPXPARAM_Emphasis_MIP                            2
CPXPARAM_MIP_Tolerances_Integrality              0
Tried aggregator 1 time.
MIP Presolve eliminated 362 rows and 237 columns.
MIP Presolve modified 3426 coefficients.
Reduced MIP has 25430 rows, 2492 columns, and 1093143 nonzeros.
Reduced MIP has 2480 binaries, 0 generals, 0 SOSs, and 0 indicators.
Presolve time = 0.43 sec. (1173.84 ticks)
Found incumbent of value 81.214490 after 0.84 sec. (1980.62 ticks)
Probing fixed 284 vars, tightened 0 bounds.
Probing time = 0.31 sec. (586.31 ticks)
Tried aggregator 1 time.
MIP Presolve eliminated 12 rows and 284 columns.
MIP Presolve modified 120 coefficients.
Reduced MIP has 25418 rows, 2208 columns, and 1091749 nonzeros.
Reduced MIP has 2196 binaries, 0 generals, 0 SOSs, and 0 indicators.
Presolve time = 0.25 sec. (640.20 ticks)
Probing time = 0.03 sec. (36.52 ticks)
Tried aggregator 1 time.
Detecting symmetries...
Reduced MIP has 25418 rows, 2208 columns, and 1091749 nonzeros.
Reduced MIP has 2196 binaries, 0 generals, 0 SOSs, and 0 indicators.
Presolve time = 0.25 sec. (539.29 ticks)
Probing time = 0.02 sec. (36.61 ticks)
Clique table members: 539775.
MIP emphasis: optimality.
MIP search method: dynamic search.
Parallel mode: deterministic, using up to 20 threads.
Root relaxation solution time = 2.57 sec. (1116.88 ticks)

        Nodes                                         Cuts/
   Node  Left     Objective  IInf  Best Integer    Best Bound    ItCnt     Gap

*     0+    0                           81.2145      -12.0000           114.78%
      0     0       29.6618   164       81.2145       29.6618       22   63.48%
*     0+    0                           35.9051       29.6618            17.39%
      0     0       30.2227   196       35.9051      Cuts: 65     2014   15.83%
      0     0       30.4967   174       35.9051      Cuts: 15     2660   15.06%
      0     0       30.5027   174       35.9051      Cuts: 14     2755   15.05%
      0     0       30.5204   178       35.9051      Cuts: 12     2839   15.00%
*     0+    0                           35.7877       30.5204            14.72%
      0     0       30.5315   169       35.7877       Cuts: 3     2892   14.69%
Detecting symmetries...
      0     0       30.5327   174       35.7877   ZeroHalf: 2     2913   14.68%
      0     0       30.5334   178       35.7877       Cuts: 3     2933   14.68%
*     0+    0                           35.0892       30.5334            12.98%
Detecting symmetries...
      0     2       30.5334   177       35.0892       30.5334     2933   12.98%
Elapsed time = 21.36 sec. (39000.92 ticks, tree = 0.02 MB, solutions = 4)
      2     4       30.5613   270       35.0892       30.5334     3251   12.98%
      4     4        cutoff             35.0892       30.5334     3849   12.98%
      9     6       30.8855    91       35.0892       30.5334     4201   12.98%
     17    13       32.6537   330       35.0892       30.6667     6156   12.60%
     30    14        cutoff             35.0892       30.7653     8699   12.32%
     48    21        cutoff             35.0892       30.7653    12518   12.32%
     63    20       33.9156    48       35.0892       30.7653    10971   12.32%
     81    34       33.9156   115       35.0892       30.7653    18374   12.32%
    114    20       34.5319    49       35.0892       30.9292    11937   11.86%
    157    57        cutoff             35.0892       31.1868    35685   11.12%
Elapsed time = 36.61 sec. (42526.87 ticks, tree = 0.88 MB, solutions = 4)
*   177    64      integral     0       34.2454       31.1868    38179    8.93%
    230    54        cutoff             34.2454       31.1868    43838    8.93%
    346    65    infeasible             34.2454       31.6673    54489    7.53%
    498    75        cutoff             34.2454       32.6563    68943    4.64%
*   537    70      integral     0       33.9743       32.6563    69337    3.88%
    680    43        cutoff             33.9743       32.6563    88548    3.88%
    817    20        cutoff             33.9743       32.6563   100216    3.88%
    889    22       33.9156    35       33.9743       33.9156   109449    0.17%
    947    19       33.9156   132       33.9743       33.9156   116741    0.17%
    996    20       33.9156    42       33.9743       33.9156   124572    0.17%
   1050    17        cutoff             33.9743       33.9156   138182    0.17%
   1086    13        cutoff             33.9743       33.9156   142000    0.17%
Elapsed time = 84.82 sec. (52213.56 ticks, tree = 1.01 MB, solutions = 6)
   1132    19        cutoff             33.9743       33.9156   157182    0.17%
   1159    13        cutoff             33.9743       33.9156   164930    0.17%
   1177    14       33.9639    61       33.9743       33.9156   167912    0.17%

GUB cover cuts applied:  1
Clique cuts applied:  13
Cover cuts applied:  1
Implied bound cuts applied:  2
Flow cuts applied:  2
Mixed integer rounding cuts applied:  3
Zero-half cuts applied:  16
Gomory fractional cuts applied:  4

Root node processing (before b&c):
  Real time             =   21.21 sec. (38706.75 ticks)
Parallel b&c, 20 threads:
  Real time             =   70.15 sec. (16833.93 ticks)
  Sync time (average)   =   33.15 sec.
  Wait time (average)   =    0.00 sec.
                          ------------
Total (root+branch&cut) =   91.36 sec. (55540.67 ticks)
Truck arcs:
0 11
1 7
3 8
4 12
6 10
7 3
8 13
10 1
11 4
12 6
customer 2 is served by drone
start of this sortie: 12
end of this sortie: 10

customer 5 is served by drone
start of this sortie: 0
end of this sortie: 12

customer 9 is served by drone
start of this sortie: 10
end of this sortie: 13

33.9743
In write mode
