Instance name: /home/cuong/CLionProjects/uMV-FSTSP/rand_generated_instances/v58
Write arg val: 1

drone speed: 1 miles/minute
uav non-eligible customer: 12 14 
Printing tau:
0 7.09418 7.6137 8.21354 10.6397 14.6634 4.77741 6.20097 6.7448 5.90374 11.0446 8.22141 6.61445 0 
7.09418 0 9.44456 15.3077 14.107 21.7576 6.54106 13.2951 8.72069 12.9979 18.1388 13.0651 13.7086 7.09418 
7.6137 9.44456 0 7.26493 18.2534 12.313 12.3911 11.4709 14.3585 3.55336 8.69426 3.62055 8.94518 7.6137 
8.21354 15.3077 7.26493 0 10.9885 6.44988 8.76665 4.20602 7.09357 4.62008 2.8311 7.87264 1.68025 8.21354 
10.6397 14.107 18.2534 10.9885 0 11.1124 7.56598 6.78244 5.38635 15.6085 13.299 18.8611 9.30821 10.6397 
14.6634 21.7576 12.313 6.44988 11.1124 0 15.2165 8.46245 13.0369 8.75968 3.61878 8.6925 8.04897 14.6634 
4.77741 6.54106 12.3911 8.76665 7.56598 15.2165 0 6.75409 2.17962 9.74625 11.5978 12.9988 7.16756 4.77741 
6.20097 13.2951 11.4709 4.20602 6.78244 8.46245 6.75409 0 4.57446 8.82609 6.51654 12.0787 2.52576 6.20097 
6.7448 8.72069 14.3585 7.09357 5.38635 13.0369 2.17962 4.57446 0 11.7136 9.41813 14.9662 5.41332 6.7448 
5.90374 12.9979 3.55336 4.62008 15.6085 8.75968 9.74625 8.82609 11.7136 0 5.1409 3.25256 6.30033 5.90374 
11.0446 18.1388 8.69426 2.8311 13.299 3.61878 11.5978 6.51654 9.41813 5.1409 0 5.56211 4.43019 11.0446 
8.22141 13.0651 3.62055 7.87264 18.8611 8.6925 12.9988 12.0787 14.9662 3.25256 5.56211 0 9.55289 8.22141 
6.61445 13.7086 8.94518 1.68025 9.30821 8.04897 7.16756 2.52576 5.41332 6.30033 4.43019 9.55289 0 6.61445 
0 0 0 0 0 0 0 0 0 0 0 0 0 0 
Printing tau_prime:
0 3.37434 3.75626 3.87539 6.00709 6.91599 2.26714 3.44256 3.27067 3.63757 5.35528 4.78988 3.18063 0 
3.37434 0 6.01126 7.24222 8.06663 10.2787 3.57157 6.41506 4.93472 6.73347 8.71874 7.52608 6.46475 3.37434 
3.75626 6.01126 0 4.40091 8.881 6.70995 5.99944 5.70399 6.77726 2.08815 4.71726 1.73062 4.67139 3.75626 
3.87539 7.24222 4.40091 0 5.21084 3.04107 4.7873 2.19803 4.56333 2.43494 1.72264 3.85883 1.09345 3.87539 
6.00709 8.06663 8.881 5.21084 0 6.35987 4.51197 3.2201 3.13344 7.37649 6.55096 8.90476 4.39195 6.00709 
6.91599 10.2787 6.70995 3.04107 6.35987 0 7.58809 4.4811 7.02461 4.64154 1.99315 5.48943 3.88847 6.91599 
2.26714 3.57157 5.99944 4.7873 4.51197 7.58809 0 3.21332 1.38415 5.51121 6.49465 6.85618 3.74903 2.26714 
3.44256 6.41506 5.70399 2.19803 3.2201 4.4811 3.21332 0 2.55011 4.16302 3.82757 5.69496 1.20651 3.44256 
3.27067 4.93472 6.77726 4.56333 3.13344 7.02461 1.38415 2.55011 0 5.87848 6.27408 7.34637 3.46998 3.27067 
3.63757 6.73347 2.08815 2.43494 7.37649 4.64154 5.51121 4.16302 5.87848 0 2.65677 1.5336 2.98884 3.63757 
5.35528 8.71874 4.71726 1.72264 6.55096 1.99315 6.49465 3.82757 6.27408 2.65677 0 3.54901 2.81081 5.35528 
4.78988 7.52608 1.73062 3.85883 8.90476 5.48943 6.85618 5.69496 7.34637 1.5336 3.54901 0 4.51348 4.78988 
3.18063 6.46475 4.67139 1.09345 4.39195 3.88847 3.74903 1.20651 3.46998 2.98884 2.81081 4.51348 0 3.18063 
0 0 0 0 0 0 0 0 0 0 0 0 0 0 
Printing number of nodes: 13

Version identifier: 22.1.1.0 | 2022-11-28 | 9160aff4d
CPXPARAM_ClockType                               0
CPXPARAM_Emphasis_MIP                            2
CPXPARAM_MIP_Tolerances_Integrality              0
Tried aggregator 2 times.
MIP Presolve eliminated 606 rows and 449 columns.
MIP Presolve modified 3402 coefficients.
Aggregator did 2 substitutions.
Reduced MIP has 25380 rows, 2278 columns, and 1080769 nonzeros.
Reduced MIP has 2267 binaries, 0 generals, 0 SOSs, and 0 indicators.
Presolve time = 0.43 sec. (1098.07 ticks)
Found incumbent of value 88.316620 after 0.83 sec. (1893.68 ticks)
Probing fixed 250 vars, tightened 0 bounds.
Probing changed sense of 22 constraints.
Probing time = 0.28 sec. (500.25 ticks)
Tried aggregator 1 time.
MIP Presolve eliminated 37 rows and 272 columns.
MIP Presolve modified 96 coefficients.
Reduced MIP has 25343 rows, 2006 columns, and 1079431 nonzeros.
Reduced MIP has 1995 binaries, 0 generals, 0 SOSs, and 0 indicators.
Presolve time = 0.32 sec. (735.56 ticks)
Probing time = 0.03 sec. (37.62 ticks)
Tried aggregator 1 time.
Detecting symmetries...
Reduced MIP has 25343 rows, 2006 columns, and 1079431 nonzeros.
Reduced MIP has 1995 binaries, 0 generals, 0 SOSs, and 0 indicators.
Presolve time = 0.24 sec. (526.20 ticks)
Probing time = 0.02 sec. (35.25 ticks)
Clique table members: 528800.
MIP emphasis: optimality.
MIP search method: dynamic search.
Parallel mode: deterministic, using up to 20 threads.
Root relaxation solution time = 1.77 sec. (861.19 ticks)

        Nodes                                         Cuts/
   Node  Left     Objective  IInf  Best Integer    Best Bound    ItCnt     Gap

*     0+    0                           88.3166       -3.6936           104.18%
      0     0       38.4062   116       88.3166       38.4062     2965   56.51%
*     0+    0                           50.9051       38.4062            24.55%
      0     0       38.7752   114       50.9051      Cuts: 76     3568   23.83%
      0     0       38.8355   116       50.9051      Cuts: 12     3759   23.71%
      0     0       38.8436   131       50.9051      Cuts: 20     3811   23.69%
*     0+    0                           49.6373       38.8436            21.75%
*     0+    0                           41.7443       38.8436             6.95%
      0     0  -1.00000e+75     0       41.7443       38.8436     3811    6.95%
Detecting symmetries...

Repeating presolve.
Tried aggregator 1 time.
MIP Presolve eliminated 105 rows and 605 columns.
MIP Presolve modified 34 coefficients.
Reduced MIP has 25238 rows, 1401 columns, and 976047 nonzeros.
Reduced MIP has 1390 binaries, 0 generals, 0 SOSs, and 0 indicators.
Presolve time = 0.37 sec. (1297.55 ticks)
Probing time = 0.02 sec. (35.10 ticks)
Tried aggregator 1 time.
Detecting symmetries...
MIP Presolve eliminated 7 rows and 0 columns.
MIP Presolve modified 2 coefficients.
Reduced MIP has 25231 rows, 1401 columns, and 975981 nonzeros.
Reduced MIP has 1390 binaries, 0 generals, 0 SOSs, and 0 indicators.
Presolve time = 0.30 sec. (899.59 ticks)
Represolve time = 0.78 sec. (2356.37 ticks)
Probing time = 0.03 sec. (34.56 ticks)
Clique table members: 228693.
MIP emphasis: optimality.
MIP search method: dynamic search.
Parallel mode: deterministic, using up to 20 threads.
Root relaxation solution time = 2.48 sec. (802.76 ticks)

        Nodes                                         Cuts/
   Node  Left     Objective  IInf  Best Integer    Best Bound    ItCnt     Gap

*     0+    0                           41.7443       38.8436             6.95%
      0     0       38.8436   133       41.7443       38.8436     7202    6.95%
      0     0       38.8918   140       41.7443      Cuts: 13     7354    6.83%
      0     0       38.9148   144       41.7443      Cuts: 16     7515    6.31%
      0     0       38.9196   141       41.7443   ZeroHalf: 2     7551    6.31%
      0     0       38.9232   229       41.7443       Cuts: 2     7597    6.31%
      0     0       38.9232   146       41.7443   ZeroHalf: 1     7600    6.31%
Detecting symmetries...
      0     2       38.9232   146       41.7443       39.6567     7600    5.00%
Elapsed time = 17.50 sec. (27727.27 ticks, tree = 0.02 MB, solutions = 4)
      2     4       39.6456   125       41.7443       39.6567     8226    5.00%
*    10+    3                           41.6390       39.6567             4.76%
     10     6       39.0824   106       41.6390       39.6567     8728    4.76%
     28    13       40.2870   107       41.6390       39.6567    11358    4.76%
     64    23        cutoff             41.6390       39.6567    15889    4.76%
    120    32        cutoff             41.6390       39.6567    21048    4.76%
    145    23       41.4000   248       41.6390       39.7292    23228    4.59%
    211    18       40.2870    64       41.6390       39.7294    27740    4.59%
    263    15        cutoff             41.6390       39.7294    31735    4.59%
    303    11       40.5330    78       41.6390       39.7294    35395    4.59%
    334     6       41.2075   157       41.6390       40.7742    37997    2.08%
Elapsed time = 23.19 sec. (31086.02 ticks, tree = 0.02 MB, solutions = 5)

Clique cuts applied:  16
Implied bound cuts applied:  8
Zero-half cuts applied:  19
Lift and project cuts applied:  7
Gomory fractional cuts applied:  8

Root node processing (before b&c):
  Real time             =   17.40 sec. (27627.38 ticks)
Parallel b&c, 20 threads:
  Real time             =    6.59 sec. (4091.24 ticks)
  Sync time (average)   =    3.79 sec.
  Wait time (average)   =    0.00 sec.
                          ------------
Total (root+branch&cut) =   23.99 sec. (31718.61 ticks)
Truck arcs:
0 6
3 10
6 8
7 12
8 7
9 13
10 11
11 9
12 3
customer 1 is served by drone
start of this sortie: 0
end of this sortie: 8

customer 2 is served by drone
start of this sortie: 9
end of this sortie: 13

customer 4 is served by drone
start of this sortie: 8
end of this sortie: 10

customer 5 is served by drone
start of this sortie: 10
end of this sortie: 9

41.639
In write mode
