Instance name: /home/cuong/CLionProjects/uMV-FSTSP/rand_generated_instances/v60
Write arg val: 1

drone speed: 1 miles/minute
uav non-eligible customer: 12 14 
Printing tau:
0 3.8359 9.90092 7.64068 9.79692 10.8368 6.0698 13.8592 10.1358 13.6553 2.23358 8.89059 7.49139 0 
3.8359 0 13.0862 7.0803 5.96102 7.00085 6.09344 17.0444 13.321 9.81936 5.41882 12.0758 3.65549 3.8359 
9.90092 13.0862 0 6.00586 9.71477 6.9171 6.99273 3.95824 0.359894 8.54491 7.66735 1.01033 10.2586 9.90092 
7.64068 7.0803 6.00586 0 3.7089 3.19608 1.57088 9.9641 6.2407 6.01459 9.20807 4.99553 4.25274 7.64068 
9.79692 5.96102 9.71477 3.7089 0 2.79767 3.72712 13.673 9.94961 4.03019 11.3643 8.70444 2.30553 9.79692 
10.8368 7.00085 6.9171 3.19608 2.79767 0 4.76695 10.8753 7.15194 2.81851 12.4041 6.32193 3.34536 10.8368 
6.0698 6.09344 6.99273 1.57088 3.72712 4.76695 0 10.951 7.22757 7.58547 7.63719 5.9824 3.26588 6.0698 
13.8592 17.0444 3.95824 9.9641 13.673 10.8753 10.951 0 3.7234 11.1683 11.6256 4.96857 14.2168 13.8592 
10.1358 13.321 0.359894 6.2407 9.94961 7.15194 7.22757 3.7234 0 8.9048 7.90219 1.24517 10.4934 10.1358 
13.6553 9.81936 8.54491 6.01459 4.03019 2.81851 7.58547 11.1683 8.9048 0 15.2227 9.14044 6.16387 13.6553 
2.23358 5.41882 7.66735 9.20807 11.3643 12.4041 7.63719 11.6256 7.90219 15.2227 0 6.65702 9.05879 2.23358 
8.89059 12.0758 1.01033 4.99553 8.70444 6.32193 5.9824 4.96857 1.24517 9.14044 6.65702 0 9.24828 8.89059 
7.49139 3.65549 10.2586 4.25274 2.30553 3.34536 3.26588 14.2168 10.4934 6.16387 9.05879 9.24828 0 7.49139 
0 0 0 0 0 0 0 0 0 0 0 0 0 0 
Printing tau_prime:
0 2.35041 5.25239 4.04286 4.61915 5.2986 3.1728 6.63763 5.2768 6.73703 1.2863 4.7005 3.5355 0 
2.35041 0 6.19806 3.78908 3.22835 4.39872 3.05942 8.05993 6.29437 5.79662 3.60738 5.70159 2.17857 2.35041 
5.25239 6.19806 0 3.0722 5.08463 4.23315 3.32729 2.23853 0.20258 4.83804 4.79306 0.552856 4.96451 5.25239 
4.04286 3.78908 3.0722 0 2.02239 1.56668 0.874523 5.28822 3.24207 2.83935 4.41082 2.77794 2.006 4.04286 
4.61915 3.22835 5.08463 2.02239 0 1.40698 2.17567 7.30884 5.2591 2.63014 5.44344 4.79972 1.11666 4.61915 
5.2986 4.39872 4.23315 1.56668 1.40698 0 2.24745 6.46342 4.42702 1.45014 5.85806 4.07858 2.22896 5.2986 
3.1728 3.05942 3.32729 0.874523 2.17567 2.24745 0 5.43159 3.46341 3.62861 3.61423 2.91384 1.67908 3.1728 
6.63763 8.05993 2.23853 5.28822 7.30884 6.46342 5.43159 0 2.0541 6.95564 5.80407 2.52977 7.10497 6.63763 
5.2768 6.29437 0.20258 3.24207 5.2591 4.42702 3.46341 2.0541 0 5.04061 4.76934 0.597397 5.11262 5.2768 
6.73703 5.79662 4.83804 2.83935 2.63014 1.45014 3.62861 6.95564 5.04061 0 7.23665 4.83956 3.61832 6.73703 
1.2863 3.60738 4.79306 4.41082 5.44344 5.85806 3.61423 5.80407 4.76934 7.23665 0 4.25073 4.44163 1.2863 
4.7005 5.70159 0.552856 2.77794 4.79972 4.07858 2.91384 2.52977 0.597397 4.83956 4.25073 0 4.57992 4.7005 
3.5355 2.17857 4.96451 2.006 1.11666 2.22896 1.67908 7.10497 5.11262 3.61832 4.44163 4.57992 0 3.5355 
0 0 0 0 0 0 0 0 0 0 0 0 0 0 
Printing number of nodes: 13

Version identifier: 22.1.1.0 | 2022-11-28 | 9160aff4d
CPXPARAM_ClockType                               0
CPXPARAM_Emphasis_MIP                            2
CPXPARAM_MIP_Tolerances_Integrality              0
Tried aggregator 2 times.
MIP Presolve eliminated 604 rows and 419 columns.
MIP Presolve modified 3614 coefficients.
Aggregator did 2 substitutions.
Reduced MIP has 25382 rows, 2308 columns, and 1080877 nonzeros.
Reduced MIP has 2297 binaries, 0 generals, 0 SOSs, and 0 indicators.
Presolve time = 0.39 sec. (959.04 ticks)
Found incumbent of value 104.737370 after 0.78 sec. (1741.61 ticks)
Probing fixed 262 vars, tightened 0 bounds.
Probing changed sense of 22 constraints.
Probing time = 0.28 sec. (518.90 ticks)
Tried aggregator 1 time.
MIP Presolve eliminated 37 rows and 284 columns.
MIP Presolve modified 26 coefficients.
Reduced MIP has 25345 rows, 2024 columns, and 1079489 nonzeros.
Reduced MIP has 2013 binaries, 0 generals, 0 SOSs, and 0 indicators.
Presolve time = 0.45 sec. (1005.51 ticks)
Probing time = 0.03 sec. (37.53 ticks)
Tried aggregator 1 time.
Detecting symmetries...
Reduced MIP has 25345 rows, 2024 columns, and 1079489 nonzeros.
Reduced MIP has 2013 binaries, 0 generals, 0 SOSs, and 0 indicators.
Presolve time = 0.24 sec. (522.51 ticks)
Probing time = 0.02 sec. (35.20 ticks)
Clique table members: 534834.
MIP emphasis: optimality.
MIP search method: dynamic search.
Parallel mode: deterministic, using up to 20 threads.
Root relaxation solution time = 1.71 sec. (877.51 ticks)

        Nodes                                         Cuts/
   Node  Left     Objective  IInf  Best Integer    Best Bound    ItCnt     Gap

*     0+    0                          104.7374      -12.0000           111.46%
      0     0       34.9899   167      104.7374       34.9899       14   66.59%
*     0+    0                           70.3311       34.9899            50.25%
      0     0       35.1336   180       70.3311      Cuts: 64     1700   50.05%
*     0+    0                           68.1501       35.1336            48.45%
      0     0       35.1460   200       68.1501      Cuts: 27     2198   48.43%
      0     0       35.1630   204       68.1501      Cuts: 20     2338   48.40%
*     0+    0                           58.8919       35.1630            40.29%
*     0+    0                           47.5595       35.1630            26.07%
      0     0  -1.00000e+75     0       47.5595       35.1630     2338   26.07%
*     0+    0                           43.2776       35.1630            18.75%
      0     0       35.1671   210       43.2776      Cuts: 11     2418   18.64%
      0     0       35.1697   213       43.2776       Cuts: 9     2581   18.64%
Detecting symmetries...
*     0+    0                           39.8692       35.2121            11.68%
Detecting symmetries...
      0     2       35.1697   211       39.8692       35.2121     2581   11.68%
Elapsed time = 15.53 sec. (26072.13 ticks, tree = 0.02 MB, solutions = 7)
      1     3       36.2634   331       39.8692       35.2121     4068   11.68%
      3     5       35.8297    77       39.8692       35.8297     5376   10.13%
      4     4       37.7052   126       39.8692       35.8297     5197   10.13%
      6     4       37.2349    94       39.8692       35.8297     4982   10.13%
     12    12       38.0196   322       39.8692       35.8297     8810   10.13%
     15    16       38.9993    95       39.8692       35.8297    10180   10.13%
     22    19       35.8297    54       39.8692       35.8297    11355   10.13%
     30    21       35.8297    51       39.8692       35.8297    13894   10.13%
     43    11       39.0598   103       39.8692       35.8297     9105   10.13%
*    53+   13                           36.8732       35.8297             2.83%
     97    37       35.8297    40       36.8732       35.8297    30347    2.83%
Elapsed time = 27.19 sec. (30934.03 ticks, tree = 0.05 MB, solutions = 13)
*   161+   47                           36.1691       35.8297             0.94%
    224   100       35.8297    57       36.1691       35.8297    53380    0.94%
    391    94        cutoff             36.1691       35.8297    72949    0.94%
    641    88        cutoff             36.1691       35.8297   100846    0.94%
    768    12       35.8297    32       36.1691       35.8297   132906    0.94%
    854     5        cutoff             36.1691       35.8297   146617    0.94%

Clique cuts applied:  8
Flow cuts applied:  2
Mixed integer rounding cuts applied:  1
Zero-half cuts applied:  31
Gomory fractional cuts applied:  3

Root node processing (before b&c):
  Real time             =   15.36 sec. (25827.13 ticks)
Parallel b&c, 20 threads:
  Real time             =   29.69 sec. (9972.40 ticks)
  Sync time (average)   =   13.40 sec.
  Wait time (average)   =    0.00 sec.
                          ------------
Total (root+branch&cut) =   45.05 sec. (35799.53 ticks)
Truck arcs:
0 10
1 13
2 3
3 6
6 12
8 2
10 11
11 8
12 1
customer 4 is served by drone
start of this sortie: 6
end of this sortie: 12

customer 5 is served by drone
start of this sortie: 12
end of this sortie: 13

customer 7 is served by drone
start of this sortie: 0
end of this sortie: 11

customer 9 is served by drone
start of this sortie: 11
end of this sortie: 6

36.1691
In write mode
