Instance name: /home/cuong/CLionProjects/uMV-FSTSP/rand_generated_instances/v61
Write arg val: 1

drone speed: 1 miles/minute
uav non-eligible customer: 12 14 
Printing tau:
0 13.7711 10.4116 11.4563 3.74309 0.253014 1.56428 8.96501 4.70854 11.1656 13.7806 4.47763 3.2303 0 
13.7711 0 15.1331 2.31486 13.8393 13.8336 12.2069 9.66229 10.7337 15.887 5.31099 9.29352 10.5408 13.7711 
10.4116 15.1331 0 15.7338 8.47721 10.1586 9.40101 5.47076 15.1202 0.753919 9.82206 9.75431 7.64007 10.4116 
11.4563 2.31486 15.7338 0 11.5244 11.5188 9.892 10.2631 8.41886 16.4877 5.91176 6.97866 8.22599 11.4563 
3.74309 13.8393 8.47721 11.5244 0 3.49008 2.73246 9.03317 8.45163 7.98432 13.8487 4.54578 3.29845 3.74309 
0.253014 13.8336 10.1586 11.5188 3.49008 0 1.62677 9.0275 4.96156 10.9125 13.8431 4.54011 3.29278 0.253014 
1.56428 12.2069 9.40101 9.892 2.73246 1.62677 0 7.40073 5.71917 10.1549 12.2163 2.91334 1.76094 1.56428 
8.96501 9.66229 5.47076 10.2631 9.03317 9.0275 7.40073 0 9.64943 6.22468 4.81557 4.48738 5.73471 8.96501 
4.70854 10.7337 15.1202 8.41886 8.45163 4.96156 5.71917 9.64943 0 15.8741 10.7432 5.36587 7.48011 4.70854 
11.1656 15.887 0.753919 16.4877 7.98432 10.9125 10.1549 6.22468 15.8741 0 10.576 10.5082 8.39399 11.1656 
13.7806 5.31099 9.82206 5.91176 13.8487 13.8431 12.2163 4.81557 10.7432 10.576 0 9.30295 10.5503 13.7806 
4.47763 9.29352 9.75431 6.97866 4.54578 4.54011 2.91334 4.48738 5.36587 10.5082 9.30295 0 2.11424 4.47763 
3.2303 10.5408 7.64007 8.22599 3.29845 3.29278 1.76094 5.73471 7.48011 8.39399 10.5503 2.11424 0 3.2303 
0 0 0 0 0 0 0 0 0 0 0 0 0 0 
Printing tau_prime:
0 6.86272 6.30898 5.95487 1.7648 0.122855 0.877921 4.82548 2.64139 6.45214 6.50217 2.1334 2.00646 0 
6.86272 0 7.56837 1.12739 7.64743 6.93003 6.35721 5.08721 5.05993 7.9816 2.50363 5.06185 6.09652 6.86272 
6.30898 7.56837 0 7.55481 5.08446 6.23547 5.48189 2.59222 7.56416 0.424613 5.27733 4.95766 4.351 6.30898 
5.95487 1.12739 7.55481 0 6.91201 6.03259 5.53687 4.97855 3.97922 7.94953 2.99448 4.33221 5.44009 5.95487 
1.7648 7.64743 5.08446 6.91201 0 1.64524 1.50046 4.29555 4.2446 5.13901 6.69547 2.58998 1.62095 1.7648 
0.122855 6.93003 6.23547 6.03259 1.64524 0 0.845952 4.79518 2.75788 6.37256 6.52761 2.1487 1.95423 0.122855 
0.877921 6.35721 5.48189 5.53687 1.50046 0.845952 0 3.95018 2.78404 5.64642 5.76224 1.38342 1.14276 0.877921 
4.82548 5.08721 2.59222 4.97855 4.29555 4.79518 3.95018 0 5.33849 2.97571 3.05954 2.92444 2.89032 4.82548 
2.64139 5.05993 7.56416 3.97922 4.2446 2.75788 2.78404 5.33849 0 7.82857 5.64674 2.61902 3.52733 2.64139 
6.45214 7.9816 0.424613 7.94953 5.13901 6.37256 5.64642 2.97571 7.82857 0 5.70073 5.21209 4.53178 6.45214 
6.50217 2.50363 5.27733 2.99448 6.69547 6.52761 5.76224 3.05954 5.64674 5.70073 0 4.38557 5.0787 6.50217 
2.1334 5.06185 4.95766 4.33221 2.58998 2.1487 1.38342 2.92444 2.61902 5.21209 4.38557 0 1.15718 2.1334 
2.00646 6.09652 4.351 5.44009 1.62095 1.95423 1.14276 2.89032 3.52733 4.53178 5.0787 1.15718 0 2.00646 
0 0 0 0 0 0 0 0 0 0 0 0 0 0 
Printing number of nodes: 13

Version identifier: 22.1.1.0 | 2022-11-28 | 9160aff4d
CPXPARAM_ClockType                               0
CPXPARAM_Emphasis_MIP                            2
CPXPARAM_MIP_Tolerances_Integrality              0
Tried aggregator 2 times.
MIP Presolve eliminated 604 rows and 419 columns.
MIP Presolve modified 3251 coefficients.
Aggregator did 2 substitutions.
Reduced MIP has 25382 rows, 2308 columns, and 1080917 nonzeros.
Reduced MIP has 2297 binaries, 0 generals, 0 SOSs, and 0 indicators.
Presolve time = 0.43 sec. (1086.06 ticks)
Found incumbent of value 116.629970 after 0.81 sec. (1850.58 ticks)
Probing fixed 262 vars, tightened 0 bounds.
Probing changed sense of 22 constraints.
Probing time = 0.28 sec. (512.52 ticks)
Tried aggregator 1 time.
MIP Presolve eliminated 37 rows and 284 columns.
MIP Presolve modified 48 coefficients.
Reduced MIP has 25345 rows, 2024 columns, and 1079523 nonzeros.
Reduced MIP has 2013 binaries, 0 generals, 0 SOSs, and 0 indicators.
Presolve time = 0.32 sec. (728.59 ticks)
Probing time = 0.03 sec. (37.55 ticks)
Tried aggregator 1 time.
Detecting symmetries...
Reduced MIP has 25345 rows, 2024 columns, and 1079523 nonzeros.
Reduced MIP has 2013 binaries, 0 generals, 0 SOSs, and 0 indicators.
Presolve time = 0.24 sec. (522.12 ticks)
Probing time = 0.02 sec. (35.19 ticks)
Clique table members: 533399.
MIP emphasis: optimality.
MIP search method: dynamic search.
Parallel mode: deterministic, using up to 20 threads.
Root relaxation solution time = 2.32 sec. (975.92 ticks)

        Nodes                                         Cuts/
   Node  Left     Objective  IInf  Best Integer    Best Bound    ItCnt     Gap

*     0+    0                          116.6300      -12.0000           110.29%
      0     0       33.9284   135      116.6300       33.9284     3739   70.91%
*     0+    0                           42.0458       33.9284            19.31%
      0     0       34.3217   200       42.0458      Cuts: 54     4712   12.76%
      0     0       34.7588   189       42.0458      Cuts: 27     5112   12.76%
      0     0       35.0804   198       42.0458      Cuts: 24     5342   12.76%
      0     0       35.1406   234       42.0458       Cuts: 7     5442   12.76%
      0     0       35.1688   225       42.0458      Cuts: 13     5493   12.76%
Detecting symmetries...
      0     0       35.1851   230       42.0458      Cuts: 12     5538   12.76%
Detecting symmetries...
      0     2       35.1851   230       42.0458       37.1812     5538   11.57%
Elapsed time = 23.16 sec. (40683.13 ticks, tree = 0.02 MB, solutions = 2)
      1     3       35.6004   170       42.0458       37.1812     5980   11.57%
      2     4       36.1814   112       42.0458       37.1812     6453   11.57%
      8     9       36.7451   212       42.0458       37.1812     7172   11.57%
     18    15       37.5982   285       42.0458       37.1812     8644   11.57%
     52    29       38.0457   323       42.0458       37.1812    11673   11.57%
     92    43       40.5162   283       42.0458       37.1812    14839   11.57%
    144    61        cutoff             42.0458       37.1812    18910   11.57%
    160    78        cutoff             42.0458       37.1812    24034   11.57%
    171    94       41.4362   261       42.0458       37.1812    26828   11.57%
    318   147       41.7734    88       42.0458       37.1812    40082   11.57%
Elapsed time = 37.88 sec. (44215.97 ticks, tree = 0.27 MB, solutions = 2)
    471   203       41.2243   288       42.0458       37.1812    54152   11.57%
*   479+  185                           40.9226       37.1812             9.14%
    653   144       40.1521   173       40.9226       37.1812    80716    9.14%
    869   187        cutoff             40.9226       37.2615    99049    8.95%
   1101   216        cutoff             40.9226       39.5449   118521    3.37%
   1263   206       40.2761   232       40.9226       39.5449   126482    3.37%
   1387   231       40.1782    58       40.9226       39.5449   153534    3.37%
   1474   254        cutoff             40.9226       39.5449   165018    3.37%
   1496   329       40.1782    89       40.9226       40.1782   189204    1.82%
*  1504   314      integral     0       40.1782       40.1782   188302    0.00%
   1514   334       40.1782    62       40.1782       40.1782   191551    0.00%
   1523   340       40.1920    75       40.1782       40.1782   195662    0.00%
Elapsed time = 81.79 sec. (54068.53 ticks, tree = 0.76 MB, solutions = 4)

Clique cuts applied:  16
Mixed integer rounding cuts applied:  5
Zero-half cuts applied:  33
Gomory fractional cuts applied:  2

Root node processing (before b&c):
  Real time             =   23.03 sec. (40463.55 ticks)
Parallel b&c, 20 threads:
  Real time             =   58.80 sec. (13609.19 ticks)
  Sync time (average)   =   20.68 sec.
  Wait time (average)   =    0.00 sec.
                          ------------
Total (root+branch&cut) =   81.83 sec. (54072.73 ticks)
Truck arcs:
0 5
1 10
3 1
5 12
6 13
7 11
10 7
11 6
12 3
customer 2 is served by drone
start of this sortie: 7
end of this sortie: 13

customer 4 is served by drone
start of this sortie: 0
end of this sortie: 12

customer 8 is served by drone
start of this sortie: 12
end of this sortie: 3

customer 9 is served by drone
start of this sortie: 3
end of this sortie: 7

40.1782
In write mode
