Instance name: /home/cuong/CLionProjects/uMV-FSTSP/rand_generated_instances/v62
Write arg val: 1

drone speed: 1 miles/minute
uav non-eligible customer: 14 
Printing tau:
0 6.28852 5.16303 9.6843 6.86426 8.44139 10.3464 7.3961 15.4284 7.39292 13.6955 3.60586 8.59488 0 
6.28852 0 4.95465 15.9728 0.636672 4.66177 4.05785 5.34129 13.3736 12.6248 11.6407 9.89439 5.50099 6.28852 
5.16303 4.95465 0 11.0182 5.53038 7.10751 9.01249 2.23307 10.2654 7.6702 8.53245 4.93974 7.26101 5.16303 
9.6843 15.9728 11.0182 0 16.5486 18.1257 20.0307 12.184 12.9083 3.34798 6.80684 6.07844 18.2792 9.6843 
6.86426 0.636672 5.53038 16.5486 0 4.0251 3.48211 4.70462 12.7369 13.2006 11.004 10.4701 4.86432 6.86426 
8.44139 4.66177 7.10751 18.1257 4.0251 0 1.90498 5.94166 8.71183 14.7777 11.3189 12.0473 0.839223 8.44139 
10.3464 4.05785 9.01249 20.0307 3.48211 1.90498 0 7.84664 9.83058 16.6827 13.2238 13.9522 1.95797 10.3464 
7.3961 5.34129 2.23307 12.184 4.70462 5.94166 7.84664 0 8.03231 8.83606 6.29938 6.1056 6.09515 7.3961 
15.4284 13.3736 10.2654 12.9083 12.7369 8.71183 9.83058 8.03231 0 9.56032 6.10146 12.3157 7.87261 15.4284 
7.39292 12.6248 7.6702 3.34798 13.2006 14.7777 16.6827 8.83606 9.56032 0 6.30256 4.28018 14.9312 7.39292 
13.6955 11.6407 8.53245 6.80684 11.004 11.3189 13.2238 6.29938 6.10146 6.30256 0 10.5827 11.4723 13.6955 
3.60586 9.89439 4.93974 6.07844 10.4701 12.0473 13.9522 6.1056 12.3157 4.28018 10.5827 0 12.2007 3.60586 
8.59488 5.50099 7.26101 18.2792 4.86432 0.839223 1.95797 6.09515 7.87261 14.9312 11.4723 12.2007 0 8.59488 
0 0 0 0 0 0 0 0 0 0 0 0 0 0 
Printing tau_prime:
0 3.11868 2.51379 5.62917 3.4757 5.08526 5.54543 3.68031 7.43012 4.58995 6.59707 2.24556 5.39469 0 
3.11868 0 2.7572 7.88036 0.404646 2.4206 2.53943 3.08705 6.46778 6.46155 6.98444 4.69084 2.81189 3.11868 
2.51379 2.7572 0 5.26465 2.85555 3.42962 4.25347 1.18751 4.92049 3.76547 4.48548 2.52123 3.60394 2.51379 
5.62917 7.88036 5.26465 0 8.0595 8.54548 9.46521 5.74686 7.27085 1.58985 4.50546 3.39777 8.62107 5.62917 
3.4757 0.404646 2.85555 8.0595 0 2.03791 2.13812 3.02517 6.24466 6.6057 6.92803 4.93966 2.43387 3.4757 
5.08526 2.4206 3.42962 8.54548 2.03791 0 1.04142 2.81918 4.78696 6.97357 6.26847 5.92779 0.402176 5.08526 
5.54543 2.53943 4.25347 9.46521 2.13812 1.04142 0 3.79484 5.72264 7.90969 7.30968 6.68066 1.2384 5.54543 
3.68031 3.08705 1.18751 5.74686 3.02517 2.81918 3.79484 0 3.80183 4.16536 3.90431 3.51585 2.87427 3.68031 
7.43012 6.46778 4.92049 7.27085 6.24466 4.78696 5.72264 3.80183 0 5.88725 2.99002 6.63865 4.49257 7.43012 
4.58995 6.46155 3.76547 1.58985 6.6057 6.97357 7.90969 4.16536 5.88725 0 3.38907 2.39329 7.03906 4.58995 
6.59707 6.98444 4.48548 4.50546 6.92803 6.26847 7.30968 3.90431 2.99002 3.38907 0 5.00055 6.13388 6.59707 
2.24556 4.69084 2.52123 3.39777 4.93966 5.92779 6.68066 3.51585 6.63865 2.39329 5.00055 0 6.12098 2.24556 
5.39469 2.81189 3.60394 8.62107 2.43387 0.402176 1.2384 2.87427 4.49257 7.03906 6.13388 6.12098 0 5.39469 
0 0 0 0 0 0 0 0 0 0 0 0 0 0 
Printing number of nodes: 13

Version identifier: 22.1.1.0 | 2022-11-28 | 9160aff4d
CPXPARAM_ClockType                               0
CPXPARAM_Emphasis_MIP                            2
CPXPARAM_MIP_Tolerances_Integrality              0
Tried aggregator 1 time.
MIP Presolve eliminated 364 rows and 271 columns.
MIP Presolve modified 3727 coefficients.
Reduced MIP has 25428 rows, 2458 columns, and 1092974 nonzeros.
Reduced MIP has 2446 binaries, 0 generals, 0 SOSs, and 0 indicators.
Presolve time = 0.44 sec. (1145.49 ticks)
Found incumbent of value 122.193932 after 0.86 sec. (1941.01 ticks)
Probing fixed 270 vars, tightened 0 bounds.
Probing time = 0.33 sec. (554.71 ticks)
Tried aggregator 1 time.
MIP Presolve eliminated 12 rows and 270 columns.
MIP Presolve modified 128 coefficients.
Reduced MIP has 25416 rows, 2188 columns, and 1091648 nonzeros.
Reduced MIP has 2176 binaries, 0 generals, 0 SOSs, and 0 indicators.
Presolve time = 0.29 sec. (806.14 ticks)
Probing time = 0.03 sec. (36.55 ticks)
Tried aggregator 1 time.
Detecting symmetries...
Reduced MIP has 25416 rows, 2188 columns, and 1091648 nonzeros.
Reduced MIP has 2176 binaries, 0 generals, 0 SOSs, and 0 indicators.
Presolve time = 0.26 sec. (540.88 ticks)
Probing time = 0.03 sec. (36.64 ticks)
Clique table members: 536598.
MIP emphasis: optimality.
MIP search method: dynamic search.
Parallel mode: deterministic, using up to 20 threads.
Root relaxation solution time = 2.13 sec. (985.59 ticks)

        Nodes                                         Cuts/
   Node  Left     Objective  IInf  Best Integer    Best Bound    ItCnt     Gap

*     0+    0                          122.1939      -12.0000           109.82%
*     0+    0                          107.8602      -12.0000           111.13%
      0     0       37.4262   221      107.8602       37.4262       19   65.30%
      0     0       37.7247   133      107.8602      Cuts: 48     1401   65.02%
      0     0       37.7304   145      107.8602       Cuts: 4     1768   65.02%
*     0+    0                           47.4946       37.7304            20.56%
      0     0       37.7405   235       47.4946   ZeroHalf: 7     2147   20.54%
      0     0       37.7532   157       47.4946   ZeroHalf: 6     2319   20.51%
      0     0       37.7709   237       47.4946   ZeroHalf: 6     2490   20.47%
Detecting symmetries...
      0     0       37.8197   241       47.4946      Cuts: 10     2686   20.37%
      0     0       37.8555   245       47.4946      Cuts: 10     2827   20.30%
      0     0       37.8730   236       47.4946      Cuts: 10     2931   20.26%
      0     0       37.8772   234       47.4946       Cuts: 3     2977   20.25%
      0     0       37.8778   248       47.4946       Cuts: 3     2992   20.25%
      0     0       37.8852   245       47.4946    Cliques: 1     3059   20.23%
      0     0       37.8865   239       47.4946       Cuts: 3     3079   20.23%
*     0+    0                           45.1822       37.8865            16.15%
Detecting symmetries...
      0     2       37.8865   236       45.1822       37.8865     3079   16.15%
Elapsed time = 17.88 sec. (30987.36 ticks, tree = 0.02 MB, solutions = 4)
      3     4       38.0467   359       45.1822       37.8865     3700   16.15%
      8     5       37.9985   347       45.1822       37.9200     4040   16.07%
     20    20       38.2752   241       45.1822       37.9999     6536   15.90%
     35    26       40.2415   283       45.1822       38.0165     8519   15.86%
*    44+   18                           45.0817       38.0165            15.67%
*    55+   19                           43.8147       38.0165            13.23%
     57    27       38.7385    80       43.8147       38.0165     8906   13.23%
     80    36       41.3313    93       43.8147       38.0165    17156   13.23%
*    98+   42                           43.1874       38.0165            11.97%
    105    17       44.6341    45       43.1874       38.0165     6813   11.97%
    129    58       42.2896    71       43.1874       38.2615    27800   11.41%
    157    61       41.3811    90       43.1874       38.3263    30479   11.26%
    217    97        cutoff             43.1874       38.3263    46133   11.26%
Elapsed time = 35.38 sec. (34444.60 ticks, tree = 0.16 MB, solutions = 8)
*   292   108      integral     0       42.0360       38.3854    49292    8.68%
    369    66       40.9852   303       42.0360       38.3854    57618    8.68%
    628    89       41.8564   267       42.0360       38.3854    68997    8.68%
    919    81       41.7605    90       42.0360       38.3854    88801    8.68%
*  1024    62      integral     0       41.9355       38.3854    99072    8.47%
   1180    21        cutoff             41.9355       38.3854   109593    8.47%
   1299    22       41.7803   103       41.9355       40.5542   113357    3.29%
   1407    13        cutoff             41.9355       40.7320   124207    2.87%
   1550    14        cutoff             41.9355       41.3118   129952    1.49%

Clique cuts applied:  5
Flow cuts applied:  4
Mixed integer rounding cuts applied:  3
Zero-half cuts applied:  22
Gomory fractional cuts applied:  3

Root node processing (before b&c):
  Real time             =   17.69 sec. (30665.35 ticks)
Parallel b&c, 20 threads:
  Real time             =   46.39 sec. (10569.35 ticks)
  Sync time (average)   =   19.05 sec.
  Wait time (average)   =    0.00 sec.
                          ------------
Total (root+branch&cut) =   64.08 sec. (41234.70 ticks)
Truck arcs:
1 13
2 7
4 1
5 12
6 4
7 5
9 2
12 6
customer 3 is served by drone
start of this sortie: 0
end of this sortie: 9

customer 8 is served by drone
start of this sortie: 5
end of this sortie: 13

customer 10 is served by drone
start of this sortie: 9
end of this sortie: 7

41.9355
In write mode
