Instance name: /home/cuong/CLionProjects/uMV-FSTSP/rand_generated_instances/v63
Write arg val: 1

drone speed: 1 miles/minute
uav non-eligible customer: 3 4 6 10 14 
Printing tau:
0 4.07323 13.2904 7.17778 9.38433 8.87236 5.52637 1.18763 8.95769 12.586 6.15182 6.64796 1.88581 0 
4.07323 0 17.3637 11.251 13.4576 12.9456 4.64395 3.39239 7.3938 10.1392 2.07859 4.58196 2.18742 4.07323 
13.2904 17.3637 0 6.11265 3.9061 4.41807 12.7197 13.9713 9.96986 14.1204 19.4422 12.7817 15.1762 13.2904 
7.17778 11.251 6.11265 0 2.20655 2.79127 6.60705 7.85861 3.85721 8.00772 13.3296 6.66905 9.06359 7.17778 
9.38433 13.4576 3.9061 2.20655 0 4.17316 8.8136 10.0652 6.06376 10.2143 15.5361 8.8756 11.2701 9.38433 
8.87236 12.9456 4.41807 2.79127 4.17316 0 8.30163 9.55319 5.55179 9.7023 15.0242 8.36363 10.7582 8.87236 
5.52637 4.64395 12.7197 6.60705 8.8136 8.30163 0 4.33875 3.43132 7.05965 6.72254 1.12159 3.7588 5.52637 
1.18763 3.39239 13.9713 7.85861 10.0652 9.55319 4.33875 0 7.77007 11.3984 5.47098 5.46034 1.20497 1.18763 
8.95769 7.3938 9.96986 3.85721 6.06376 5.55179 3.43132 7.77007 0 4.15051 9.47239 2.81184 7.19012 8.95769 
12.586 10.1392 14.1204 8.00772 10.2143 9.7023 7.05965 11.3984 4.15051 0 11.1034 5.93806 10.8185 12.586 
6.15182 2.07859 19.4422 13.3296 15.5361 15.0242 6.72254 5.47098 9.47239 11.1034 0 6.66055 4.26601 6.15182 
6.64796 4.58196 12.7817 6.66905 8.8756 8.36363 1.12159 5.46034 2.81184 5.93806 6.66055 0 4.88039 6.64796 
1.88581 2.18742 15.1762 9.06359 11.2701 10.7582 3.7588 1.20497 7.19012 10.8185 4.26601 4.88039 0 1.88581 
0 0 0 0 0 0 0 0 0 0 0 0 0 0 
Printing tau_prime:
0 2.23994 6.72177 4.7027 5.90897 4.61477 2.61901 0.645323 4.50349 5.94599 2.98302 3.14304 1.21843 0 
2.23994 0 8.28504 5.709 6.9199 6.15439 2.62678 1.7058 4.64422 5.01824 1.08016 2.93045 1.07973 2.23994 
6.72177 8.28504 0 2.99891 2.36381 2.13843 5.99853 6.84789 5.0283 7.51954 9.32817 6.06573 7.33129 6.72177 
4.7027 5.709 2.99891 0 1.22732 1.53932 3.18392 4.58769 2.05465 4.62206 6.78777 3.14659 4.91664 4.7027 
5.90897 6.9199 2.36381 1.22732 0 1.98199 4.35707 5.81255 2.87474 5.21995 7.9998 4.25672 6.1431 5.90897 
4.61477 6.15439 2.13843 1.53932 1.98199 0 3.96787 4.71313 3.46612 6.06489 7.19214 4.11652 5.19298 4.61477 
2.61901 2.62678 5.99853 3.18392 4.35707 3.96787 0 2.1287 2.07287 3.39282 3.6982 0.529529 2.11677 2.61901 
0.645323 1.7058 6.84789 4.58769 5.81255 4.71313 2.1287 0 4.12001 5.37371 2.58279 2.6344 0.630396 0.645323 
4.50349 4.64422 5.0283 2.05465 2.87474 3.46612 2.07287 4.12001 0 2.59878 5.68826 1.71537 4.18474 4.50349 
5.94599 5.01824 7.51954 4.62206 5.21995 6.06489 3.39282 5.37371 2.59878 0 5.80438 2.86948 5.1241 5.94599 
2.98302 1.08016 9.32817 6.78777 7.9998 7.19214 3.6982 2.58279 5.68826 5.80438 0 3.97336 2.0155 2.98302 
3.14304 2.93045 6.06573 3.14659 4.25672 4.11652 0.529529 2.6344 1.71537 2.86948 3.97336 0 2.56264 3.14304 
1.21843 1.07973 7.33129 4.91664 6.1431 5.19298 2.11677 0.630396 4.18474 5.1241 2.0155 2.56264 0 1.21843 
0 0 0 0 0 0 0 0 0 0 0 0 0 0 
Printing number of nodes: 13

Version identifier: 22.1.1.0 | 2022-11-28 | 9160aff4d
CPXPARAM_ClockType                               0
CPXPARAM_Emphasis_MIP                            2
CPXPARAM_MIP_Tolerances_Integrality              0
Tried aggregator 2 times.
MIP Presolve eliminated 5687 rows and 1000 columns.
MIP Presolve modified 2735 coefficients.
Aggregator did 2 substitutions.
Reduced MIP has 20887 rows, 1727 columns, and 843055 nonzeros.
Reduced MIP has 1719 binaries, 0 generals, 0 SOSs, and 0 indicators.
Presolve time = 0.37 sec. (903.90 ticks)
Found incumbent of value 101.825600 after 0.66 sec. (1481.27 ticks)
Probing fixed 187 vars, tightened 0 bounds.
Probing changed sense of 64 constraints.
Probing time = 0.18 sec. (324.59 ticks)
Tried aggregator 1 time.
MIP Presolve eliminated 88 rows and 251 columns.
Reduced MIP has 20799 rows, 1476 columns, and 841836 nonzeros.
Reduced MIP has 1468 binaries, 0 generals, 0 SOSs, and 0 indicators.
Presolve time = 0.24 sec. (568.13 ticks)
Probing time = 0.02 sec. (30.62 ticks)
Tried aggregator 1 time.
Detecting symmetries...
Reduced MIP has 20799 rows, 1476 columns, and 841836 nonzeros.
Reduced MIP has 1468 binaries, 0 generals, 0 SOSs, and 0 indicators.
Presolve time = 0.18 sec. (400.42 ticks)
Probing time = 0.02 sec. (31.49 ticks)
Clique table members: 406825.
MIP emphasis: optimality.
MIP search method: dynamic search.
Parallel mode: deterministic, using up to 20 threads.
Root relaxation solution time = 0.29 sec. (293.49 ticks)

        Nodes                                         Cuts/
   Node  Left     Objective  IInf  Best Integer    Best Bound    ItCnt     Gap

*     0+    0                          101.8256      -12.0000           111.78%
      0     0       37.7627    73      101.8256       37.7627     1027   62.91%
*     0+    0                           51.5151       37.7627            26.70%
*     0+    0                           37.7627       37.7627             0.00%
      0     0        cutoff             37.7627       37.7627     1027    0.00%
Elapsed time = 2.78 sec. (6347.99 ticks, tree = 0.01 MB, solutions = 3)

Root node processing (before b&c):
  Real time             =    2.78 sec. (6350.64 ticks)
Parallel b&c, 20 threads:
  Real time             =    0.00 sec. (0.00 ticks)
  Sync time (average)   =    0.00 sec.
  Wait time (average)   =    0.00 sec.
                          ------------
Total (root+branch&cut) =    2.78 sec. (6350.64 ticks)
Truck arcs:
0 4
1 12
3 8
4 3
6 10
7 13
8 11
10 1
11 6
12 7
customer 2 is served by drone
start of this sortie: 11
end of this sortie: 13

customer 5 is served by drone
start of this sortie: 3
end of this sortie: 11

customer 9 is served by drone
start of this sortie: 0
end of this sortie: 3

37.7627
In write mode
