Instance name: /home/cuong/CLionProjects/uMV-FSTSP/rand_generated_instances/v66
Write arg val: 1

drone speed: 1 miles/minute
uav non-eligible customer: 8 9 12 14 
Printing tau:
0 13.1781 3.97567 6.22454 1.88888 5.68971 8.10349 7.28736 9.09475 2.71757 9.55096 7.27108 7.50727 0 
13.1781 0 15.6007 13.711 15.067 13.9748 10.0169 9.73259 4.08337 15.8957 14.8903 11.1204 5.67085 13.1781 
3.97567 15.6007 0 10.2002 3.5922 1.71404 12.0792 6.44862 11.5173 5.19463 13.5266 11.2468 9.92981 3.97567 
6.22454 13.711 10.2002 0 6.60802 11.9142 3.69408 13.5119 9.6276 5.00558 3.32643 2.59053 8.04011 6.22454 
1.88888 15.067 3.5922 6.60802 0 5.30623 8.48697 6.90389 10.9836 1.60243 9.93444 7.65456 9.39615 1.88888 
5.68971 13.9748 1.71404 11.9142 5.30623 0 13.7932 4.82273 9.8914 6.90866 15.2407 12.9608 8.30392 5.68971 
8.10349 10.0169 12.0792 3.69408 8.48697 13.7932 0 15.3909 5.93351 6.88454 4.8734 1.10355 8.14919 8.10349 
7.28736 9.73259 6.44862 13.5119 6.90389 4.82273 15.3909 0 10.1829 8.50632 16.8383 14.5584 7.24166 7.28736 
9.09475 4.08337 11.5173 9.6276 10.9836 9.8914 5.93351 10.1829 0 11.8123 10.8069 7.03706 2.94124 9.09475 
2.71757 15.8957 5.19463 5.00558 1.60243 6.90866 6.88454 8.50632 11.8123 0 8.33201 6.05212 10.2248 2.71757 
9.55096 14.8903 13.5266 3.32643 9.93444 15.2407 4.8734 16.8383 10.8069 8.33201 0 3.76985 9.59666 9.55096 
7.27108 11.1204 11.2468 2.59053 7.65456 12.9608 1.10355 14.5584 7.03706 6.05212 3.76985 0 7.31678 7.27108 
7.50727 5.67085 9.92981 8.04011 9.39615 8.30392 8.14919 7.24166 2.94124 10.2248 9.59666 7.31678 0 7.50727 
0 0 0 0 0 0 0 0 0 0 0 0 0 0 
Printing tau_prime:
0 6.31826 2.19467 2.94501 0.908593 2.70832 4.10041 3.92471 4.49935 1.40405 4.57414 3.56223 3.53902 0 
6.31826 0 7.95276 6.70446 7.22674 7.62265 5.42328 6.29785 1.93659 7.51557 7.77763 5.71456 2.91979 6.31826 
2.19467 7.95276 0 4.89025 1.71196 1.1137 6.27313 3.41734 6.32212 2.45272 6.3853 5.70695 5.03423 2.19467 
2.94501 6.70446 4.89025 0 3.17996 5.61781 1.95373 6.72236 4.80215 2.57461 1.66372 1.31708 4.80646 2.94501 
0.908593 7.22674 1.71196 3.17996 0 2.55382 4.65552 4.28564 5.40354 0.850427 4.68388 4.05977 4.43225 0.908593 
2.70832 7.62265 1.1137 5.61781 2.55382 0 6.76457 2.39496 6.17425 3.38032 7.19747 6.25618 4.7331 2.70832 
4.10041 5.42328 6.27313 1.95373 4.65552 6.76457 0 7.26677 3.72169 4.26764 2.39653 0.65162 4.35373 4.10041 
3.92471 6.29785 3.41734 6.72236 4.28564 2.39496 7.26677 0 5.36207 5.11717 8.38592 6.92536 3.78771 3.92471 
4.49935 1.93659 6.32212 4.80215 5.40354 6.17425 3.72169 5.36207 0 5.62419 5.98301 3.90628 1.57557 4.49935 
1.40405 7.51557 2.45272 2.57461 0.850427 3.38032 4.26764 5.11717 5.62419 0 3.95624 3.63414 4.85676 1.40405 
4.57414 7.77763 6.3853 1.66372 4.68388 7.19747 2.39653 8.38592 5.98301 3.95624 0 2.07684 6.27329 4.57414 
3.56223 5.71456 5.70695 1.31708 4.05977 6.25618 0.65162 6.92536 3.90628 3.63414 2.07684 0 4.30073 3.56223 
3.53902 2.91979 5.03423 4.80646 4.43225 4.7331 4.35373 3.78771 1.57557 4.85676 6.27329 4.30073 0 3.53902 
0 0 0 0 0 0 0 0 0 0 0 0 0 0 
Printing number of nodes: 13

Version identifier: 22.1.1.0 | 2022-11-28 | 9160aff4d
CPXPARAM_ClockType                               0
CPXPARAM_Emphasis_MIP                            2
CPXPARAM_MIP_Tolerances_Integrality              0
Tried aggregator 2 times.
MIP Presolve eliminated 3649 rows and 798 columns.
MIP Presolve modified 2817 coefficients.
Aggregator did 2 substitutions.
Reduced MIP has 22729 rows, 1929 columns, and 934496 nonzeros.
Reduced MIP has 1920 binaries, 0 generals, 0 SOSs, and 0 indicators.
Presolve time = 0.41 sec. (988.24 ticks)
Found incumbent of value 125.307560 after 0.74 sec. (1658.24 ticks)
Probing fixed 209 vars, tightened 0 bounds.
Probing changed sense of 54 constraints.
Probing time = 0.23 sec. (400.87 ticks)
Tried aggregator 1 time.
MIP Presolve eliminated 75 rows and 263 columns.
MIP Presolve modified 102 coefficients.
Reduced MIP has 22654 rows, 1666 columns, and 933198 nonzeros.
Reduced MIP has 1657 binaries, 0 generals, 0 SOSs, and 0 indicators.
Presolve time = 0.38 sec. (874.91 ticks)
Probing time = 0.03 sec. (33.75 ticks)
Tried aggregator 1 time.
Detecting symmetries...
Reduced MIP has 22654 rows, 1666 columns, and 933198 nonzeros.
Reduced MIP has 1657 binaries, 0 generals, 0 SOSs, and 0 indicators.
Presolve time = 0.21 sec. (447.17 ticks)
Probing time = 0.02 sec. (33.01 ticks)
Clique table members: 460766.
MIP emphasis: optimality.
MIP search method: dynamic search.
Parallel mode: deterministic, using up to 20 threads.
Root relaxation solution time = 0.83 sec. (454.76 ticks)

        Nodes                                         Cuts/
   Node  Left     Objective  IInf  Best Integer    Best Bound    ItCnt     Gap

*     0+    0                          125.3076      -12.0000           109.58%
      0     0       37.5730    93      125.3076       37.5730     1665   70.02%
*     0+    0                           44.5142       37.5730            15.59%
      0     0       37.5730    88       44.5142   Flowcuts: 1     1671   15.59%
      0     0       37.5730   101       44.5142      Cuts: 14     2288   15.59%
*     0+    0                           43.7137       37.5730            14.05%
      0     0       37.5730   106       43.7137   ZeroHalf: 2     2511   14.05%
*     0+    0                           40.0593       37.5730             6.21%
Detecting symmetries...

Repeating presolve.
Tried aggregator 1 time.
MIP Presolve eliminated 15256 rows and 900 columns.
MIP Presolve modified 25448 coefficients.
Reduced MIP has 7398 rows, 766 columns, and 128912 nonzeros.
Reduced MIP has 757 binaries, 0 generals, 0 SOSs, and 0 indicators.
Presolve time = 0.54 sec. (2465.19 ticks)
Probing fixed 16 vars, tightened 0 bounds.
Probing changed sense of 27 constraints.
Probing time = 0.02 sec. (29.19 ticks)
Tried aggregator 1 time.
MIP Presolve eliminated 3590 rows and 35 columns.
MIP Presolve modified 25053 coefficients.
Reduced MIP has 3805 rows, 731 columns, and 57595 nonzeros.
Reduced MIP has 722 binaries, 0 generals, 0 SOSs, and 0 indicators.
Presolve time = 0.18 sec. (1010.94 ticks)
Probing time = 0.00 sec. (7.31 ticks)
Tried aggregator 1 time.
Detecting symmetries...
MIP Presolve eliminated 6 rows and 2 columns.
MIP Presolve modified 17 coefficients.
Reduced MIP has 3799 rows, 729 columns, and 57572 nonzeros.
Reduced MIP has 720 binaries, 0 generals, 0 SOSs, and 0 indicators.
Presolve time = 0.02 sec. (42.30 ticks)
Represolve time = 0.81 sec. (3603.32 ticks)
Probing time = 0.00 sec. (7.18 ticks)
Clique table members: 66913.
MIP emphasis: optimality.
MIP search method: dynamic search.
Parallel mode: deterministic, using up to 20 threads.
Root relaxation solution time = 0.06 sec. (78.31 ticks)

        Nodes                                         Cuts/
   Node  Left     Objective  IInf  Best Integer    Best Bound    ItCnt     Gap

*     0+    0                           40.0594       37.5730             6.21%
      0     0       37.5730    94       40.0594       37.5730     3517    6.21%
      0     0       37.5730    94       40.0594      Fract: 2     3618    6.21%
      0     0       37.5730    94       40.0594      Cuts: 12     3839    6.21%
      0     0        cutoff             40.0594       40.0594     3839    0.00%
Elapsed time = 7.40 sec. (14402.77 ticks, tree = 0.01 MB, solutions = 4)

Zero-half cuts applied:  2
Lift and project cuts applied:  2
Gomory fractional cuts applied:  1

Root node processing (before b&c):
  Real time             =    7.40 sec. (14403.07 ticks)
Parallel b&c, 20 threads:
  Real time             =    0.00 sec. (0.00 ticks)
  Sync time (average)   =    0.00 sec.
  Wait time (average)   =    0.00 sec.
                          ------------
Total (root+branch&cut) =    7.40 sec. (14403.07 ticks)
Truck arcs:
0 2
2 5
3 9
4 13
5 12
6 11
8 6
9 4
11 3
12 8
customer 1 is served by drone
start of this sortie: 0
end of this sortie: 12

customer 7 is served by drone
start of this sortie: 11
end of this sortie: 13

customer 10 is served by drone
start of this sortie: 12
end of this sortie: 11

40.0593
In write mode
