Instance name: /home/cuong/CLionProjects/uMV-FSTSP/rand_generated_instances/v67
Write arg val: 1

drone speed: 1 miles/minute
uav non-eligible customer: 6 10 11 14 
Printing tau:
0 8.89306 2.86884 0.822212 8.94082 7.4314 7.03529 10.4927 8.84262 1.83991 7.2619 15.6158 12.1212 0 
8.89306 0 10.2939 9.71527 11.9059 2.0124 1.91534 1.84957 11.8077 7.05315 4.19147 6.72269 15.0862 8.89306 
2.86884 10.2939 0 2.62027 9.93291 8.83226 8.43615 11.8936 5.97378 3.24077 8.66276 17.0166 9.25234 2.86884 
0.822212 9.71527 2.62027 0 9.35426 8.25362 7.8575 11.3149 8.59405 2.66212 8.08411 16.438 11.8726 0.822212 
8.94082 11.9059 9.93291 9.35426 0 9.89349 9.99054 10.0563 7.43707 8.42697 7.71441 9.44827 3.18035 8.94082 
7.4314 2.0124 8.83226 8.25362 9.89349 0 0.396111 3.0613 9.79529 5.5915 2.17908 8.18435 13.0738 7.4314 
7.03529 1.91534 8.43615 7.8575 9.99054 0.396111 0 3.45741 9.89234 5.19539 2.27613 8.58046 13.1709 7.03529 
10.4927 1.84957 11.8936 11.3149 10.0563 3.0613 3.45741 0 9.95812 8.6528 3.23081 5.12305 13.2367 10.4927 
8.84262 11.8077 5.97378 8.59405 7.43707 9.79529 9.89234 9.95812 0 8.32877 7.61621 14.5208 4.68733 8.84262 
1.83991 7.05315 3.24077 2.66212 8.42697 5.5915 5.19539 8.6528 8.32877 0 5.42199 13.7758 11.6073 1.83991 
7.2619 4.19147 8.66276 8.08411 7.71441 2.17908 2.27613 3.23081 7.61621 5.42199 0 8.35386 10.8948 7.2619 
15.6158 6.72269 17.0166 16.438 9.44827 8.18435 8.58046 5.12305 14.5208 13.7758 8.35386 0 12.6286 15.6158 
12.1212 15.0862 9.25234 11.8726 3.18035 13.0738 13.1709 13.2367 4.68733 11.6073 10.8948 12.6286 0 12.1212 
0 0 0 0 0 0 0 0 0 0 0 0 0 0 
Printing tau_prime:
0 4.4191 1.505 0.40492 5.82588 3.53187 3.35318 4.97418 4.20029 0.90053 3.47177 7.36522 6.33084 0 
4.4191 0 5.57772 4.82387 5.61507 1.17248 1.25785 1.15275 6.67052 3.70734 2.12023 3.37423 7.26133 4.4191 
1.505 5.57772 0 1.26497 5.488 4.53659 4.38492 5.91292 3.05197 1.88848 4.15641 8.17808 5.52175 1.505 
0.40492 4.82387 1.26497 0 6.01955 3.93178 3.75428 5.37252 4.15086 1.26115 3.83866 7.75712 6.40448 0.40492 
5.82588 5.61507 5.488 6.01955 0 4.69261 4.76215 4.82985 3.50617 5.07277 3.68557 5.56674 1.9819 5.82588 
3.53187 1.17248 4.53659 3.93178 4.69261 0 0.192252 1.44515 5.49945 2.72501 1.03033 3.86384 6.2119 3.53187 
3.35318 1.25785 4.38492 3.75428 4.76215 0.192252 0 1.63013 5.43948 2.55764 1.07828 4.05294 6.23685 3.35318 
4.97418 1.15275 5.91292 5.37252 4.82985 1.44515 1.63013 0 6.45465 4.15065 1.88105 2.43198 6.62315 4.97418 
4.20029 6.67052 3.05197 4.15086 3.50617 5.49945 5.43948 6.45465 0 3.94189 4.6197 8.14148 2.6965 4.20029 
0.90053 3.70734 1.88848 1.26115 5.07277 2.72501 2.55764 4.15065 3.94189 0 2.57793 6.51182 5.77874 0.90053 
3.47177 2.12023 4.15641 3.83866 3.68557 1.03033 1.07828 1.88105 4.6197 2.57793 0 4.02197 5.18299 3.47177 
7.36522 3.37423 8.17808 7.75712 5.56674 3.86384 4.05294 2.43198 8.14148 6.51182 4.02197 0 7.54511 7.36522 
6.33084 7.26133 5.52175 6.40448 1.9819 6.2119 6.23685 6.62315 2.6965 5.77874 5.18299 7.54511 0 6.33084 
0 0 0 0 0 0 0 0 0 0 0 0 0 0 
Printing number of nodes: 13

Version identifier: 22.1.1.0 | 2022-11-28 | 9160aff4d
CPXPARAM_ClockType                               0
CPXPARAM_Emphasis_MIP                            2
CPXPARAM_MIP_Tolerances_Integrality              0
Tried aggregator 2 times.
MIP Presolve eliminated 3649 rows and 793 columns.
MIP Presolve modified 2995 coefficients.
Aggregator did 2 substitutions.
Reduced MIP has 22729 rows, 1934 columns, and 934511 nonzeros.
Reduced MIP has 1925 binaries, 0 generals, 0 SOSs, and 0 indicators.
Presolve time = 0.38 sec. (869.99 ticks)
Found incumbent of value 93.667021 after 0.71 sec. (1518.62 ticks)
Probing fixed 214 vars, tightened 0 bounds.
Probing changed sense of 54 constraints.
Probing time = 0.22 sec. (391.77 ticks)
Tried aggregator 1 time.
MIP Presolve eliminated 75 rows and 268 columns.
MIP Presolve modified 120 coefficients.
Reduced MIP has 22654 rows, 1666 columns, and 933189 nonzeros.
Reduced MIP has 1657 binaries, 0 generals, 0 SOSs, and 0 indicators.
Presolve time = 0.28 sec. (631.29 ticks)
Probing time = 0.02 sec. (33.27 ticks)
Tried aggregator 1 time.
Detecting symmetries...
Reduced MIP has 22654 rows, 1666 columns, and 933189 nonzeros.
Reduced MIP has 1657 binaries, 0 generals, 0 SOSs, and 0 indicators.
Presolve time = 0.20 sec. (445.84 ticks)
Probing time = 0.02 sec. (32.77 ticks)
Clique table members: 460788.
MIP emphasis: optimality.
MIP search method: dynamic search.
Parallel mode: deterministic, using up to 20 threads.
Root relaxation solution time = 0.87 sec. (467.43 ticks)

        Nodes                                         Cuts/
   Node  Left     Objective  IInf  Best Integer    Best Bound    ItCnt     Gap

*     0+    0                           93.6670      -12.0000           112.81%
      0     0       40.4267    86       93.6670       40.4267     1690   56.84%
*     0+    0                           49.0987       40.4267            17.66%
*     0+    0                           48.6776       40.4267            16.95%
*     0+    0                           46.2767       40.4267            12.64%
*     0+    0                           44.4647       40.4267             9.08%
      0     0  -1.00000e+75     0       44.4647       40.4267     1690    9.08%
Detecting symmetries...
      0     2       40.4267    40       44.4647       40.4267     1690    9.08%
Elapsed time = 5.48 sec. (9446.70 ticks, tree = 0.02 MB, solutions = 5)
      1     3       40.4267    48       44.4647       40.4267     2203    9.08%
      2     3       40.4267    33       44.4647       40.4267     1824    9.08%
      6     7       40.4267    64       44.4647       40.4267     5052    9.08%
*     7+    4                           43.9593       40.4267             8.04%
     13    10       40.4267    74       43.9593       40.4267     7165    8.04%
     29    17       40.4267    69       43.9593       40.4267     9535    8.04%
     63    19       40.4267    69       43.9593       40.4267    10407    8.04%
    112    79       43.4336    16       43.9593       40.4267    19739    8.04%
*   122    78      integral     0       43.7016       40.4267    19754    7.49%
    142    89       42.4453    99       43.7016       40.4267    21022    7.49%
*   149+  103                           43.4008       40.4267             6.85%
    161   122    infeasible             43.4008       40.4267    27415    6.85%
*   170   127      integral     0       43.1837       40.4267    27928    6.38%
*   185   132      integral     0       42.6964       40.4267    30003    5.32%
    231   143       41.1753   127       42.6964       40.4267    33990    5.32%
Elapsed time = 16.13 sec. (13503.34 ticks, tree = 3.12 MB, solutions = 10)
    381   176       40.4267    55       42.6964       40.4267    42216    5.32%
*   455   246      integral     0       42.0869       40.4267    57491    3.94%
    520   246       41.1419   120       42.0869       40.4267    56514    3.94%
    689   293        cutoff             42.0869       40.4267    75461    3.94%
    819   331       40.9736    75       42.0869       40.4267    82293    3.94%
   1044   489       40.7084    58       42.0869       40.4267   112153    3.94%
   1141   596       41.9246    28       42.0869       40.4267   140405    3.94%
   1364   658       40.9378   109       42.0869       40.4267   152484    3.94%
   1703   720       41.8982    83       42.0869       40.6766   164334    3.35%
   2153   962       41.7185    70       42.0869       40.7200   214608    3.25%
*  2239+  979                           42.0558       40.9740             2.57%
   2657   966        cutoff             42.0558       40.9757   227008    2.57%
Elapsed time = 59.60 sec. (23081.29 ticks, tree = 7.94 MB, solutions = 12)
*  3238+  722                           41.7878       41.4845             0.73%
   3251   743        cutoff             41.7878       41.4845   250289    0.73%

Cover cuts applied:  6
Zero-half cuts applied:  2
Lift and project cuts applied:  1
Gomory fractional cuts applied:  1

Root node processing (before b&c):
  Real time             =    5.36 sec. (9279.61 ticks)
Parallel b&c, 20 threads:
  Real time             =   61.72 sec. (15601.84 ticks)
  Sync time (average)   =   22.24 sec.
  Wait time (average)   =    0.00 sec.
                          ------------
Total (root+branch&cut) =   67.08 sec. (24881.45 ticks)
Truck arcs:
0 3
1 11
2 6
3 2
5 1
6 5
7 10
9 13
10 9
11 7
customer 4 is served by drone
start of this sortie: 1
end of this sortie: 7

customer 8 is served by drone
start of this sortie: 7
end of this sortie: 13

customer 12 is served by drone
start of this sortie: 0
end of this sortie: 1

41.7878
In write mode
