Instance name: /home/cuong/CLionProjects/uMV-FSTSP/rand_generated_instances/v68
Write arg val: 1

drone speed: 1 miles/minute
uav non-eligible customer: 3 6 12 14 
Printing tau:
0 3.41233 8.11302 1.75825 1.27963 6.33564 2.22593 4.49102 4.19142 8.35438 1.5188 13.8781 10.8318 0 
3.41233 0 8.85346 1.65408 4.69196 9.74797 2.11347 1.51443 4.93186 7.61395 4.93112 17.2904 10.0913 3.41233 
8.11302 8.85346 0 9.36097 7.61118 14.4267 6.98341 9.2485 8.552 16.4674 9.44112 9.12059 18.9448 8.11302 
1.75825 1.65408 9.36097 0 3.03788 8.09389 2.62098 2.73277 5.43937 7.10644 3.27704 15.6363 9.58382 1.75825 
1.27963 4.69196 7.61118 3.03788 0 6.81554 3.50556 5.77065 5.07416 8.85622 1.82994 12.5984 11.3336 1.27963 
6.33564 9.74797 14.4267 8.09389 6.81554 0 8.56157 10.8267 10.5051 2.44479 4.9856 7.54243 4.51806 6.33564 
2.22593 2.11347 6.98341 2.62098 3.50556 8.56157 0 2.26509 2.81839 9.72742 3.74472 16.104 12.2048 2.22593 
4.49102 1.51443 9.2485 2.73277 5.77065 10.8267 2.26509 0 3.41743 9.12837 6.00981 18.3691 11.6058 4.49102 
4.19142 4.93186 8.552 5.43937 5.07416 10.5051 2.81839 3.41743 0 12.5458 5.51952 17.6726 15.0232 4.19142 
8.35438 7.61395 16.4674 7.10644 8.85622 2.44479 9.72742 9.12837 12.5458 0 7.02628 9.98722 2.47738 8.35438 
1.5188 4.93112 9.44112 3.27704 1.82994 4.9856 3.74472 6.00981 5.51952 7.02628 0 12.3593 9.50366 1.5188 
13.8781 17.2904 9.12059 15.6363 12.5984 7.54243 16.104 18.3691 17.6726 9.98722 12.3593 0 11.859 13.8781 
10.8318 10.0913 18.9448 9.58382 11.3336 4.51806 12.2048 11.6058 15.0232 2.47738 9.50366 11.859 0 10.8318 
0 0 0 0 0 0 0 0 0 0 0 0 0 0 
Printing tau_prime:
0 1.64602 4.43358 1.0164 0.647955 4.21646 1.23288 2.1483 2.66527 4.34446 0.951092 6.56008 5.37273 0 
1.64602 0 5.679 0.815616 2.28802 5.29327 1.14254 0.876491 2.33187 4.97345 2.341 8.19326 5.77826 1.64602 
4.43358 5.679 0 5.37654 3.94477 6.84139 4.57519 5.56569 4.43511 7.77355 4.70517 5.44453 8.94891 4.43358 
1.0164 0.815616 5.37654 0 1.65264 4.50119 1.25506 1.60251 2.73793 4.27951 1.54528 7.44866 5.16355 1.0164 
0.647955 2.28802 3.94477 1.65264 0 4.00041 1.70281 2.72333 2.95748 4.35255 0.869978 5.94412 5.44845 0.647955 
4.21646 5.29327 6.84139 4.50119 4.00041 0 5.42395 6.10013 6.87957 1.50121 3.26797 4.96159 2.50321 4.21646 
1.23288 1.14254 4.57519 1.25506 1.70281 5.42395 0 1.10448 1.52051 5.4168 2.1766 7.59325 6.36426 1.23288 
2.1483 0.876491 5.56569 1.60251 2.72333 6.10013 1.10448 0 1.64411 5.84205 3.00136 8.66009 6.65466 2.1483 
2.66527 2.33187 4.43511 2.73793 2.95748 6.87957 1.52051 1.64411 0 6.93561 3.6116 8.46342 7.88209 2.66527 
4.34446 4.97345 7.77355 4.27951 4.35255 1.50121 5.4168 5.84205 6.93561 0 3.49588 6.45945 1.17914 4.34446 
0.951092 2.341 4.70517 1.54528 0.869978 3.26797 2.1766 3.00136 3.6116 3.49588 0 5.93108 4.58082 0.951092 
6.56008 8.19326 5.44453 7.44866 5.94412 4.96159 7.59325 8.66009 8.46342 6.45945 5.93108 0 7.41466 6.56008 
5.37273 5.77826 8.94891 5.16355 5.44845 2.50321 6.36426 6.65466 7.88209 1.17914 4.58082 7.41466 0 5.37273 
0 0 0 0 0 0 0 0 0 0 0 0 0 0 
Printing number of nodes: 13

Version identifier: 22.1.1.0 | 2022-11-28 | 9160aff4d
CPXPARAM_ClockType                               0
CPXPARAM_Emphasis_MIP                            2
CPXPARAM_MIP_Tolerances_Integrality              0
Tried aggregator 2 times.
MIP Presolve eliminated 3649 rows and 805 columns.
MIP Presolve modified 3265 coefficients.
Aggregator did 2 substitutions.
Reduced MIP has 22729 rows, 1922 columns, and 934397 nonzeros.
Reduced MIP has 1913 binaries, 0 generals, 0 SOSs, and 0 indicators.
Presolve time = 0.37 sec. (869.91 ticks)
Found incumbent of value 95.382570 after 0.70 sec. (1528.17 ticks)
Probing fixed 202 vars, tightened 0 bounds.
Probing changed sense of 54 constraints.
Probing time = 0.22 sec. (385.73 ticks)
Tried aggregator 1 time.
MIP Presolve eliminated 75 rows and 256 columns.
MIP Presolve modified 65 coefficients.
Reduced MIP has 22654 rows, 1666 columns, and 933155 nonzeros.
Reduced MIP has 1657 binaries, 0 generals, 0 SOSs, and 0 indicators.
Presolve time = 0.38 sec. (881.83 ticks)
Probing time = 0.03 sec. (33.52 ticks)
Tried aggregator 1 time.
Detecting symmetries...
Reduced MIP has 22654 rows, 1666 columns, and 933155 nonzeros.
Reduced MIP has 1657 binaries, 0 generals, 0 SOSs, and 0 indicators.
Presolve time = 0.22 sec. (446.30 ticks)
Probing time = 0.02 sec. (32.77 ticks)
Clique table members: 461008.
MIP emphasis: optimality.
MIP search method: dynamic search.
Parallel mode: deterministic, using up to 20 threads.
Root relaxation solution time = 0.29 sec. (272.48 ticks)

        Nodes                                         Cuts/
   Node  Left     Objective  IInf  Best Integer    Best Bound    ItCnt     Gap

*     0+    0                           95.3826       -6.9196           107.25%
      0     0       34.8566    65       95.3826       34.8566      854   63.46%
*     0+    0                           43.1521       34.8566            19.22%
*     0+    0                           42.2867       34.8566            17.57%
Detecting symmetries...
      0     2       34.8566    42       42.2867       34.8566      854   17.57%
Elapsed time = 4.45 sec. (7586.58 ticks, tree = 0.02 MB, solutions = 3)
*     3+    1                           41.6394       34.8566            16.29%
      3     3       34.8566    41       41.6394       34.8566     1115   16.29%
      8     8       36.0415   188       41.6394       34.8566     2248   16.29%
*    10+    5                           39.8807       34.8566            12.60%
*    12+    8                           39.5743       34.8566            11.92%
*    12+    5                           36.8164       34.8566             5.32%
     16    10       35.4516    59       36.8164       34.8566     3127    5.32%
     23    19       36.7172    69       36.8164       34.8566     6385    5.32%
     36    21       35.2607    44       36.8164       34.8566     7159    5.32%
     68    23       35.3760    74       36.8164       34.8566    13681    5.32%
    154    34       35.2600    75       36.8164       34.8566    17941    5.32%
    210    81       35.8851   151       36.8164       34.8566    34758    5.32%
    286   104        cutoff             36.8164       34.8566    38748    5.32%
    553   234        cutoff             36.8164       34.8566    66950    5.32%
Elapsed time = 15.32 sec. (10844.94 ticks, tree = 1.12 MB, solutions = 12)
    704   314       35.5719    76       36.8164       34.8566    90656    5.32%
*   845   379      integral     0       35.8251       34.9417   110522    2.47%

Zero-half cuts applied:  1

Root node processing (before b&c):
  Real time             =    4.36 sec. (7552.53 ticks)
Parallel b&c, 20 threads:
  Real time             =   15.89 sec. (5200.52 ticks)
  Sync time (average)   =    6.71 sec.
  Wait time (average)   =    0.00 sec.
                          ------------
Total (root+branch&cut) =   20.24 sec. (12753.06 ticks)
Truck arcs:
0 4
1 3
3 9
4 6
5 10
6 7
7 1
9 12
10 13
12 5
customer 2 is served by drone
start of this sortie: 6
end of this sortie: 9

customer 8 is served by drone
start of this sortie: 0
end of this sortie: 6

customer 11 is served by drone
start of this sortie: 9
end of this sortie: 13

35.8251
In write mode
