Instance name: /home/cuong/CLionProjects/uMV-FSTSP/rand_generated_instances/v7
Write arg val: 1

drone speed: 1 miles/minute
uav non-eligible customer: 1 2 6 8 9 14 
Printing tau:
0 3.46219 17.6449 2.26542 14.8642 7.19618 4.87745 2.8763 15.6047 11.2172 2.21852 2.05929 15.0615 0 
3.46219 0 14.1827 1.62265 11.402 3.734 3.93923 6.33849 12.1425 7.75506 1.24366 5.52148 11.5994 3.46219 
17.6449 14.1827 0 15.7259 2.78073 10.4487 12.7674 20.5212 5.40312 6.8967 15.4264 19.7042 3.01491 17.6449 
2.26542 1.62265 15.7259 0 12.9451 5.27716 5.56188 4.79532 13.6856 9.29823 1.97477 3.97831 13.1425 2.26542 
14.8642 11.402 2.78073 12.9451 0 7.66798 9.98672 17.7405 4.53095 6.02452 12.6456 16.9235 2.14273 14.8642 
7.19618 3.734 10.4487 5.27716 7.66798 0 5.50617 10.0725 8.40847 4.02107 4.97766 9.25548 7.86536 7.19618 
4.87745 3.93923 12.7674 5.56188 9.98672 5.50617 0 7.75374 10.7272 6.89476 3.58712 6.93674 10.1841 4.87745 
2.8763 6.33849 20.5212 4.79532 17.7405 10.0725 7.75374 0 18.481 14.0935 5.09482 2.73828 17.9378 2.8763 
15.6047 12.1425 5.40312 13.6856 4.53095 8.40847 10.7272 18.481 0 4.3874 13.3861 17.6639 2.38822 15.6047 
11.2172 7.75506 6.8967 9.29823 6.02452 4.02107 6.89476 14.0935 4.3874 0 8.99873 13.2765 3.88179 11.2172 
2.21852 1.24366 15.4264 1.97477 12.6456 4.97766 3.58712 5.09482 13.3861 8.99873 0 4.27782 12.843 2.21852 
2.05929 5.52148 19.7042 3.97831 16.9235 9.25548 6.93674 2.73828 17.6639 13.2765 4.27782 0 17.1208 2.05929 
15.0615 11.5994 3.01491 13.1425 2.14273 7.86536 10.1841 17.9378 2.38822 3.88179 12.843 17.1208 0 15.0615 
0 0 0 0 0 0 0 0 0 0 0 0 0 0 
Printing tau_prime:
0 1.65998 8.46196 1.39958 7.09976 3.54864 2.77513 1.56866 7.42271 5.55327 1.05476 1.09289 7.10134 0 
1.65998 0 6.93913 1.05561 5.56624 1.90893 1.97318 3.18122 5.76535 3.91227 0.609313 2.61045 5.4854 1.65998 
8.46196 6.93913 0 7.86355 1.37381 5.56806 6.01863 9.70407 2.72259 4.4442 7.46628 9.51366 1.87162 8.46196 
1.39958 1.05561 7.86355 0 6.49082 2.48782 2.96973 2.92532 6.45192 4.42803 0.94156 1.95892 6.31089 1.39958 
7.09976 5.56624 1.37381 6.49082 0 4.224 4.72562 8.37046 2.16425 3.3198 6.09724 8.14578 1.01437 7.09976 
3.54864 1.90893 5.56806 2.48782 4.224 0 2.8164 5.08883 3.9641 2.00539 2.51484 4.39632 3.88959 3.54864 
2.77513 1.97318 6.01863 2.96973 4.72562 2.8164 0 3.73438 5.66168 4.4154 2.10488 3.86265 5.00653 2.77513 
1.56866 3.18122 9.70407 2.92532 8.37046 5.08883 3.73438 0 8.89218 7.09332 2.57399 1.34707 8.48132 1.56866 
7.42271 5.76535 2.72259 6.45192 2.16425 3.9641 5.66168 8.89218 0 2.1848 6.36796 8.34128 1.15456 7.42271 
5.55327 3.91227 4.4442 4.42803 3.3198 2.00539 4.4154 7.09332 2.1848 0 4.51953 6.37154 2.57539 5.55327 
1.05476 0.609313 7.46628 0.94156 6.09724 2.51484 2.10488 2.57399 6.36796 4.51953 0 2.04935 6.06031 1.05476 
1.09289 2.61045 9.51366 1.95892 8.14578 4.39632 3.86265 1.34707 8.34128 6.37154 2.04935 0 8.09583 1.09289 
7.10134 5.4854 1.87162 6.31089 1.01437 3.88959 5.00653 8.48132 1.15456 2.57539 6.06031 8.09583 0 7.10134 
0 0 0 0 0 0 0 0 0 0 0 0 0 0 
Printing number of nodes: 13

Version identifier: 22.1.1.0 | 2022-11-28 | 9160aff4d
CPXPARAM_ClockType                               0
CPXPARAM_Emphasis_MIP                            2
CPXPARAM_MIP_Tolerances_Integrality              0
Tried aggregator 2 times.
MIP Presolve eliminated 7854 rows and 1207 columns.
MIP Presolve modified 2409 coefficients.
Aggregator did 2 substitutions.
Reduced MIP has 18916 rows, 1520 columns, and 749725 nonzeros.
Reduced MIP has 1513 binaries, 0 generals, 0 SOSs, and 0 indicators.
Presolve time = 0.35 sec. (831.55 ticks)
Found incumbent of value 118.001920 after 0.61 sec. (1343.63 ticks)
Probing fixed 158 vars, tightened 0 bounds.
Probing changed sense of 70 constraints.
Probing time = 0.17 sec. (270.81 ticks)
Tried aggregator 1 time.
MIP Presolve eliminated 97 rows and 228 columns.
MIP Presolve modified 44 coefficients.
Reduced MIP has 18819 rows, 1292 columns, and 748607 nonzeros.
Reduced MIP has 1285 binaries, 0 generals, 0 SOSs, and 0 indicators.
Presolve time = 0.29 sec. (714.00 ticks)
Probing time = 0.02 sec. (30.40 ticks)
Tried aggregator 1 time.
Detecting symmetries...
Reduced MIP has 18819 rows, 1292 columns, and 748607 nonzeros.
Reduced MIP has 1285 binaries, 0 generals, 0 SOSs, and 0 indicators.
Presolve time = 0.16 sec. (356.81 ticks)
Probing time = 0.02 sec. (29.72 ticks)
Clique table members: 351593.
MIP emphasis: optimality.
MIP search method: dynamic search.
Parallel mode: deterministic, using up to 20 threads.
Root relaxation solution time = 0.26 sec. (282.18 ticks)

        Nodes                                         Cuts/
   Node  Left     Objective  IInf  Best Integer    Best Bound    ItCnt     Gap

*     0+    0                          118.0019       -8.9341           107.57%
      0     0       43.0068    38      118.0019       43.0068      896   63.55%
*     0+    0                           48.6708       43.0068            11.64%
*     0+    0                           43.0068       43.0068             0.00%
      0     0        cutoff             43.0068       43.0068      983    0.00%
Elapsed time = 2.23 sec. (4464.38 ticks, tree = 0.01 MB, solutions = 3)

Zero-half cuts applied:  1
Gomory fractional cuts applied:  4

Root node processing (before b&c):
  Real time             =    2.23 sec. (4466.66 ticks)
Parallel b&c, 20 threads:
  Real time             =    0.00 sec. (0.00 ticks)
  Sync time (average)   =    0.00 sec.
  Wait time (average)   =    0.00 sec.
                          ------------
Total (root+branch&cut) =    2.23 sec. (4466.66 ticks)
Truck arcs:
0 10
1 3
2 12
3 13
4 2
5 1
6 4
8 9
9 5
10 6
12 8
customer 7 is served by drone
start of this sortie: 0
end of this sortie: 6

customer 11 is served by drone
start of this sortie: 8
end of this sortie: 13

43.0068
In write mode
