Instance name: /home/cuong/CLionProjects/uMV-FSTSP/rand_generated_instances/v74
Write arg val: 1

drone speed: 1 miles/minute
uav non-eligible customer: 4 7 10 11 14 
Printing tau:
0 2.93536 3.47928 13.4888 8.48679 9.64016 8.01532 10.579 2.54792 7.5516 10.2028 7.35774 8.29058 0 
2.93536 0 0.543929 12.0478 10.3754 8.19916 10.9507 9.13801 5.48327 6.11059 13.1381 5.91674 7.78835 2.93536 
3.47928 0.543929 0 11.7822 10.9193 7.93352 11.4946 8.87236 6.0272 6.38991 13.6821 5.65109 8.33228 3.47928 
13.4888 12.0478 11.7822 0 5.00204 5.64215 9.01969 2.90981 12.994 5.93723 13.612 6.86882 5.19825 13.4888 
8.48679 10.3754 10.9193 5.00204 0 6.49898 4.01765 2.25764 7.99196 4.5294 8.60992 7.72565 2.58703 8.48679 
9.64016 8.19916 7.93352 5.64215 6.49898 0 7.07426 4.24134 9.14534 2.08857 9.7633 2.28242 3.91195 9.64016 
8.01532 10.9507 11.4946 9.01969 4.01765 7.07426 0 6.10988 5.4674 5.10469 4.59227 8.30094 3.82145 8.01532 
10.579 9.13801 8.87236 2.90981 2.25764 4.24134 6.10988 0 10.0842 3.02741 10.7021 5.46801 2.28843 10.579 
2.54792 5.48327 6.0272 12.994 7.99196 9.14534 5.4674 10.0842 0 7.05677 7.65488 6.86292 7.79575 2.54792 
7.5516 6.11059 6.38991 5.93723 4.5294 2.08857 5.10469 3.02741 7.05677 0 7.67473 3.19625 1.94237 7.5516 
10.2028 13.1381 13.6821 13.612 8.60992 9.7633 4.59227 10.7021 7.65488 7.67473 0 10.4884 8.41372 10.2028 
7.35774 5.91674 5.65109 6.86882 7.72565 2.28242 8.30094 5.46801 6.86292 3.19625 10.4884 0 5.13862 7.35774 
8.29058 7.78835 8.33228 5.19825 2.58703 3.91195 3.82145 2.28843 7.79575 1.94237 8.41372 5.13862 0 8.29058 
0 0 0 0 0 0 0 0 0 0 0 0 0 0 
Printing tau_prime:
0 1.54149 1.82684 7.07558 5.32039 4.56602 4.32611 5.55323 1.22354 3.81513 4.80999 3.47109 4.52856 0 
1.54149 0 0.285356 7.23806 5.91217 4.27532 5.35593 5.76196 2.62304 3.9865 6.23712 3.0561 4.88934 1.54149 
1.82684 0.285356 0 7.30408 6.059 4.28123 5.5729 5.8451 2.89811 4.08233 6.50722 3.05993 5.00611 1.82684 
7.07558 7.23806 7.30408 0 2.39233 3.2196 4.30518 1.52237 6.41401 3.29102 6.63973 4.34027 2.58265 7.07558 
5.32039 5.91217 6.059 2.39233 0 3.11152 1.91326 1.451 4.41725 2.18022 4.26259 3.68059 1.22304 5.32039 
4.56602 4.27532 4.28123 3.2196 3.11152 0 4.13077 2.04778 4.37719 1.3533 6.34388 1.22149 1.95077 4.56602 
4.32611 5.35593 5.5729 4.30518 1.91326 4.13077 0 3.17476 3.18635 2.81107 2.39787 4.14326 2.33827 4.32611 
5.55323 5.76196 5.8451 1.52237 1.451 2.04778 3.17476 0 4.91328 1.78426 5.57256 2.99168 1.08989 5.55323 
1.22354 2.62304 2.89811 6.41401 4.41725 4.37719 3.18635 4.91328 0 3.33098 3.62028 3.50011 3.83224 1.22354 
3.81513 3.9865 4.08233 3.29102 2.18022 1.3533 2.81107 1.78426 3.33098 0 4.9906 1.50949 0.979671 3.81513 
4.80999 6.23712 6.50722 6.63973 4.26259 6.34388 2.39787 5.57256 3.62028 4.9906 0 6.07308 4.70014 4.80999 
3.47109 3.0561 3.05993 4.34027 3.68059 1.22149 4.14326 2.99168 3.50011 1.50949 6.07308 0 2.46196 3.47109 
4.52856 4.88934 5.00611 2.58265 1.22304 1.95077 2.33827 1.08989 3.83224 0.979671 4.70014 2.46196 0 4.52856 
0 0 0 0 0 0 0 0 0 0 0 0 0 0 
Printing number of nodes: 13

Version identifier: 22.1.1.0 | 2022-11-28 | 9160aff4d
CPXPARAM_ClockType                               0
CPXPARAM_Emphasis_MIP                            2
CPXPARAM_MIP_Tolerances_Integrality              0
Tried aggregator 2 times.
MIP Presolve eliminated 5685 rows and 981 columns.
MIP Presolve modified 2756 coefficients.
Aggregator did 2 substitutions.
Reduced MIP has 20889 rows, 1746 columns, and 843226 nonzeros.
Reduced MIP has 1738 binaries, 0 generals, 0 SOSs, and 0 indicators.
Presolve time = 0.35 sec. (807.95 ticks)
Found incumbent of value 77.831309 after 0.66 sec. (1409.30 ticks)
Probing fixed 192 vars, tightened 0 bounds.
Probing changed sense of 64 constraints.
Probing time = 0.18 sec. (326.48 ticks)
Tried aggregator 1 time.
MIP Presolve eliminated 88 rows and 256 columns.
MIP Presolve modified 72 coefficients.
Reduced MIP has 20801 rows, 1490 columns, and 841965 nonzeros.
Reduced MIP has 1482 binaries, 0 generals, 0 SOSs, and 0 indicators.
Presolve time = 0.24 sec. (569.46 ticks)
Probing time = 0.02 sec. (31.79 ticks)
Tried aggregator 1 time.
Detecting symmetries...
Reduced MIP has 20801 rows, 1490 columns, and 841965 nonzeros.
Reduced MIP has 1482 binaries, 0 generals, 0 SOSs, and 0 indicators.
Presolve time = 0.19 sec. (401.19 ticks)
Probing time = 0.02 sec. (31.47 ticks)
Clique table members: 411180.
MIP emphasis: optimality.
MIP search method: dynamic search.
Parallel mode: deterministic, using up to 20 threads.
Root relaxation solution time = 0.26 sec. (259.22 ticks)

        Nodes                                         Cuts/
   Node  Left     Objective  IInf  Best Integer    Best Bound    ItCnt     Gap

*     0+    0                           77.8313      -12.0000           115.42%
      0     0       39.8025    39       77.8313       39.8025      858   48.86%
*     0+    0                           43.6859       39.8025             8.89%
*     0+    0                           39.8025       39.8025             0.00%
      0     0        cutoff             39.8025       39.8025      858    0.00%
Elapsed time = 4.51 sec. (14997.60 ticks, tree = 0.01 MB, solutions = 3)

Root node processing (before b&c):
  Real time             =    4.51 sec. (15000.25 ticks)
Parallel b&c, 20 threads:
  Real time             =    0.00 sec. (0.00 ticks)
  Sync time (average)   =    0.00 sec.
  Wait time (average)   =    0.00 sec.
                          ------------
Total (root+branch&cut) =    4.51 sec. (15000.25 ticks)
Truck arcs:
0 8
1 13
2 1
4 7
5 11
6 4
7 12
8 10
9 5
10 6
11 2
12 9
customer 3 is served by drone
start of this sortie: 0
end of this sortie: 6

39.8025
In write mode
