Instance name: /home/cuong/CLionProjects/uMV-FSTSP/rand_generated_instances/v76
Write arg val: 1

drone speed: 1 miles/minute
uav non-eligible customer: 2 11 14 
Printing tau:
0 11.4582 6.76996 9.63675 10.5754 15.9286 4.39892 10.2561 5.23492 5.88016 5.33307 3.83189 9.38393 0 
11.4582 0 5.48209 5.26598 6.98283 12.1372 14.497 10.9629 6.22329 16.8499 16.7913 8.19282 11.1322 11.4582 
6.76996 5.48209 0 10.0584 10.9971 16.3503 9.80878 10.6778 3.04634 12.1616 12.103 2.93807 9.80563 6.76996 
9.63675 5.26598 10.0584 0 1.71685 6.87121 9.23105 5.69694 7.0121 11.5839 11.5253 12.7692 5.86621 9.63675 
10.5754 6.98283 10.9971 1.71685 0 5.35321 7.51421 3.9801 7.95071 9.86707 11.0055 13.7078 4.14937 10.5754 
15.9286 12.1372 16.3503 6.87121 5.35321 0 11.5297 5.67249 13.3039 10.0484 16.3587 19.061 6.54464 15.9286 
4.39892 14.497 9.80878 9.23105 7.51421 11.5297 0 5.85716 8.27375 2.35286 4.82904 7.53134 4.98501 4.39892 
10.2561 10.9629 10.6778 5.69694 3.9801 5.67249 5.85716 0 7.63143 5.88697 10.6862 13.3885 0.872148 10.2561 
5.23492 6.22329 3.04634 7.0121 7.95071 13.3039 8.27375 7.63143 0 10.6266 10.568 5.75707 6.75928 5.23492 
5.88016 16.8499 12.1616 11.5839 9.86707 10.0484 2.35286 5.88697 10.6266 0 6.31028 9.22357 5.7177 5.88016 
5.33307 16.7913 12.103 11.5253 11.0055 16.3587 4.82904 10.6862 10.568 6.31028 0 9.16496 9.81405 5.33307 
3.83189 8.19282 2.93807 12.7692 13.7078 19.061 7.53134 13.3885 5.75707 9.22357 9.16496 0 12.5164 3.83189 
9.38393 11.1322 9.80563 5.86621 4.14937 6.54464 4.98501 0.872148 6.75928 5.7177 9.81405 12.5164 0 9.38393 
0 0 0 0 0 0 0 0 0 0 0 0 0 0 
Printing tau_prime:
0 5.90476 3.19757 5.39981 5.4133 7.51562 2.52036 4.8404 2.76056 3.76081 2.5222 2.33312 4.4263 0 
5.90476 0 3.40042 3.28882 4.19457 7.68011 6.84108 5.71899 3.15038 7.95251 8.3279 5.27643 5.62966 5.90476 
3.19757 3.40042 0 4.74941 5.29571 8.46979 5.15214 5.83831 1.60807 6.45702 5.70543 1.88446 5.53122 3.19757 
5.39981 3.28882 4.74941 0 0.922383 4.39193 5.00327 2.70139 3.3362 5.74067 7.21379 6.12142 2.76793 5.39981 
5.4133 4.19457 5.29571 0.922383 0 3.50315 4.58528 1.88226 3.76506 5.15114 6.94944 6.46903 2.03507 5.4133 
7.51562 7.68011 8.46979 4.39193 3.50315 0 5.54781 2.73073 6.86325 5.23196 8.01759 9.23363 3.12134 7.51562 
2.52036 6.84108 5.15214 5.00327 4.58528 5.54781 0 3.22478 3.98895 1.31064 2.52028 4.80573 2.83519 2.52036 
4.8404 5.71899 5.83831 2.70139 1.88226 2.73073 3.22478 0 4.23485 3.45784 5.73807 6.50444 0.418807 4.8404 
2.76056 3.15038 1.60807 3.3362 3.76506 6.86325 3.98895 4.23485 0 5.23923 5.18575 2.79334 3.938 2.76056 
3.76081 7.95251 6.45702 5.74067 5.15114 5.23196 1.31064 3.45784 5.23923 0 2.97483 6.07913 3.16117 3.76081 
2.5222 8.3279 5.70543 7.21379 6.94944 8.01759 2.52028 5.73807 5.18575 2.97483 0 4.50429 5.34043 2.5222 
2.33312 5.27643 1.88446 6.12142 6.46903 9.23363 4.80573 6.50444 2.79334 6.07913 4.50429 0 6.12736 2.33312 
4.4263 5.62966 5.53122 2.76793 2.03507 3.12134 2.83519 0.418807 3.938 3.16117 5.34043 6.12736 0 4.4263 
0 0 0 0 0 0 0 0 0 0 0 0 0 0 
Printing number of nodes: 13

Version identifier: 22.1.1.0 | 2022-11-28 | 9160aff4d
CPXPARAM_ClockType                               0
CPXPARAM_Emphasis_MIP                            2
CPXPARAM_MIP_Tolerances_Integrality              0
Tried aggregator 2 times.
MIP Presolve eliminated 1872 rows and 632 columns.
MIP Presolve modified 3381 coefficients.
Aggregator did 2 substitutions.
Reduced MIP has 24310 rows, 2095 columns, and 1017944 nonzeros.
Reduced MIP has 2085 binaries, 0 generals, 0 SOSs, and 0 indicators.
Presolve time = 0.39 sec. (928.24 ticks)
Found incumbent of value 118.918610 after 0.75 sec. (1639.68 ticks)
Probing fixed 229 vars, tightened 0 bounds.
Probing changed sense of 40 constraints.
Probing time = 0.27 sec. (453.70 ticks)
Tried aggregator 1 time.
MIP Presolve eliminated 58 rows and 269 columns.
MIP Presolve modified 61 coefficients.
Reduced MIP has 24252 rows, 1826 columns, and 1016618 nonzeros.
Reduced MIP has 1816 binaries, 0 generals, 0 SOSs, and 0 indicators.
Presolve time = 0.40 sec. (957.63 ticks)
Probing time = 0.03 sec. (36.58 ticks)
Tried aggregator 1 time.
Detecting symmetries...
Reduced MIP has 24252 rows, 1826 columns, and 1016618 nonzeros.
Reduced MIP has 1816 binaries, 0 generals, 0 SOSs, and 0 indicators.
Presolve time = 0.22 sec. (488.82 ticks)
Probing time = 0.03 sec. (33.38 ticks)
Clique table members: 503026.
MIP emphasis: optimality.
MIP search method: dynamic search.
Parallel mode: deterministic, using up to 20 threads.
Root relaxation solution time = 1.96 sec. (863.35 ticks)

        Nodes                                         Cuts/
   Node  Left     Objective  IInf  Best Integer    Best Bound    ItCnt     Gap

*     0+    0                          118.9186      -12.0000           110.09%
*     0+    0                           92.7056      -12.0000           112.94%
      0     0       37.5304   167       92.7056       37.5304     1666   59.52%
*     0+    0                           44.0767       37.5304            14.85%
      0     0       38.3042   180       44.0767      Cuts: 85     3359   13.10%
      0     0       38.5095   180       44.0767      Cuts: 28     4348   12.63%
      0     0       38.5201   181       44.0767      Cuts: 13     4414   12.61%
*     0+    0                           42.1091       38.5201             8.52%
      0     0  -1.00000e+75     0       42.1091       38.5201     4414    8.52%
      0     0       38.5245   186       42.1091      Cuts: 11     4475    8.51%
      0     0       38.5311   183       42.1091      Cuts: 16     4554    8.50%
Detecting symmetries...
      0     0       38.5352   184       42.1091      Cuts: 12     4609    8.49%
      0     0       38.5356   188       42.1091       Cuts: 7     4638    8.49%
      0     0       38.5414   192       42.1091      Cuts: 14     4732    8.47%
*     0+    0                           41.5105       38.5414             7.15%
      0     0  -1.00000e+75     0       41.5105       38.5414     4732    7.15%
Detecting symmetries...

Repeating presolve.
Tried aggregator 1 time.
MIP Presolve eliminated 1095 rows and 552 columns.
MIP Presolve modified 12522 coefficients.
Reduced MIP has 23147 rows, 1274 columns, and 643030 nonzeros.
Reduced MIP has 1264 binaries, 0 generals, 0 SOSs, and 0 indicators.
Presolve time = 0.54 sec. (2643.97 ticks)
Probing time = 0.03 sec. (27.51 ticks)
Tried aggregator 1 time.
Detecting symmetries...
MIP Presolve eliminated 45 rows and 0 columns.
MIP Presolve modified 147 coefficients.
Reduced MIP has 23097 rows, 1274 columns, and 642782 nonzeros.
Reduced MIP has 1264 binaries, 0 generals, 0 SOSs, and 0 indicators.
Presolve time = 0.20 sec. (603.21 ticks)
Represolve time = 0.85 sec. (3386.49 ticks)
Probing time = 0.02 sec. (27.56 ticks)
Clique table members: 230357.
MIP emphasis: optimality.
MIP search method: dynamic search.
Parallel mode: deterministic, using up to 20 threads.
Root relaxation solution time = 2.15 sec. (735.51 ticks)

        Nodes                                         Cuts/
   Node  Left     Objective  IInf  Best Integer    Best Bound    ItCnt     Gap

*     0+    0                           41.5105       38.5414             7.15%
      0     0       38.5414   192       41.5105       38.5414     4755    7.15%
*     0+    0                           40.4540       38.5414             4.73%
      0     0       38.5535   218       40.4540       Cuts: 9     4916    4.62%
      0     0       38.5579   210       40.4540  ZeroHalf: 11     4963    4.62%
      0     0       38.5608   216       40.4540      Cuts: 10     5023    4.62%
      0     0       38.5644   231       40.4540       Cuts: 7     5081    4.04%
      0     0       38.5656   232       40.4540       Cuts: 3     5103    4.04%
Detecting symmetries...
      0     2       38.5656   231       40.4540       39.2755     5103    2.91%
Elapsed time = 22.18 sec. (39030.14 ticks, tree = 0.02 MB, solutions = 6)
      3     4       39.2428   305       40.4540       39.2755     5637    2.91%
      7     5       39.7814    56       40.4540       39.2755     6259    2.91%
*    44+    9                           40.4250       39.3085             2.76%
     75    23        cutoff             40.4250       39.7814    10726    1.59%
    132    18    infeasible             40.4250       39.7814    14790    1.59%
    162     9        cutoff             40.4250       39.7814    17249    1.59%
    163    12       39.8771    69       40.4250       39.7814    17621    1.59%
    176     8       39.7814   193       40.4250       39.7814    18825    1.59%
    199    16        cutoff             40.4250       39.7814    20006    1.59%
    228    11       40.3257    42       40.4250       39.7814    23197    1.59%
    299     9       39.8353    39       40.4250       39.7814    31494    1.59%
Elapsed time = 26.88 sec. (42393.23 ticks, tree = 0.03 MB, solutions = 7)
    342     4       40.1963    63       40.4250       39.7814    39150    1.59%

Clique cuts applied:  19
Cover cuts applied:  16
Mixed integer rounding cuts applied:  6
Zero-half cuts applied:  27
Lift and project cuts applied:  3
Gomory fractional cuts applied:  4

Root node processing (before b&c):
  Real time             =   22.11 sec. (38931.81 ticks)
Parallel b&c, 20 threads:
  Real time             =    5.93 sec. (5095.41 ticks)
  Sync time (average)   =    4.06 sec.
  Wait time (average)   =    0.00 sec.
                          ------------
Total (root+branch&cut) =   28.04 sec. (44027.21 ticks)
Truck arcs:
0 11
2 8
3 4
4 7
6 13
7 12
8 3
11 2
12 6
customer 1 is served by drone
start of this sortie: 0
end of this sortie: 8

customer 5 is served by drone
start of this sortie: 8
end of this sortie: 12

customer 9 is served by drone
start of this sortie: 12
end of this sortie: 6

customer 10 is served by drone
start of this sortie: 6
end of this sortie: 13

40.425
In write mode
