Instance name: /home/cuong/CLionProjects/uMV-FSTSP/rand_generated_instances/v78
Write arg val: 1

drone speed: 1 miles/minute
uav non-eligible customer: 6 7 14 
Printing tau:
0 9.04489 10.8652 0.921824 11.7731 6.38057 13.73 6.45941 4.35579 7.96953 2.96121 12.0659 10.5801 0 
9.04489 0 1.82034 9.96671 7.89483 14.3315 5.26703 15.5043 8.54741 13.0354 8.4547 3.02098 6.06396 9.04489 
10.8652 1.82034 0 11.787 7.64578 16.1519 6.24916 17.3246 8.29837 14.8557 10.275 1.9435 7.8843 10.8652 
0.921824 9.96671 11.787 0 12.695 6.06918 13.4187 5.53758 5.27761 7.65814 2.64982 12.9877 10.2687 0.921824 
11.7731 7.89483 7.64578 12.695 0 17.0598 13.1619 18.2325 7.41734 15.7637 11.1829 9.58929 10.0119 11.7731 
6.38057 14.3315 16.1519 6.06918 17.0598 0 9.90272 1.7449 9.64245 1.58896 5.87684 17.3525 8.26759 6.38057 
13.73 5.26703 6.24916 13.4187 13.1619 9.90272 0 11.0755 13.8144 8.60659 10.7688 7.44981 3.14998 13.73 
6.45941 15.5043 17.3246 5.53758 18.2325 1.7449 11.0755 0 10.8152 3.33386 7.04959 18.5253 9.44034 6.45941 
4.35579 8.54741 8.29837 5.27761 7.41734 9.64245 13.8144 10.8152 0 8.34631 3.76561 10.2419 10.6645 4.35579 
7.96953 13.0354 14.8557 7.65814 15.7637 1.58896 8.60659 3.33386 8.34631 0 5.00832 16.0564 6.97145 7.96953 
2.96121 8.4547 10.275 2.64982 11.1829 5.87684 10.7688 7.04959 3.76561 5.00832 0 11.4757 7.61886 2.96121 
12.0659 3.02098 1.9435 12.9877 9.58929 17.3525 7.44981 18.5253 10.2419 16.0564 11.4757 0 9.08494 12.0659 
10.5801 6.06396 7.8843 10.2687 10.0119 8.26759 3.14998 9.44034 10.6645 6.97145 7.61886 9.08494 0 10.5801 
0 0 0 0 0 0 0 0 0 0 0 0 0 0 
Printing tau_prime:
0 5.83919 6.42084 0.458675 5.55636 3.90613 6.82841 3.74799 2.05372 4.20153 1.42338 7.43505 5.18167 0 
5.83919 0 0.86611 6.06968 3.93761 6.82691 3.24401 7.5282 4.59579 6.14935 4.75516 1.63282 3.02778 5.83919 
6.42084 0.86611 0 6.68972 3.62958 7.66297 3.92935 8.33929 4.97182 7.00402 5.43994 1.0769 3.88045 6.42084 
0.458675 6.06968 6.68972 0 5.98568 3.5241 6.84314 3.31207 2.49488 3.88913 1.43819 7.68296 5.17853 0.458675 
5.55636 3.93761 3.62958 5.98568 0 8.49601 7.06255 8.80618 3.51007 8.20938 5.39104 4.52254 6.2812 5.55636 
3.90613 6.82691 7.66297 3.5241 8.49601 0 5.81337 0.991074 5.47261 0.96664 3.20518 8.37158 4.37134 3.90613 
6.82841 3.24401 3.92935 6.84314 7.06255 5.81337 0 6.75564 6.51334 4.8821 5.41963 3.89481 1.67306 6.82841 
3.74799 7.5282 8.33929 3.31207 8.80618 0.991074 6.75564 0 5.56272 1.95562 3.41567 9.11258 5.25898 3.74799 
2.05372 4.59579 4.97182 2.49488 3.51007 5.47261 6.51334 5.56272 0 5.46761 2.28305 6.0432 5.06888 2.05372 
4.20153 6.14935 7.00402 3.88913 8.20938 0.96664 4.8821 1.95562 5.46761 0 3.19952 7.63901 3.50923 4.20153 
1.42338 4.75516 5.43994 1.43819 5.39104 3.20518 5.41963 3.41567 2.28305 3.19952 0 6.38536 3.76424 1.42338 
7.43505 1.63282 1.0769 7.68296 4.52254 8.37158 3.89481 9.11258 6.0432 7.63901 6.38536 0 4.28731 7.43505 
5.18167 3.02778 3.88045 5.17853 6.2812 4.37134 1.67306 5.25898 5.06888 3.50923 3.76424 4.28731 0 5.18167 
0 0 0 0 0 0 0 0 0 0 0 0 0 0 
Printing number of nodes: 13

Version identifier: 22.1.1.0 | 2022-11-28 | 9160aff4d
CPXPARAM_ClockType                               0
CPXPARAM_Emphasis_MIP                            2
CPXPARAM_MIP_Tolerances_Integrality              0
Tried aggregator 2 times.
MIP Presolve eliminated 1871 rows and 612 columns.
MIP Presolve modified 3161 coefficients.
Aggregator did 2 substitutions.
Reduced MIP has 24311 rows, 2115 columns, and 1018045 nonzeros.
Reduced MIP has 2105 binaries, 0 generals, 0 SOSs, and 0 indicators.
Presolve time = 0.48 sec. (1407.27 ticks)
Found incumbent of value 111.172404 after 0.85 sec. (2113.14 ticks)
Probing fixed 231 vars, tightened 0 bounds.
Probing changed sense of 40 constraints.
Probing time = 0.27 sec. (460.08 ticks)
Tried aggregator 1 time.
MIP Presolve eliminated 58 rows and 271 columns.
MIP Presolve modified 110 coefficients.
Reduced MIP has 24253 rows, 1844 columns, and 1016714 nonzeros.
Reduced MIP has 1834 binaries, 0 generals, 0 SOSs, and 0 indicators.
Presolve time = 0.40 sec. (955.78 ticks)
Probing time = 0.03 sec. (35.49 ticks)
Tried aggregator 1 time.
Detecting symmetries...
Reduced MIP has 24253 rows, 1844 columns, and 1016714 nonzeros.
Reduced MIP has 1834 binaries, 0 generals, 0 SOSs, and 0 indicators.
Presolve time = 0.22 sec. (489.74 ticks)
Probing time = 0.02 sec. (33.41 ticks)
Clique table members: 499699.
MIP emphasis: optimality.
MIP search method: dynamic search.
Parallel mode: deterministic, using up to 20 threads.
Root relaxation solution time = 1.74 sec. (772.44 ticks)

        Nodes                                         Cuts/
   Node  Left     Objective  IInf  Best Integer    Best Bound    ItCnt     Gap

*     0+    0                          111.1724      -12.0000           110.79%
      0     0       41.6569   128      111.1724       41.6569     2749   62.53%
*     0+    0                           45.1732       41.6569             7.78%
      0     0       42.6389   118       45.1732      Cuts: 76     4476    5.61%
      0     0       42.6389   116       45.1732      Cuts: 21     4676    5.61%
      0     0       42.6389   115       45.1732      Cuts: 12     4908    5.61%
      0     0       42.6389   118       45.1732       Cuts: 4     5191    5.61%
*     0+    0                           44.4001       42.6389             3.97%
      0     0  -1.00000e+75     0       44.4001       42.6389     5191    3.97%
Detecting symmetries...

Repeating presolve.
Tried aggregator 1 time.
MIP Presolve eliminated 1880 rows and 722 columns.
MIP Presolve modified 15098 coefficients.
Reduced MIP has 22372 rows, 1122 columns, and 564248 nonzeros.
Reduced MIP has 1112 binaries, 0 generals, 0 SOSs, and 0 indicators.
Presolve time = 1.09 sec. (6029.12 ticks)
Probing fixed 1 vars, tightened 0 bounds.
Probing time = 0.05 sec. (29.69 ticks)
Tried aggregator 1 time.
Detecting symmetries...
MIP Presolve eliminated 44 rows and 1 columns.
MIP Presolve modified 68 coefficients.
Reduced MIP has 22328 rows, 1121 columns, and 563849 nonzeros.
Reduced MIP has 1111 binaries, 0 generals, 0 SOSs, and 0 indicators.
Presolve time = 0.26 sec. (946.26 ticks)
Represolve time = 1.46 sec. (7092.49 ticks)
Probing time = 0.02 sec. (25.13 ticks)
Clique table members: 164617.
MIP emphasis: optimality.
MIP search method: dynamic search.
Parallel mode: deterministic, using up to 20 threads.
Root relaxation solution time = 1.55 sec. (454.29 ticks)

        Nodes                                         Cuts/
   Node  Left     Objective  IInf  Best Integer    Best Bound    ItCnt     Gap

*     0+    0                           44.4001       42.6389             3.97%
      0     0       42.6389   105       44.4001       42.6389     7193    3.97%
*     0+    0                           44.0291       42.6389             3.16%
Detecting symmetries...
      0     2       42.6389    91       44.0291       42.6389     7193    3.16%
Elapsed time = 20.52 sec. (39486.92 ticks, tree = 0.02 MB, solutions = 4)
      1     3       42.6389    90       44.0291       42.6389     7639    3.16%
      3     5       43.1843    77       44.0291       42.6389     8516    3.16%
     12    11       43.5976    42       44.0291       42.6389     9224    3.16%
     20    12       43.5976    42       44.0291       42.6389    10340    3.16%
*    50    13      integral     0       43.8582       42.6389    13117    2.78%
     50    15       43.5976    24       43.8582       42.6389    12337    2.78%
     75    16       43.5976    44       43.8582       42.8506    13206    2.30%
     80    10       43.2587   121       43.8582       42.8506     9950    2.30%
     99    11       43.5976    24       43.8582       42.8506    19560    2.30%
    158    14        cutoff             43.8582       42.8506    23670    2.30%
    244     9       43.0807   145       43.8582       42.9369    30309    2.10%
Elapsed time = 25.12 sec. (43257.69 ticks, tree = 0.02 MB, solutions = 5)
    255     2        cutoff             43.8582       43.2361    39052    1.42%

GUB cover cuts applied:  1
Clique cuts applied:  16
Cover cuts applied:  27
Mixed integer rounding cuts applied:  2
Zero-half cuts applied:  16
Gomory fractional cuts applied:  3

Root node processing (before b&c):
  Real time             =   20.47 sec. (39445.76 ticks)
Parallel b&c, 20 threads:
  Real time             =    5.36 sec. (4873.13 ticks)
  Sync time (average)   =    3.79 sec.
  Wait time (average)   =    0.00 sec.
                          ------------
Total (root+branch&cut) =   25.83 sec. (44318.89 ticks)
Truck arcs:
0 3
1 10
3 7
5 9
6 1
7 5
9 12
10 13
12 6
customer 2 is served by drone
start of this sortie: 5
end of this sortie: 6

customer 4 is served by drone
start of this sortie: 1
end of this sortie: 13

customer 8 is served by drone
start of this sortie: 0
end of this sortie: 5

customer 11 is served by drone
start of this sortie: 6
end of this sortie: 1

43.8582
In write mode
