Instance name: /home/cuong/CLionProjects/uMV-FSTSP/rand_generated_instances/v82
Write arg val: 1

drone speed: 1 miles/minute
uav non-eligible customer: 1 4 5 10 11 14 
Printing tau:
0 4.39285 18.3751 7.62271 7.80263 11.3064 10.7797 7.88332 11.211 4.93881 7.3889 15.63 11.614 0 
4.39285 0 22.768 9.28789 11.1334 8.3214 15.1726 8.95126 15.6039 3.99271 11.7817 20.0228 9.1443 4.39285 
18.3751 22.768 0 13.4801 11.6346 15.1394 7.59541 13.8167 8.28931 18.7753 10.9862 2.74519 13.6237 18.3751 
7.62271 9.28789 13.4801 0 1.84554 3.68372 5.88469 0.336628 6.31599 5.29518 4.38806 10.7349 3.99132 7.62271 
7.80263 11.1334 11.6346 1.84554 0 3.50479 4.03915 2.18217 4.47045 7.14072 4.56797 8.88938 3.8114 7.80263 
11.3064 8.3214 15.1394 3.68372 3.50479 0 7.54394 3.42311 7.97524 6.36763 8.07178 12.3942 1.51566 11.3064 
10.7797 15.1726 7.59541 5.88469 4.03915 7.54394 0 6.22132 3.48649 11.1799 3.95433 4.85023 6.02828 10.7797 
7.88332 8.95126 13.8167 0.336628 2.18217 3.42311 6.22132 0 6.65262 4.95855 4.64867 11.0715 3.73071 7.88332 
11.211 15.6039 8.28931 6.31599 4.47045 7.97524 3.48649 6.65262 0 11.6112 7.44082 6.06171 6.45958 11.211 
4.93881 3.99271 18.7753 5.29518 7.14072 6.36763 11.1799 4.95855 11.6112 0 7.78904 16.0301 6.67522 4.93881 
7.3889 11.7817 10.9862 4.38806 4.56797 8.07178 3.95433 4.64867 7.44082 7.78904 0 8.24106 8.37937 7.3889 
15.63 20.0228 2.74519 10.7349 8.88938 12.3942 4.85023 11.0715 6.06171 16.0301 8.24106 0 10.8785 15.63 
11.614 9.1443 13.6237 3.99132 3.8114 1.51566 6.02828 3.73071 6.45958 6.67522 8.37937 10.8785 0 11.614 
0 0 0 0 0 0 0 0 0 0 0 0 0 0 
Printing tau_prime:
0 2.50367 8.73486 4.2705 4.86065 5.54388 6.10799 4.29278 7.29769 2.3358 3.8023 7.68234 5.91537 0 
2.50367 0 10.7366 4.89383 5.71863 5.32169 7.4219 4.81013 8.20059 2.09544 5.55522 9.47002 5.92692 2.50367 
8.73486 10.7366 0 6.81721 6.04981 8.28347 4.23628 7.00985 5.16478 8.93218 5.19439 1.66655 7.75684 8.73486 
4.2705 4.89383 6.81721 0 0.874122 1.90455 2.7816 0.200686 3.30693 2.7985 2.37928 5.25552 1.88274 4.2705 
4.86065 5.71863 6.04981 0.874122 0 2.3362 1.92592 1.02939 2.50502 3.62679 2.17494 4.45196 2.02668 4.86065 
5.54388 5.32169 8.28347 1.90455 2.3362 0 4.05146 1.72993 3.77131 3.45661 4.2792 6.64007 0.729053 5.54388 
6.10799 7.4219 4.23628 2.7816 1.92592 4.05146 0 2.95097 1.65608 5.37593 2.45558 2.58871 3.52519 6.10799 
4.29278 4.81013 7.00985 0.200686 1.02939 1.72993 2.95097 0 3.40109 2.71855 2.56566 5.442 1.76102 4.29278 
7.29769 8.20059 5.16478 3.30693 2.50502 3.77131 1.65608 3.40109 0 6.10516 3.94333 3.5362 3.07705 7.29769 
2.3358 2.09544 8.93218 2.7985 3.62679 3.45661 5.37593 2.71855 6.10516 0 3.75864 7.55821 3.97485 2.3358 
3.8023 5.55522 5.19439 2.37928 2.17494 4.2792 2.45558 2.56566 3.94333 3.75864 0 3.9389 4.14112 3.8023 
7.68234 9.47002 1.66655 5.25552 4.45196 6.64007 2.58871 5.442 3.5362 7.55821 3.9389 0 6.09819 7.68234 
5.91537 5.92692 7.75684 1.88274 2.02668 0.729053 3.52519 1.76102 3.07705 3.97485 4.14112 6.09819 0 5.91537 
0 0 0 0 0 0 0 0 0 0 0 0 0 0 
Printing number of nodes: 13

Version identifier: 22.1.1.0 | 2022-11-28 | 9160aff4d
CPXPARAM_ClockType                               0
CPXPARAM_Emphasis_MIP                            2
CPXPARAM_MIP_Tolerances_Integrality              0
Tried aggregator 2 times.
MIP Presolve eliminated 7856 rows and 1206 columns.
MIP Presolve modified 2319 coefficients.
Aggregator did 2 substitutions.
Reduced MIP has 18914 rows, 1521 columns, and 749689 nonzeros.
Reduced MIP has 1514 binaries, 0 generals, 0 SOSs, and 0 indicators.
Presolve time = 0.43 sec. (1178.75 ticks)
Found incumbent of value 103.067980 after 0.68 sec. (1684.24 ticks)
Probing fixed 161 vars, tightened 0 bounds.
Probing changed sense of 70 constraints.
Probing time = 0.15 sec. (267.13 ticks)
Tried aggregator 1 time.
MIP Presolve eliminated 97 rows and 231 columns.
MIP Presolve modified 74 coefficients.
Reduced MIP has 18817 rows, 1290 columns, and 748547 nonzeros.
Reduced MIP has 1283 binaries, 0 generals, 0 SOSs, and 0 indicators.
Presolve time = 0.30 sec. (703.13 ticks)
Probing time = 0.02 sec. (29.60 ticks)
Tried aggregator 1 time.
Detecting symmetries...
Reduced MIP has 18817 rows, 1290 columns, and 748547 nonzeros.
Reduced MIP has 1283 binaries, 0 generals, 0 SOSs, and 0 indicators.
Presolve time = 0.16 sec. (356.55 ticks)
Probing time = 0.02 sec. (28.72 ticks)
Clique table members: 351413.
MIP emphasis: optimality.
MIP search method: dynamic search.
Parallel mode: deterministic, using up to 20 threads.
Root relaxation solution time = 0.23 sec. (223.12 ticks)

        Nodes                                         Cuts/
   Node  Left     Objective  IInf  Best Integer    Best Bound    ItCnt     Gap

*     0+    0                          103.0680        1.7857            98.27%
      0     0       49.6621    54      103.0680       49.6621      721   51.82%
*     0+    0                           69.2208       49.6621            28.26%
*     0+    0                           49.6621       49.6621             0.00%
      0     0        cutoff             49.6621       49.6621      891    0.00%
Elapsed time = 3.46 sec. (10114.07 ticks, tree = 0.01 MB, solutions = 3)

Mixed integer rounding cuts applied:  1

Root node processing (before b&c):
  Real time             =    3.46 sec. (10116.35 ticks)
Parallel b&c, 20 threads:
  Real time             =    0.00 sec. (0.00 ticks)
  Sync time (average)   =    0.00 sec.
  Wait time (average)   =    0.00 sec.
                          ------------
Total (root+branch&cut) =    3.46 sec. (10116.35 ticks)
Truck arcs:
0 1
1 5
3 4
4 6
5 12
6 11
7 3
10 13
11 10
12 7
customer 2 is served by drone
start of this sortie: 11
end of this sortie: 13

customer 8 is served by drone
start of this sortie: 4
end of this sortie: 11

customer 9 is served by drone
start of this sortie: 0
end of this sortie: 5

49.6621
In write mode
