Instance name: /home/cuong/CLionProjects/uMV-FSTSP/rand_generated_instances/v85
Write arg val: 1

drone speed: 1 miles/minute
uav non-eligible customer: 8 14 
Printing tau:
0 8.73217 14.043 6.47461 9.66956 1.35647 6.19501 5.40006 5.90219 11.2326 9.97071 10.2141 2.87477 0 
8.73217 0 5.31078 8.4344 3.87751 8.08927 14.9272 3.33212 2.82999 2.50042 9.22675 8.25435 7.26311 8.73217 
14.043 5.31078 0 12.1988 4.3734 13.4001 20.238 8.6429 8.14077 2.81036 14.5375 8.95841 12.5739 14.043 
6.47461 8.4344 12.1988 0 12.3119 5.11814 8.03916 6.95344 10.8017 10.2796 16.4453 16.6888 9.34938 6.47461 
9.66956 3.87751 4.3734 12.3119 0 9.02665 15.8646 5.35848 3.76737 2.0323 10.1641 4.58501 8.20049 9.66956 
1.35647 8.08927 13.4001 5.11814 9.02665 0 6.83792 4.75715 5.68357 10.5897 11.3272 11.5706 4.23124 1.35647 
6.19501 14.9272 20.238 8.03916 15.8646 6.83792 0 11.5951 12.0972 17.4276 9.30718 11.2796 7.66408 6.19501 
5.40006 3.33212 8.6429 6.95344 5.35848 4.75715 11.5951 0 3.84827 5.83254 9.49189 9.73532 3.931 5.40006 
5.90219 2.82999 8.14077 10.8017 3.76737 5.68357 12.0972 3.84827 0 5.33041 6.39677 5.88705 4.43312 5.90219 
11.2326 2.50042 2.81036 10.2796 2.0323 10.5897 17.4276 5.83254 5.33041 0 11.7272 6.40914 9.76353 11.2326 
9.97071 9.22675 14.5375 16.4453 10.1641 11.3272 9.30718 9.49189 6.39677 11.7272 0 5.57913 7.09594 9.97071 
10.2141 8.25435 8.95841 16.6888 4.58501 11.5706 11.2796 9.73532 5.88705 6.40914 5.57913 0 7.33938 10.2141 
2.87477 7.26311 12.5739 9.34938 8.20049 4.23124 7.66408 3.931 4.43312 9.76353 7.09594 7.33938 0 2.87477 
0 0 0 0 0 0 0 0 0 0 0 0 0 0 
Printing tau_prime:
0 4.21878 6.79973 3.17355 5.32446 0.707633 2.93706 2.5556 3.44995 5.59065 4.70602 5.37859 1.52187 0 
4.21878 0 2.58147 5.13342 1.88053 4.12132 7.06323 1.71893 1.73928 1.46492 5.76017 4.25414 3.45092 4.21878 
6.79973 2.58147 0 7.36752 2.3846 6.68664 9.6206 4.28517 3.8683 1.34643 7.54102 5.33591 5.9307 6.79973 
3.17355 5.13342 7.36752 0 6.87702 2.47828 5.06801 3.68163 5.43946 6.56275 7.8304 8.01408 4.41089 3.17355 
5.32446 1.88053 2.3846 6.87702 0 5.44122 7.86628 3.22979 1.91333 1.20861 5.17246 2.98809 4.11028 5.32446 
0.707633 4.12132 6.68664 2.47828 5.44122 0 3.36114 2.40365 3.65036 5.55343 5.36654 5.84252 2.03229 0.707633 
2.93706 7.06323 9.6206 5.06801 7.86628 3.36114 0 5.46666 5.95845 8.34786 5.14498 6.96727 3.76025 2.93706 
2.5556 1.71893 4.28517 3.68163 3.22979 2.40365 5.46666 0 1.82947 3.16516 5.26715 4.59168 2.17016 2.5556 
3.44995 1.73928 3.8683 5.43946 1.91333 3.65036 5.95845 1.82947 0 2.5248 4.0213 2.80182 2.19908 3.44995 
5.59065 1.46492 1.34643 6.56275 1.20861 5.55343 8.34786 3.16516 2.5248 0 6.24576 4.18663 4.62342 5.59065 
4.70602 5.76017 7.54102 7.8304 5.17246 5.36654 5.14498 5.26715 4.0213 6.24576 0 2.63253 3.47078 4.70602 
5.37859 4.25414 5.33591 8.01408 2.98809 5.84252 6.96727 4.59168 2.80182 4.18663 2.63253 0 3.85683 5.37859 
1.52187 3.45092 5.9307 4.41089 4.11028 2.03229 3.76025 2.17016 2.19908 4.62342 3.47078 3.85683 0 1.52187 
0 0 0 0 0 0 0 0 0 0 0 0 0 0 
Printing number of nodes: 13

Version identifier: 22.1.1.0 | 2022-11-28 | 9160aff4d
CPXPARAM_ClockType                               0
CPXPARAM_Emphasis_MIP                            2
CPXPARAM_MIP_Tolerances_Integrality              0
Tried aggregator 2 times.
MIP Presolve eliminated 606 rows and 448 columns.
MIP Presolve modified 3829 coefficients.
Aggregator did 2 substitutions.
Reduced MIP has 25380 rows, 2279 columns, and 1080694 nonzeros.
Reduced MIP has 2268 binaries, 0 generals, 0 SOSs, and 0 indicators.
Presolve time = 0.43 sec. (1092.35 ticks)
Found incumbent of value 118.490080 after 0.81 sec. (1860.91 ticks)
Probing fixed 251 vars, tightened 0 bounds.
Probing changed sense of 22 constraints.
Probing time = 0.30 sec. (505.93 ticks)
Tried aggregator 1 time.
MIP Presolve eliminated 37 rows and 273 columns.
MIP Presolve modified 54 coefficients.
Reduced MIP has 25343 rows, 2006 columns, and 1079363 nonzeros.
Reduced MIP has 1995 binaries, 0 generals, 0 SOSs, and 0 indicators.
Presolve time = 0.44 sec. (1011.20 ticks)
Probing time = 0.03 sec. (37.57 ticks)
Tried aggregator 1 time.
Detecting symmetries...
Reduced MIP has 25343 rows, 2006 columns, and 1079363 nonzeros.
Reduced MIP has 1995 binaries, 0 generals, 0 SOSs, and 0 indicators.
Presolve time = 0.24 sec. (522.34 ticks)
Probing time = 0.02 sec. (35.21 ticks)
Clique table members: 533022.
MIP emphasis: optimality.
MIP search method: dynamic search.
Parallel mode: deterministic, using up to 20 threads.
Root relaxation solution time = 1.66 sec. (860.88 ticks)

        Nodes                                         Cuts/
   Node  Left     Objective  IInf  Best Integer    Best Bound    ItCnt     Gap

*     0+    0                          118.4901      -12.0000           110.13%
      0     0       35.1800   107      118.4901       35.1800       13   70.31%
*     0+    0                           44.6806       35.1800            21.26%
      0     0       35.7168   116       44.6806      Cuts: 52      703   20.06%
      0     0       35.7168   117       44.6806       Cuts: 9      922   20.06%
      0     0       35.7171   124       44.6806   ZeroHalf: 7     1139   20.06%
Detecting symmetries...
      0     2       35.7171   123       44.6806       35.7171     1139   20.06%
Elapsed time = 13.57 sec. (21522.00 ticks, tree = 0.02 MB, solutions = 2)
      1     3       35.7536   125       44.6806       35.7171     1552   20.06%
      2     3       35.7549   121       44.6806       35.7171     1679   20.06%
      4     5       35.9158   315       44.6806       35.7655     2306   19.95%
      7     9       36.0531   294       44.6806       35.7655     2916   19.95%
     10     4       41.5376    54       44.6806       35.7655     2393   19.95%
     18    12       37.6123   109       44.6806       35.7662     3633   19.95%
     27    28       37.3475   237       44.6806       35.7662     7498   19.95%
*    31+   12                           42.8708       35.7662            16.57%
     44    26       41.1996    74       42.8708       35.7662     7683   16.57%
     58    33       40.4571    60       42.8708       35.7662     9266   16.57%
    121    81       41.7371    70       42.8708       36.5019    27010   14.86%
Elapsed time = 26.00 sec. (25093.44 ticks, tree = 0.30 MB, solutions = 6)
    276   171       41.2625    86       42.8708       36.5019    64511   14.86%
    430   245       40.4571    43       42.8708       36.5019    87372   14.86%
*   553+  223                           42.2385       36.5019            13.58%
    601   298       37.2370    82       42.2385       36.5019   103731   13.58%
*   683   327      integral     0       41.9397       36.5019   113715   12.97%
*   713+  304                           41.4705       36.5019            11.98%
    760   362       37.7123    84       41.4705       37.2046   127251   10.29%
    876   430       37.6667   238       41.4705       37.2052   160608   10.29%
    954   463       39.5984    85       41.4705       37.2052   169812   10.29%
   1028   542       38.1184   295       41.4705       37.2052   192709   10.29%
   1109   610       38.5810   196       41.4705       37.2052   214990   10.29%
*  1137+  509                           41.4520       37.2052            10.25%
   1139   609       40.6146    43       41.4520       37.2052   213859   10.25%
*  1173   702      integral     0       40.7569       37.2052   242930    8.71%
   1206   704       37.6411    64       40.7569       37.2052   243548    8.71%
Elapsed time = 83.35 sec. (34732.78 ticks, tree = 1.54 MB, solutions = 11)
   1322   642       37.4847   252       40.7569       37.2796   249882    8.53%
   1437   726       37.9726   232       40.7569       37.3271   277183    8.42%
   1538   803       37.7056   265       40.7569       37.4872   310319    8.02%
   1646   872       39.6044   312       40.7569       37.5587   328320    7.85%
   1771   824       38.5381    75       40.7569       37.6295   315316    7.67%
   1906   953       37.8350   112       40.7569       37.6945   356583    7.51%
   2044   960       39.1611    75       40.7569       37.7553   360463    7.36%
   2200  1168       38.5690   193       40.7569       37.8399   415297    7.16%
   2358  1280       39.9883   148       40.7569       37.8676   445741    7.09%
   2529  1392       38.7786   217       40.7569       38.1572   471047    6.38%
Elapsed time = 151.01 sec. (44304.57 ticks, tree = 5.33 MB, solutions = 11)
   2666  1455        cutoff             40.7569       38.3095   492078    6.00%
   2844  1476       38.8969    72       40.7569       38.3957   499161    5.79%
   3040  1644        cutoff             40.7569       38.5319   546662    5.46%
   3235  1708       38.8748    98       40.7569       38.5943   565015    5.31%
   3394  1805       40.0782    68       40.7569       38.7430   585780    4.94%
   3609  1783       38.7783   199       40.7569       38.7584   581451    4.90%
   3827  1934       39.1252   204       40.7569       38.7584   626432    4.90%
   4041  2001    infeasible             40.7569       38.7700   647693    4.88%
   4258  2077       39.6486    57       40.7569       38.7733   670890    4.87%
   4467  2158       39.5991   121       40.7569       38.8448   703537    4.69%
Elapsed time = 215.18 sec. (53882.74 ticks, tree = 7.34 MB, solutions = 11)
   4633  2160       40.0988   198       40.7569       38.9142   702141    4.52%
   4726  2233       40.3745   200       40.7569       38.9881   727961    4.34%
   4793  2278       39.1594    78       40.7569       39.0762   748118    4.12%
   4847  2311       40.5896    76       40.7569       39.1238   760447    4.01%
   4901  2349       40.4817    73       40.7569       39.1238   782499    4.01%
   4999  2344       39.2052    92       40.7569       39.1238   778645    4.01%
   5182  2371       39.5560    75       40.7569       39.1238   789693    4.01%
   5442  2407        cutoff             40.7569       39.1877   813381    3.85%
   5712  2474        cutoff             40.7569       39.1964   831622    3.83%
   5979  2615       39.9930   145       40.7569       39.2384   869359    3.73%
Elapsed time = 257.56 sec. (63528.03 ticks, tree = 9.29 MB, solutions = 11)
   6244  2631        cutoff             40.7569       39.2784   872008    3.63%
   6520  2704       39.4086    91       40.7569       39.3681   899320    3.41%
   6822  2747        cutoff             40.7569       39.3681   921039    3.41%
   6966  2773       40.3914   162       40.7569       39.3681   929846    3.41%

Performing restart 1

Repeating presolve.
Presolve has eliminated 76 rows and 240 columns...
Presolve has eliminated 396 rows and 240 columns...
Tried aggregator 1 time.
MIP Presolve eliminated 419 rows and 240 columns.
MIP Presolve modified 194260 coefficients.
Reduced MIP has 24924 rows, 1766 columns, and 903766 nonzeros.
Reduced MIP has 1755 binaries, 0 generals, 0 SOSs, and 0 indicators.
Presolve time = 5.78 sec. (27386.71 ticks)
Presolve has eliminated 0 rows and 0 columns...
Presolve has eliminated 51 rows and 0 columns...
Tried aggregator 1 time.
MIP Presolve eliminated 62 rows and 0 columns.
MIP Presolve modified 109007 coefficients.
Reduced MIP has 24862 rows, 1766 columns, and 872784 nonzeros.
Reduced MIP has 1755 binaries, 0 generals, 0 SOSs, and 0 indicators.
Presolve time = 7.40 sec. (38171.67 ticks)
Represolve time = 13.44 sec. (65967.59 ticks)
   6968     0       35.7608   126       40.7569       Cuts: 2   962807    3.41%
   6968     0       35.8795   155       40.7569      Cuts: 14   963470    3.41%
   6968     0       35.8997   167       40.7569      Cuts: 14   963933    3.41%
   6968     0       35.9871   160       40.7569       Cuts: 9   964529    3.41%
   6968     0       36.0038   171       40.7569      Cuts: 14   964887    3.41%
   6968     0       36.0118   162       40.7569       Cuts: 5   965598    3.41%
   6968     2       36.0118   162       40.7569       39.3681   965598    3.41%
   6969     1        cutoff             40.7569       39.3681   966959    3.41%
   6970     3       36.0118   161       40.7569       39.3681   965616    3.41%
   6971     3       36.0213   155       40.7569       39.3681   967192    3.41%
   6972     3       38.2014   126       40.7569       39.3681   968598    3.41%
   6973     4       37.2052    63       40.7569       39.3681   968295    3.41%
Elapsed time = 317.84 sec. (185056.23 ticks, tree = 0.02 MB, solutions = 11)
   6975     6       37.2052    61       40.7569       39.3681   970180    3.41%
   6977     9       38.8226    85       40.7569       39.3681   971416    3.41%
   6979     7       37.2644    78       40.7569       39.3681   970749    3.41%
   6985    11        cutoff             40.7569       39.3681   974800    3.41%
   6992    11       40.4403    49       40.7569       39.3681   972449    3.41%
   6998    15       37.2052    65       40.7569       39.3681   975204    3.41%
   7014    26       37.3185    89       40.7569       39.3681   977629    3.41%
   7036    28       37.5523    89       40.7569       39.3681   981384    3.41%
   7056    25       38.0478    91       40.7569       39.3681   978266    3.41%
   7078    32       36.0290   151       40.7569       39.3681   983891    3.41%
Elapsed time = 365.56 sec. (201098.33 ticks, tree = 0.41 MB, solutions = 11)
   7119    53       37.6119   171       40.7569       39.3681   989950    3.41%
   7154    41       38.1077    79       40.7569       39.3681   986141    3.41%
   7177    71       37.8459    69       40.7569       39.3681   999729    3.41%
   7199    83       38.9457   135       40.7569       39.3681  1002291    3.41%
   7224    31       38.1401    99       40.7569       39.3681   981977    3.41%
   7235    92       39.0304    99       40.7569       39.3681  1010633    3.41%
   7257   107       39.0965   103       40.7569       39.3681  1014477    3.41%
   7301   110       39.7088    78       40.7569       39.3681  1015764    3.41%
   7365   114       39.9883    76       40.7569       39.3681  1015879    3.41%
   7427   121       38.4384    87       40.7569       39.3681  1021315    3.41%
Elapsed time = 403.49 sec. (211105.10 ticks, tree = 1.14 MB, solutions = 11)
   7506   161       37.2428    87       40.7569       39.3681  1034776    3.41%
   7575   176       39.7308    95       40.7569       39.3681  1039406    3.41%
   7651   221       40.6923   205       40.7569       39.3681  1049049    3.41%
   7745   214       38.4526   185       40.7569       39.3681  1052266    3.41%
   7883   267       37.8353   287       40.7569       39.3681  1068490    3.41%
   7989   236       39.7726    79       40.7569       39.3681  1054334    3.41%
   8117   273        cutoff             40.7569       39.3681  1071285    3.41%
   8204   360       39.2046    59       40.7569       39.3681  1091475    3.41%
   8303   433       39.0905   103       40.7569       39.3681  1112582    3.41%
   8374   411       40.2004   247       40.7569       39.3681  1103961    3.41%
Elapsed time = 459.93 sec. (220777.64 ticks, tree = 1.45 MB, solutions = 11)
   8477   506       37.9164    73       40.7569       39.3681  1128039    3.41%
   8535   474       38.8217    73       40.7569       39.3681  1124498    3.41%
   8573   536       40.1787   105       40.7569       39.3681  1140814    3.41%
   8586   553       38.6225   114       40.7569       39.3681  1141020    3.41%
   8626   681       37.4416   212       40.7569       39.3681  1170279    3.41%
   8680   713       36.0969   314       40.7569       39.3681  1178427    3.41%
   8785   706        cutoff             40.7569       39.3681  1178586    3.41%
   8925   722       40.1453    40       40.7569       39.3681  1181221    3.41%
   9046   710       37.3077   300       40.7569       39.3681  1178693    3.41%
   9579  1020        cutoff             40.7569       39.3681  1282238    3.41%
Elapsed time = 518.71 sec. (233346.32 ticks, tree = 2.84 MB, solutions = 11)
  10205  1149        cutoff             40.7569       39.3681  1326021    3.41%
  10866  1306       37.5835   237       40.7569       39.3681  1373441    3.41%
  11154  1538       38.8096   276       40.7569       39.3681  1445858    3.41%
  11643  1655        cutoff             40.7569       39.3681  1499742    3.41%
  12710  1739       40.3489   242       40.7569       39.3681  1523010    3.41%
  13830  1974       37.3306   223       40.7569       39.3681  1640514    3.41%
* 14100+ 1990                           40.0537       39.3681             1.71%
  14520  1172       39.3395    65       40.0537       39.3681  1729218    1.71%
  14922  1021        cutoff             40.0537       39.3681  1756603    1.71%
  16094   682       39.7335   191       40.0537       39.3681  1789752    1.71%

Clique cuts applied:  3
Implied bound cuts applied:  1
Mixed integer rounding cuts applied:  4
Zero-half cuts applied:  14
Gomory fractional cuts applied:  12

Root node processing (before b&c):
  Real time             =   13.41 sec. (21379.23 ticks)
Parallel b&c, 20 threads:
  Real time             =  688.47 sec. (248810.58 ticks)
  Sync time (average)   =  242.04 sec.
  Wait time (average)   =    0.02 sec.
                          ------------
Total (root+branch&cut) =  701.88 sec. (270189.81 ticks)
Truck arcs:
0 12
1 8
4 9
5 13
7 5
8 7
9 1
11 4
12 11
customer 2 is served by drone
start of this sortie: 1
end of this sortie: 7

customer 3 is served by drone
start of this sortie: 7
end of this sortie: 13

customer 6 is served by drone
start of this sortie: 0
end of this sortie: 11

customer 10 is served by drone
start of this sortie: 11
end of this sortie: 1

40.0537
In write mode
