Instance name: /home/cuong/CLionProjects/uMV-FSTSP/rand_generated_instances/v86
Write arg val: 1

drone speed: 1 miles/minute
uav non-eligible customer: 3 5 14 
Printing tau:
0 11.0496 4.35427 17.0005 9.62173 10.5001 6.41855 13.3681 9.26085 3.3224 6.4984 5.94994 11.933 0 
11.0496 0 12.6764 9.12961 13.6221 17.4879 9.81489 9.52153 12.5678 11.8129 4.9201 9.70291 4.10158 11.0496 
4.35427 12.6764 0 12.6462 5.26746 6.14583 2.86151 9.01382 4.90657 1.03187 8.12523 7.57677 13.5598 4.35427 
17.0005 9.12961 12.6462 0 7.37873 8.35829 10.5819 3.63238 7.73962 13.6781 13.2742 18.057 12.4557 17.0005 
9.62173 13.6221 5.26746 7.37873 0 3.86579 3.80722 4.10058 1.05435 6.29933 9.07094 10.6782 14.5055 9.62173 
10.5001 17.4879 6.14583 8.35829 3.86579 0 7.67301 7.96637 4.92014 7.1777 12.9367 12.3883 18.3713 10.5001 
6.41855 9.81489 2.86151 10.5819 3.80722 7.67301 0 6.94954 2.84229 3.09615 5.26372 7.47506 10.6983 6.41855 
13.3681 9.52153 9.01382 3.63238 4.10058 7.96637 6.94954 0 4.10725 10.0457 9.6418 14.4246 10.4049 13.3681 
9.26085 12.5678 4.90657 7.73962 1.05435 4.92014 2.84229 4.10725 0 5.93844 8.01659 10.3174 13.4511 9.26085 
3.3224 11.8129 1.03187 13.6781 6.29933 7.1777 3.09615 10.0457 5.93844 0 7.26171 6.71324 12.6963 3.3224 
6.4984 4.9201 8.12523 13.2742 9.07094 12.9367 5.26372 9.6418 8.01659 7.26171 0 4.78281 5.43455 6.4984 
5.94994 9.70291 7.57677 18.057 10.6782 12.3883 7.47506 14.4246 10.3174 6.71324 4.78281 0 5.98301 5.94994 
11.933 4.10158 13.5598 12.4557 14.5055 18.3713 10.6983 10.4049 13.4511 12.6963 5.43455 5.98301 0 11.933 
0 0 0 0 0 0 0 0 0 0 0 0 0 0 
Printing tau_prime:
0 6.61401 2.19121 8.06504 4.69505 5.80621 3.08121 6.34281 4.42388 1.607 3.53127 2.8487 6.01943 0 
6.61401 0 6.30896 5.83362 6.43796 8.29006 4.74448 5.01008 5.93158 6.10808 3.15948 5.16726 1.97784 6.61401 
2.19121 6.30896 0 6.1915 2.52281 3.67943 1.6633 4.5019 2.31355 0.634285 3.84169 4.38898 6.39277 2.19121 
8.06504 5.83362 6.1915 0 4.07235 4.99145 4.99881 1.72226 3.99229 6.5708 6.61926 8.72156 7.53368 8.06504 
4.69505 6.43796 2.52281 4.07235 0 1.8688 2.34546 2.61831 0.525334 3.08958 5.09985 6.44046 7.24468 4.69505 
5.80621 8.29006 3.67943 4.99145 1.8688 0 4.097 3.99133 2.39182 4.31342 6.88386 7.98644 9.10396 5.80621 
3.08121 4.74448 1.6633 4.99881 2.34546 4.097 0 3.27896 1.86529 1.73705 2.78707 4.16627 5.11998 3.08121 
6.34281 5.01008 4.5019 1.72226 2.61831 3.99133 3.27896 0 2.41058 4.85721 5.11357 7.11216 6.43104 6.34281 
4.42388 5.93158 2.31355 3.99229 0.525334 2.39182 1.86529 2.41058 0 2.82194 4.59219 6.00409 6.71936 4.42388 
1.607 6.10808 0.634285 6.5708 3.08958 4.31342 1.73705 4.85721 2.82194 0 3.42849 3.77838 6.01275 1.607 
3.53127 3.15948 3.84169 6.61926 5.09985 6.88386 2.78707 5.11357 4.59219 3.42849 0 2.26941 2.59077 3.53127 
2.8487 5.16726 4.38898 8.72156 6.44046 7.98644 4.16627 7.11216 6.00409 3.77838 2.26941 0 3.86354 2.8487 
6.01943 1.97784 6.39277 7.53368 7.24468 9.10396 5.11998 6.43104 6.71936 6.01275 2.59077 3.86354 0 6.01943 
0 0 0 0 0 0 0 0 0 0 0 0 0 0 
Printing number of nodes: 13

Version identifier: 22.1.1.0 | 2022-11-28 | 9160aff4d
CPXPARAM_ClockType                               0
CPXPARAM_Emphasis_MIP                            2
CPXPARAM_MIP_Tolerances_Integrality              0
Tried aggregator 2 times.
MIP Presolve eliminated 1870 rows and 607 columns.
MIP Presolve modified 3478 coefficients.
Aggregator did 2 substitutions.
Reduced MIP has 24312 rows, 2120 columns, and 1018004 nonzeros.
Reduced MIP has 2110 binaries, 0 generals, 0 SOSs, and 0 indicators.
Presolve time = 0.41 sec. (1046.76 ticks)
Found incumbent of value 125.322610 after 0.77 sec. (1758.82 ticks)
Probing fixed 236 vars, tightened 0 bounds.
Probing changed sense of 40 constraints.
Probing time = 0.27 sec. (460.08 ticks)
Tried aggregator 1 time.
MIP Presolve eliminated 58 rows and 276 columns.
MIP Presolve modified 52 coefficients.
Reduced MIP has 24254 rows, 1844 columns, and 1016654 nonzeros.
Reduced MIP has 1834 binaries, 0 generals, 0 SOSs, and 0 indicators.
Presolve time = 0.41 sec. (948.06 ticks)
Probing time = 0.03 sec. (35.24 ticks)
Tried aggregator 1 time.
Detecting symmetries...
Reduced MIP has 24254 rows, 1844 columns, and 1016654 nonzeros.
Reduced MIP has 1834 binaries, 0 generals, 0 SOSs, and 0 indicators.
Presolve time = 0.22 sec. (489.91 ticks)
Probing time = 0.03 sec. (33.04 ticks)
Clique table members: 500947.
MIP emphasis: optimality.
MIP search method: dynamic search.
Parallel mode: deterministic, using up to 20 threads.
Root relaxation solution time = 0.73 sec. (432.50 ticks)

        Nodes                                         Cuts/
   Node  Left     Objective  IInf  Best Integer    Best Bound    ItCnt     Gap

*     0+    0                          125.3226      -12.0000           109.58%
*     0+    0                          114.2180      -12.0000           110.51%
      0     0       43.9065    97      114.2180       43.9065     1546   61.56%
*     0+    0                           51.3547       43.9065            14.50%
Detecting symmetries...
      0     2       43.9065    60       51.3547       43.9065     1546   14.50%
Elapsed time = 4.70 sec. (7903.70 ticks, tree = 0.02 MB, solutions = 3)
      3     5       44.5786    80       51.3547       43.9065     2481   14.50%
*     6+    4                           48.5457       43.9065             9.56%
      6     7       49.2501    20       48.5457       43.9065     2939    9.56%
*     9+    2                           48.2353       43.9065             8.97%
*    13+    4                           47.2501       43.9065             7.08%
     13     6       44.7276    78       47.2501       43.9065     2519    7.08%
     18    13       45.3214    55       47.2501       43.9065     4496    7.08%
     26    20       46.6189   175       47.2501       43.9065     7199    7.08%
     60    26       46.0637    58       47.2501       43.9065     8672    7.08%
    103    30       46.0702   231       47.2501       43.9065    10913    7.08%
    149    36        cutoff             47.2501       43.9065    16943    7.08%
*   153+   14                           47.2112       43.9065             7.00%
    214    27       43.9065    58       47.2112       43.9065    13662    7.00%
    413   175        cutoff             47.2112       43.9065    55944    7.00%
Elapsed time = 18.30 sec. (11537.51 ticks, tree = 0.32 MB, solutions = 10)
    612   238       46.7199    67       47.2112       43.9065    67717    7.00%
    683   389       44.8781    46       47.2112       43.9065    96490    7.00%
*   788   420      integral     0       46.7900       43.9065   102014    6.16%
    857   410       45.9703    42       46.7900       43.9065   106578    6.16%
   1064   474       44.5531   170       46.7900       43.9065   123761    6.16%
   1286   572       45.5841   139       46.7900       43.9447   147741    6.08%
   1530   722       45.4542    97       46.7900       43.9966   178402    5.97%
   1854   851       45.8916   165       46.7900       44.4887   204321    4.92%
   2206   919       45.8819    77       46.7900       45.3354   224754    3.11%
   2519  1002       46.3173    37       46.7900       45.6491   256453    2.44%
   2912  1016       46.4569   166       46.7900       45.7451   275308    2.23%
Elapsed time = 67.60 sec. (21136.62 ticks, tree = 2.43 MB, solutions = 11)
   3166  1026        cutoff             46.7900       45.8690   298968    1.97%
   3267  1013       46.2544   120       46.7900       45.9505   313968    1.79%
   3403   969       46.0993    80       46.7900       46.0324   326398    1.62%
   3760   899       46.3747   174       46.7900       46.0993   343712    1.48%
   4264   739        cutoff             46.7900       46.0993   369010    1.48%
   4693   611        cutoff             46.7900       46.1089   392517    1.46%
   5088   496        cutoff             46.7900       46.2980   414164    1.05%
   5471   214       46.5397    66       46.7900       46.5397   435136    0.53%
   5478    14       46.5884    70       46.7900       46.5397   439030    0.53%

Flow cuts applied:  1
Zero-half cuts applied:  5

Root node processing (before b&c):
  Real time             =    4.56 sec. (7860.77 ticks)
Parallel b&c, 20 threads:
  Real time             =   94.28 sec. (22733.61 ticks)
  Sync time (average)   =   35.93 sec.
  Wait time (average)   =    0.00 sec.
                          ------------
Total (root+branch&cut) =   98.84 sec. (30594.37 ticks)
Truck arcs:
0 6
2 9
3 5
4 7
5 2
6 8
7 3
8 4
9 13
customer 1 is served by drone
start of this sortie: 6
end of this sortie: 3

customer 10 is served by drone
start of this sortie: 0
end of this sortie: 6

customer 11 is served by drone
start of this sortie: 2
end of this sortie: 13

customer 12 is served by drone
start of this sortie: 3
end of this sortie: 2

46.7899
In write mode
