Instance name: /home/cuong/CLionProjects/uMV-FSTSP/rand_generated_instances/v88
Write arg val: 1

drone speed: 1 miles/minute
uav non-eligible customer: 3 14 
Printing tau:
0 6.63868 3.99267 18.1505 9.83587 10.5815 7.31804 9.05904 7.80914 7.9088 2.60086 6.72518 6.07963 0 
6.63868 0 10.6313 13.0214 14.5851 17.2202 0.679367 15.2969 2.68005 2.77971 7.72995 6.71779 5.1899 6.63868 
3.99267 10.6313 0 18.0785 9.76383 6.58886 11.3107 8.987 10.2855 10.191 3.73525 6.65314 6.00759 3.99267 
18.1505 13.0214 18.0785 0 8.31464 12.5993 13.1035 9.09147 10.3414 10.2417 20.7514 11.4253 12.0709 18.1505 
9.83587 14.5851 9.76383 8.31464 0 4.28466 15.2645 0.77683 14.2393 14.1448 12.4367 7.86735 9.39525 9.83587 
10.5815 17.2202 6.58886 12.5993 4.28466 0 17.8996 3.50783 16.8744 16.7799 10.3241 10.5024 12.0303 10.5815 
7.31804 0.679367 11.3107 13.1035 15.2645 17.8996 0 15.9762 2.76214 2.86181 7.64785 7.39716 5.86926 7.31804 
9.05904 15.2969 8.987 9.09147 0.77683 3.50783 15.9762 0 14.951 14.8565 11.6599 8.57906 10.107 9.05904 
7.80914 2.68005 10.2855 10.3414 14.2393 16.8744 2.76214 14.951 0 0.0996642 10.41 6.37194 4.84405 7.80914 
7.9088 2.77971 10.191 10.2417 14.1448 16.7799 2.86181 14.8565 0.0996642 0 10.5097 6.27748 4.74958 7.9088 
2.60086 7.72995 3.73525 20.7514 12.4367 10.3241 7.64785 11.6599 10.41 10.5097 0 9.32604 8.68048 2.60086 
6.72518 6.71779 6.65314 11.4253 7.86735 10.5024 7.39716 8.57906 6.37194 6.27748 9.32604 0 1.5279 6.72518 
6.07963 5.1899 6.00759 12.0709 9.39525 12.0303 5.86926 10.107 4.84405 4.74958 8.68048 1.5279 0 6.07963 
0 0 0 0 0 0 0 0 0 0 0 0 0 0 
Printing tau_prime:
0 3.95473 1.88247 8.58673 5.96081 5.63293 4.19062 5.90725 4.72775 4.73683 1.23205 3.1705 2.94622 0 
3.95473 0 5.54976 7.2472 7.22465 8.12012 0.322586 7.44518 1.27386 1.32671 4.88326 3.25495 2.48724 3.95473 
1.88247 5.54976 0 8.60073 4.96577 4.03965 5.8249 4.77338 6.06729 6.06029 2.1652 3.63869 3.82101 1.88247 
8.58673 7.2472 8.60073 0 4.94984 7.31212 7.45445 5.44487 6.11377 6.04944 9.80078 5.42944 5.86141 8.58673 
5.96081 7.22465 4.96577 4.94984 0 2.37121 7.54157 0.496655 6.78012 6.72953 6.89273 3.98808 4.76981 5.96081 
5.63293 8.12012 4.03965 7.31212 2.37121 0 8.44129 1.88586 8.02555 7.98781 6.20114 4.98172 5.67661 5.63293 
4.19062 0.322586 5.8249 7.45445 7.54157 8.44129 0 7.76511 1.38888 1.44865 5.0745 3.57567 2.80929 4.19062 
5.90725 7.44518 4.77338 5.44487 0.496655 1.88586 7.76511 0 7.07256 7.0244 6.77456 4.19119 4.96717 5.90725 
4.72775 1.27386 6.06729 6.11377 6.78012 8.02555 1.38888 7.07256 0 0.0647332 5.79796 3.04692 2.42469 4.72775 
4.73683 1.32671 6.06029 6.04944 6.72953 7.98781 1.44865 7.0244 0.0647332 0 5.81435 3.01137 2.39928 4.73683 
1.23205 4.88326 2.1652 9.80078 6.89273 6.20114 5.0745 6.77456 5.79796 5.81435 0 4.39714 4.17032 1.23205 
3.1705 3.25495 3.63869 5.42944 3.98808 4.98172 3.57567 4.19119 3.04692 3.01137 4.39714 0 0.781908 3.1705 
2.94622 2.48724 3.82101 5.86141 4.76981 5.67661 2.80929 4.96717 2.42469 2.39928 4.17032 0.781908 0 2.94622 
0 0 0 0 0 0 0 0 0 0 0 0 0 0 
Printing number of nodes: 13

Version identifier: 22.1.1.0 | 2022-11-28 | 9160aff4d
CPXPARAM_ClockType                               0
CPXPARAM_Emphasis_MIP                            2
CPXPARAM_MIP_Tolerances_Integrality              0
Tried aggregator 2 times.
MIP Presolve eliminated 606 rows and 444 columns.
MIP Presolve modified 3066 coefficients.
Aggregator did 2 substitutions.
Reduced MIP has 25380 rows, 2283 columns, and 1080813 nonzeros.
Reduced MIP has 2272 binaries, 0 generals, 0 SOSs, and 0 indicators.
Presolve time = 0.40 sec. (959.31 ticks)
Found incumbent of value 141.006090 after 0.80 sec. (1722.21 ticks)
Probing fixed 257 vars, tightened 0 bounds.
Probing changed sense of 22 constraints.
Probing time = 0.27 sec. (504.33 ticks)
Tried aggregator 1 time.
MIP Presolve eliminated 37 rows and 279 columns.
MIP Presolve modified 78 coefficients.
Reduced MIP has 25343 rows, 2004 columns, and 1079437 nonzeros.
Reduced MIP has 1993 binaries, 0 generals, 0 SOSs, and 0 indicators.
Presolve time = 0.43 sec. (1005.31 ticks)
Probing time = 0.03 sec. (37.59 ticks)
Tried aggregator 1 time.
Detecting symmetries...
Reduced MIP has 25343 rows, 2004 columns, and 1079437 nonzeros.
Reduced MIP has 1993 binaries, 0 generals, 0 SOSs, and 0 indicators.
Presolve time = 0.24 sec. (522.27 ticks)
Probing time = 0.02 sec. (34.03 ticks)
Clique table members: 530409.
MIP emphasis: optimality.
MIP search method: dynamic search.
Parallel mode: deterministic, using up to 20 threads.
Root relaxation solution time = 1.41 sec. (634.43 ticks)

        Nodes                                         Cuts/
   Node  Left     Objective  IInf  Best Integer    Best Bound    ItCnt     Gap

*     0+    0                          141.0061      -12.0000           108.51%
      0     0       47.5721   102      141.0061       47.5721     2098   66.26%
      0     0       47.5721    42      141.0061    MIRcuts: 1     2099   66.26%
*     0+    0                           49.1490       47.5721             3.21%
      0     0       47.5721    97       49.1490      Cuts: 10     2528    3.21%
Detecting symmetries...

Repeating presolve.
Tried aggregator 1 time.
MIP Presolve eliminated 1574 rows and 817 columns.
MIP Presolve modified 509 coefficients.
Reduced MIP has 23769 rows, 1187 columns, and 598373 nonzeros.
Reduced MIP has 1176 binaries, 0 generals, 0 SOSs, and 0 indicators.
Presolve time = 0.89 sec. (4286.49 ticks)
Probing time = 0.02 sec. (25.39 ticks)
Tried aggregator 1 time.
Detecting symmetries...
MIP Presolve eliminated 8 rows and 0 columns.
Reduced MIP has 23761 rows, 1187 columns, and 598277 nonzeros.
Reduced MIP has 1176 binaries, 0 generals, 0 SOSs, and 0 indicators.
Presolve time = 0.18 sec. (533.08 ticks)
Represolve time = 1.15 sec. (4932.08 ticks)
Probing time = 0.02 sec. (24.93 ticks)
Clique table members: 158649.
MIP emphasis: optimality.
MIP search method: dynamic search.
Parallel mode: deterministic, using up to 20 threads.
Root relaxation solution time = 0.94 sec. (358.22 ticks)

        Nodes                                         Cuts/
   Node  Left     Objective  IInf  Best Integer    Best Bound    ItCnt     Gap

*     0+    0                           49.1490       47.5721             3.21%
      0     0       47.5721    89       49.1490       47.5721     4411    3.21%
      0     0       47.5721    55       49.1490    GUBcuts: 2     4517    3.21%
      0     0       47.5721    96       49.1490      Cuts: 10     4778    3.21%
      0     0       47.5721    84       49.1490       Cuts: 3     5004    3.21%
*     0+    0                           49.0239       47.5721             2.96%
      0     0  -1.00000e+75     0       49.0239       47.5721     5004    2.96%
      0     0       47.5721    97       49.0239       Cuts: 7     5254    2.96%
Detecting symmetries...
      0     2       47.5721    53       49.0239       47.5721     5254    2.96%
Elapsed time = 13.41 sec. (26444.36 ticks, tree = 0.02 MB, solutions = 3)
      2     4       47.5721    72       49.0239       47.5721     6103    2.96%
      8     6        cutoff             49.0239       47.5721     6532    2.96%
     24    13       47.5721    54       49.0239       47.5721     9100    2.96%
     38    13    infeasible             49.0239       47.5721    13015    2.96%
*    43+   15                           48.6024       47.5721             2.12%
     53    16       47.5721    57       48.6024       47.5721    13627    2.12%
     59    15       48.4390    65       48.6024       47.5721    19740    2.12%
     70    13       47.5863    62       48.6024       47.5721    17160    2.12%
     98    16       47.9210    76       48.6024       47.5721    25126    2.12%
    144    17        cutoff             48.6024       47.5721    31415    2.12%
    325    31       48.1858    88       48.6024       47.5721    47038    2.12%
Elapsed time = 20.60 sec. (29863.45 ticks, tree = 1.50 MB, solutions = 4)
    371    10       47.7985    73       48.6024       47.5721    64202    2.12%
    483     6       48.1693    85       48.6024       47.6229    73655    2.02%
    499     4       48.3446    86       48.6024       47.9196    80605    1.40%

GUB cover cuts applied:  4
Cover cuts applied:  66
Mixed integer rounding cuts applied:  3
Zero-half cuts applied:  7
Lift and project cuts applied:  2

Root node processing (before b&c):
  Real time             =   13.20 sec. (26372.36 ticks)
Parallel b&c, 20 threads:
  Real time             =    9.58 sec. (6512.13 ticks)
  Sync time (average)   =    5.46 sec.
  Wait time (average)   =    0.00 sec.
                          ------------
Total (root+branch&cut) =   22.78 sec. (32884.48 ticks)
Truck arcs:
0 2
1 13
2 5
3 9
4 3
5 7
6 1
7 4
8 6
9 8
customer 10 is served by drone
start of this sortie: 0
end of this sortie: 2

customer 11 is served by drone
start of this sortie: 4
end of this sortie: 8

customer 12 is served by drone
start of this sortie: 6
end of this sortie: 13

48.6024
In write mode
