Instance name: /home/cuong/CLionProjects/uMV-FSTSP/rand_generated_instances/v89
Write arg val: 1

drone speed: 1 miles/minute
uav non-eligible customer: 1 14 
Printing tau:
0 2.8296 4.52286 8.79325 12.2338 10.4136 0.215144 12.616 9.8648 14.4274 11.1575 15.8602 9.06833 0 
2.8296 0 6.31116 11.6229 15.0634 8.94249 2.86832 15.4456 8.39373 12.9564 13.9871 18.6898 11.8979 2.8296 
4.52286 6.31116 0 9.73031 9.42519 14.9364 4.73801 10.1429 14.3877 18.9503 8.21498 12.3786 11.0908 4.52286 
8.79325 11.6229 9.73031 0 3.44056 6.66571 8.75454 3.82273 11.9727 9.21998 2.36429 7.06691 1.36051 8.79325 
12.2338 15.0634 9.42519 3.44056 0 10.1063 12.1951 0.717676 15.4133 9.5251 1.21021 3.62635 3.16548 12.2338 
10.4136 8.94249 14.9364 6.66571 10.1063 0 10.1984 10.4884 5.30703 4.01387 9.03 13.7326 6.94078 10.4136 
0.215144 2.86832 4.73801 8.75454 12.1951 10.1984 0 12.5773 9.64966 14.2123 11.1188 15.8214 9.02961 0.215144 
12.616 15.4456 10.1429 3.82273 0.717676 10.4884 12.5773 0 15.7955 8.80742 1.92788 3.24419 3.54765 12.616 
9.8648 8.39373 14.3877 11.9727 15.4133 5.30703 9.64966 15.7955 0 7.23522 14.337 19.0397 12.2478 9.8648 
14.4274 12.9564 18.9503 9.21998 9.5251 4.01387 14.2123 8.80742 7.23522 0 10.7353 11.8044 7.85947 14.4274 
11.1575 13.9871 8.21498 2.36429 1.21021 9.03 11.1188 1.92788 14.337 10.7353 0 4.70262 2.87584 11.1575 
15.8602 18.6898 12.3786 7.06691 3.62635 13.7326 15.8214 3.24419 19.0397 11.8044 4.70262 0 6.79184 15.8602 
9.06833 11.8979 11.0908 1.36051 3.16548 6.94078 9.02961 3.54765 12.2478 7.85947 2.87584 6.79184 0 9.06833 
0 0 0 0 0 0 0 0 0 0 0 0 0 0 
Printing tau_prime:
0 1.50338 2.69062 4.81753 6.21287 5.01041 0.103049 6.51063 4.88589 7.06478 5.54021 8.06939 5.27831 0 
1.50338 0 4.10306 5.75521 7.28286 4.8199 1.47608 7.53922 3.96028 6.91657 6.67621 9.11649 6.10171 1.50338 
2.69062 4.10306 0 5.22586 6.0633 7.06997 2.76091 6.43455 7.47402 8.93735 5.30003 7.79477 5.85412 2.69062 
4.81753 5.75521 5.22586 0 1.62826 3.98707 4.75079 1.81251 6.05599 4.88653 1.32381 3.38166 0.654328 4.81753 
6.21287 7.28286 6.0633 1.62826 0 5.42649 6.15883 0.383292 7.6332 5.91812 0.763466 1.8568 1.68619 6.21287 
5.01041 4.8199 7.06997 3.98707 5.42649 0 4.90739 5.4362 2.5151 2.09916 5.30657 6.73918 3.74056 5.01041 
0.103049 1.47608 2.76091 4.75079 6.15883 4.90739 0 6.45325 4.7952 6.96221 5.49176 8.0148 5.20453 0.103049 
6.51063 7.53922 6.43455 1.81251 0.383292 5.4362 6.45325 0 7.71024 5.78981 1.13957 1.57741 1.73105 6.51063 
4.88589 3.96028 7.47402 6.05599 7.6332 2.5151 4.7952 7.71024 0 4.03226 7.35833 9.11943 5.97919 4.88589 
7.06478 6.91657 8.93735 4.88653 5.91812 2.09916 6.96221 5.78981 4.03226 0 6.06781 6.71887 4.39437 7.06478 
5.54021 6.67621 5.30003 1.32381 0.763466 5.30657 5.49176 1.13957 7.35833 6.06781 0 2.56754 1.67566 5.54021 
8.06939 9.11649 7.79477 3.38166 1.8568 6.73918 8.0148 1.57741 9.11943 6.71887 2.56754 0 3.20227 8.06939 
5.27831 6.10171 5.85412 0.654328 1.68619 3.74056 5.20453 1.73105 5.97919 4.39437 1.67566 3.20227 0 5.27831 
0 0 0 0 0 0 0 0 0 0 0 0 0 0 
Printing number of nodes: 13

Version identifier: 22.1.1.0 | 2022-11-28 | 9160aff4d
CPXPARAM_ClockType                               0
CPXPARAM_Emphasis_MIP                            2
CPXPARAM_MIP_Tolerances_Integrality              0
Tried aggregator 2 times.
MIP Presolve eliminated 606 rows and 449 columns.
MIP Presolve modified 3410 coefficients.
Aggregator did 2 substitutions.
Reduced MIP has 25380 rows, 2278 columns, and 1080786 nonzeros.
Reduced MIP has 2267 binaries, 0 generals, 0 SOSs, and 0 indicators.
Presolve time = 0.45 sec. (1095.26 ticks)
Found incumbent of value 143.375060 after 0.87 sec. (1888.51 ticks)
Probing fixed 250 vars, tightened 0 bounds.
Probing changed sense of 22 constraints.
Probing time = 0.36 sec. (509.06 ticks)
Tried aggregator 1 time.
MIP Presolve eliminated 37 rows and 272 columns.
MIP Presolve modified 98 coefficients.
Reduced MIP has 25343 rows, 2006 columns, and 1079447 nonzeros.
Reduced MIP has 1995 binaries, 0 generals, 0 SOSs, and 0 indicators.
Presolve time = 0.43 sec. (1006.06 ticks)
Probing time = 0.03 sec. (37.59 ticks)
Tried aggregator 1 time.
Detecting symmetries...
Reduced MIP has 25343 rows, 2006 columns, and 1079447 nonzeros.
Reduced MIP has 1995 binaries, 0 generals, 0 SOSs, and 0 indicators.
Presolve time = 0.24 sec. (523.32 ticks)
Probing time = 0.02 sec. (35.22 ticks)
Clique table members: 531153.
MIP emphasis: optimality.
MIP search method: dynamic search.
Parallel mode: deterministic, using up to 20 threads.
Root relaxation solution time = 1.90 sec. (918.83 ticks)

        Nodes                                         Cuts/
   Node  Left     Objective  IInf  Best Integer    Best Bound    ItCnt     Gap

*     0+    0                          143.3751      -10.5697           107.37%
      0     0       36.8904   214      143.3751       36.8904       16   74.27%
*     0+    0                           74.9902       36.8904            50.81%
      0     0       37.0128   208       74.9902      Cuts: 82     1836   50.64%
      0     0       37.0727   231       74.9902      Cuts: 42     2257   50.56%
      0     0       37.1129   234       74.9902      Cuts: 20     2436   50.51%
      0     0       37.1428   243       74.9902      Cuts: 17     2615   50.47%
      0     0       37.1617   234       74.9902      Cuts: 11     2725   50.44%
Detecting symmetries...
      0     0       37.2078   231       74.9902      Cuts: 17     2887   50.38%
      0     0       37.2216   238       74.9902      Cuts: 15     2973   50.36%
      0     0       37.2470   264       74.9902      Cuts: 10     3085   50.33%
      0     0       37.2544   264       74.9902       Cuts: 6     3142   50.32%
      0     0       37.2658   252       74.9902       Cuts: 5     3213   50.31%
      0     0       37.2803   258       74.9902       Cuts: 6     3320   50.29%
      0     0       37.3026   276       74.9902       Cuts: 8     3389   50.26%
      0     0       37.3052   271       74.9902       Cuts: 3     3409   50.25%
      0     0       37.3179   258       74.9902       Cuts: 3     3466   50.24%
      0     0       37.3296   272       74.9902       Cuts: 5     3535   50.22%
*     0+    0                           48.6266       37.3296            23.23%
      0     0       37.3304   273       48.6266    MIRcuts: 1     3549   22.89%
Detecting symmetries...
      0     2       37.3304   273       48.6266       37.4950     3549   22.89%
Elapsed time = 18.80 sec. (30819.64 ticks, tree = 0.02 MB, solutions = 3)
      1     3       37.3590   274       48.6266       37.4950     3720   22.89%
      2     4       39.5185   349       48.6266       37.4950     4369   22.89%
      9    11       40.2017   284       48.6266       37.4950     5173   22.89%
     18    15       40.9010   239       48.6266       39.5194     5990   18.73%
     48    19       46.9066    55       48.6266       39.5924     6585   18.58%
     71    56       47.3270    87       48.6266       39.5948    15818   18.57%
*    75+   21                           46.8219       39.5948            15.44%
     92    72       47.3270     2       46.8219       39.5948    19644   15.44%
    117    45       48.3661    52       46.8219       39.8737    12961   14.84%
    138    90       41.6589   229       46.8219       39.8790    26761   14.83%
*   159+   74                           46.2567       39.8790            13.79%
    188    63       40.7126    68       46.2567       39.8790    19857   13.79%
Elapsed time = 34.97 sec. (34867.34 ticks, tree = 0.11 MB, solutions = 6)
*   206+  134                           43.6587       39.8790             8.66%
*   215   132      integral     0       43.6078       39.8790    42445    8.55%
*   281   122      integral     0       43.4420       39.8790    47806    8.20%
    297   123        cutoff             43.4420       39.8790    46865    8.20%
    402   150       40.6444    75       43.4420       39.8790    55073    8.20%
    551   209        cutoff             43.4420       39.8790    73884    8.20%
    690   273       41.1182   219       43.4420       40.1843    99610    7.50%
    841   344       41.5430    88       43.4420       40.3356   117100    7.15%
    974   350       41.4372    83       43.4420       40.4970   123690    6.78%
   1096   418        cutoff             43.4420       40.4970   146350    6.78%
   1243   500       41.5705    71       43.4420       40.4970   177423    6.78%
   1369   559        cutoff             43.4420       40.4998   198817    6.77%
Elapsed time = 88.50 sec. (44173.44 ticks, tree = 1.27 MB, solutions = 9)
   1511   604       41.4672    77       43.4420       40.5141   211870    6.74%
   1680   704       41.4488   226       43.4420       40.5143   244907    6.74%
   1839   731       41.6460   212       43.4420       40.5143   254688    6.74%
   2019   752        cutoff             43.4420       40.5143   261393    6.74%
   2205   860       41.6461   106       43.4420       40.5143   296477    6.74%
   2416   963       41.7717   215       43.4420       40.5143   325007    6.74%
   2637   969       41.8105    96       43.4420       40.5911   327348    6.56%
   2860  1070       42.0659   199       43.4420       41.4175   363301    4.66%
   3112  1081       42.0166   203       43.4420       41.4281   365628    4.64%
   3345  1222        cutoff             43.4420       41.4297   400104    4.63%
Elapsed time = 155.26 sec. (53767.14 ticks, tree = 3.43 MB, solutions = 9)
*  3523  1223      integral     0       43.2655       41.4736   408695    4.14%
   3767  1163        cutoff             43.2655       41.7922   429022    3.41%
   4056  1181        cutoff             43.2655       42.0068   441794    2.91%
   4260  1200        cutoff             43.2655       42.0634   450852    2.78%
   4509  1299       42.5827   258       43.2655       42.2032   488168    2.46%
   4799  1288       42.6883    68       43.2655       42.2091   491848    2.44%
   5069  1301       42.5160    71       43.2655       42.3260   521590    2.17%
   5298  1308        cutoff             43.2655       42.3725   534112    2.06%
*  5305  1267      integral     0       42.5224       42.3725   523599    0.35%
   5440  1313        cutoff             42.5224       42.4046   542255    0.28%

Clique cuts applied:  23
Cover cuts applied:  1
Implied bound cuts applied:  3
Flow cuts applied:  3
Mixed integer rounding cuts applied:  9
Zero-half cuts applied:  35
Gomory fractional cuts applied:  3

Root node processing (before b&c):
  Real time             =   18.62 sec. (30462.59 ticks)
Parallel b&c, 20 threads:
  Real time             =  188.66 sec. (32212.41 ticks)
  Sync time (average)   =   56.72 sec.
  Wait time (average)   =    0.00 sec.
                          ------------
Total (root+branch&cut) =  207.28 sec. (62675.01 ticks)
Truck arcs:
0 6
1 13
3 10
4 7
5 1
6 3
7 12
10 4
12 5
customer 2 is served by drone
start of this sortie: 0
end of this sortie: 3

customer 8 is served by drone
start of this sortie: 5
end of this sortie: 13

customer 9 is served by drone
start of this sortie: 12
end of this sortie: 5

customer 11 is served by drone
start of this sortie: 3
end of this sortie: 12

42.5224
In write mode
