Instance name: /home/cuong/CLionProjects/uMV-FSTSP/rand_generated_instances/v91
Write arg val: 1

drone speed: 1 miles/minute
uav non-eligible customer: 5 7 8 14 
Printing tau:
0 9.65699 3.73526 4.94208 11.1891 9.4145 5.08371 10.8021 7.19533 6.81877 9.0199 4.53355 6.13337 0 
9.65699 0 13.3923 14.5991 3.11772 9.95845 11.5449 3.85794 7.73928 16.4758 9.56385 9.16245 5.58942 9.65699 
3.73526 13.3923 0 3.05118 14.9244 11.5779 2.92029 14.5373 9.35874 3.08351 11.1833 6.69697 8.27015 3.73526 
4.94208 14.5991 3.05118 0 16.1312 10.4085 5.97147 15.7441 7.78598 1.87668 8.13214 5.43663 9.47698 4.94208 
11.1891 3.11772 14.9244 16.1312 0 6.84073 13.077 0.740222 8.3452 18.0079 9.11793 10.6946 8.70714 11.1891 
9.4145 9.95845 11.5779 10.4085 6.84073 0 14.4982 6.10051 2.62249 12.2852 3.39522 4.97184 15.5479 9.4145 
5.08371 11.5449 2.92029 5.97147 13.077 14.4982 0 12.69 12.279 4.93087 14.1036 9.61726 6.4228 5.08371 
10.8021 3.85794 14.5373 15.7441 0.740222 6.10051 12.69 0 7.95815 17.6208 8.73088 10.3075 9.44736 10.8021 
7.19533 7.73928 9.35874 7.78598 8.3452 2.62249 12.279 7.95815 0 9.66267 1.82457 2.66177 13.3287 7.19533 
6.81877 16.4758 3.08351 1.87668 18.0079 12.2852 4.93087 17.6208 9.66267 0 9.6605 7.31331 11.3537 6.81877 
9.0199 9.56385 11.1833 8.13214 9.11793 3.39522 14.1036 8.73088 1.82457 9.6605 0 4.48635 15.1533 9.0199 
4.53355 9.16245 6.69697 5.43663 10.6946 4.97184 9.61726 10.3075 2.66177 7.31331 4.48635 0 10.6669 4.53355 
6.13337 5.58942 8.27015 9.47698 8.70714 15.5479 6.4228 9.44736 13.3287 11.3537 15.1533 10.6669 0 6.13337 
0 0 0 0 0 0 0 0 0 0 0 0 0 0 
Printing tau_prime:
0 4.55957 2.03484 2.36701 5.41234 5.13191 2.5564 5.32639 3.64724 3.22855 4.36268 2.14981 3.59579 0 
4.55957 0 6.35916 6.91509 1.63758 5.09317 5.84796 1.89706 4.8606 7.76688 5.75446 4.93809 3.5739 4.55957 
2.03484 6.35916 0 1.54676 7.38132 6.97166 1.62896 7.32326 5.39282 1.62118 5.94009 3.73395 4.3245 2.03484 
2.36701 6.91509 1.54676 0 7.64574 6.34283 3.1618 7.50947 4.72363 1.14094 5.06222 3.08576 5.55996 2.36701 
5.41234 1.63758 7.38132 7.64574 0 4.20437 7.14368 0.393767 4.49694 8.62317 5.26391 5.12541 5.16597 5.41234 
5.13191 5.09317 6.97166 6.34283 4.20437 0 7.66353 3.82057 1.61948 7.48376 1.61129 3.2844 7.34248 5.13191 
2.5564 5.84796 1.62896 3.1618 7.14368 7.66353 0 7.17335 6.20331 3.12889 6.90549 4.67066 3.0679 2.5564 
5.32639 1.89706 7.32326 7.50947 0.393767 3.82057 7.17335 0 4.17391 8.51315 4.91677 4.8929 5.34436 5.32639 
3.64724 4.8606 5.39282 4.72363 4.49694 1.61948 6.20331 4.17391 0 5.86456 0.934068 1.67362 6.33357 3.64724 
3.22855 7.76688 1.62118 1.14094 8.62317 7.48376 3.12889 8.51315 5.86456 0 6.18881 4.22312 5.94561 3.22855 
4.36268 5.75446 5.94009 5.06222 5.26391 1.61129 6.90549 4.91677 0.934068 6.18881 0 2.24168 7.23712 4.36268 
2.14981 4.93809 3.73395 3.08576 5.12541 3.2844 4.67066 4.8929 1.67362 4.22312 2.24168 0 5.37706 2.14981 
3.59579 3.5739 4.3245 5.55996 5.16597 7.34248 3.0679 5.34436 6.33357 5.94561 7.23712 5.37706 0 3.59579 
0 0 0 0 0 0 0 0 0 0 0 0 0 0 
Printing number of nodes: 13

Version identifier: 22.1.1.0 | 2022-11-28 | 9160aff4d
CPXPARAM_ClockType                               0
CPXPARAM_Emphasis_MIP                            2
CPXPARAM_MIP_Tolerances_Integrality              0
Tried aggregator 2 times.
MIP Presolve eliminated 3649 rows and 796 columns.
MIP Presolve modified 3156 coefficients.
Aggregator did 2 substitutions.
Reduced MIP has 22729 rows, 1931 columns, and 934458 nonzeros.
Reduced MIP has 1922 binaries, 0 generals, 0 SOSs, and 0 indicators.
Presolve time = 0.41 sec. (987.07 ticks)
Found incumbent of value 122.172110 after 0.74 sec. (1634.25 ticks)
Probing fixed 211 vars, tightened 0 bounds.
Probing changed sense of 54 constraints.
Probing time = 0.28 sec. (393.73 ticks)
Tried aggregator 1 time.
MIP Presolve eliminated 75 rows and 265 columns.
MIP Presolve modified 30 coefficients.
Reduced MIP has 22654 rows, 1666 columns, and 933163 nonzeros.
Reduced MIP has 1657 binaries, 0 generals, 0 SOSs, and 0 indicators.
Presolve time = 0.38 sec. (874.42 ticks)
Probing time = 0.03 sec. (33.76 ticks)
Tried aggregator 1 time.
Detecting symmetries...
Reduced MIP has 22654 rows, 1666 columns, and 933163 nonzeros.
Reduced MIP has 1657 binaries, 0 generals, 0 SOSs, and 0 indicators.
Presolve time = 0.21 sec. (445.28 ticks)
Probing time = 0.02 sec. (32.78 ticks)
Clique table members: 458900.
MIP emphasis: optimality.
MIP search method: dynamic search.
Parallel mode: deterministic, using up to 20 threads.
Root relaxation solution time = 1.45 sec. (629.11 ticks)

        Nodes                                         Cuts/
   Node  Left     Objective  IInf  Best Integer    Best Bound    ItCnt     Gap

*     0+    0                          122.1721      -12.0000           109.82%
      0     0       40.5777   112      122.1721       40.5777     2186   66.79%
*     0+    0                           59.5620       40.5777            31.87%
*     0+    0                           57.6325       40.5777            29.59%
      0     0       40.9847   103       57.6325      Cuts: 42     2370   28.89%
      0     0       41.0499   140       57.6325      Cuts: 26     2541   28.77%
      0     0       41.0536   146       57.6325      Cuts: 15     2566   28.77%
*     0+    0                           49.3215       41.0536            16.76%
*     0+    0                           44.9950       41.0536             8.76%
      0     0  -1.00000e+75     0       44.9950       41.0536     2566    8.76%
      0     0       41.0550   149       44.9950      Cuts: 13     2635    8.76%
      0     0       41.0552   155       44.9950       Cuts: 8     2715    8.76%
Detecting symmetries...
*     0+    0                           44.0976       41.0552             6.90%
Detecting symmetries...

Repeating presolve.
Tried aggregator 1 time.
MIP Presolve eliminated 1010 rows and 485 columns.
MIP Presolve modified 236 coefficients.
Reduced MIP has 21644 rows, 1181 columns, and 587666 nonzeros.
Reduced MIP has 1172 binaries, 0 generals, 0 SOSs, and 0 indicators.
Presolve time = 0.71 sec. (3144.67 ticks)
Probing time = 0.04 sec. (26.76 ticks)
Tried aggregator 1 time.
Detecting symmetries...
MIP Presolve eliminated 23 rows and 0 columns.
MIP Presolve modified 7 coefficients.
Reduced MIP has 21621 rows, 1181 columns, and 587456 nonzeros.
Reduced MIP has 1172 binaries, 0 generals, 0 SOSs, and 0 indicators.
Presolve time = 0.20 sec. (644.95 ticks)
Represolve time = 1.01 sec. (3911.07 ticks)
Probing time = 0.15 sec. (26.90 ticks)
Clique table members: 207928.
MIP emphasis: optimality.
MIP search method: dynamic search.
Parallel mode: deterministic, using up to 20 threads.
Root relaxation solution time = 1.71 sec. (639.13 ticks)

        Nodes                                         Cuts/
   Node  Left     Objective  IInf  Best Integer    Best Bound    ItCnt     Gap

*     0+    0                           44.0976       41.0552             6.90%
      0     0       41.0552   154       44.0976       41.0552     2734    6.90%
      0     0       41.0562   150       44.0976      Cuts: 14     2783    6.90%
      0     0       41.0564   153       44.0976       Cuts: 7     2832    6.90%
      0     0       41.0572   161       44.0976      Cuts: 13     2879    6.89%
Detecting symmetries...
      0     2       41.0572   160       44.0976       41.0572     2879    6.89%
Elapsed time = 13.28 sec. (21912.10 ticks, tree = 0.02 MB, solutions = 6)
      4     5       41.0964    48       44.0976       41.0573     3330    6.89%
*    14+   13                           43.8786       41.0652             6.41%
     16    16       41.0964    67       43.8786       41.0652     4149    6.41%
*    32+   16                           43.0354       41.0652             4.58%
     49    11       41.5695   158       43.0354       41.0652     4391    4.58%
     74    46       41.1258   156       43.0354       41.0964    11554    4.51%
    150    49       41.7034   113       43.0354       41.0964    13529    4.51%
    253    82        cutoff             43.0354       41.0964    20298    4.51%
    375    72        cutoff             43.0354       41.0964    25998    4.51%
    520    47    infeasible             43.0354       41.0964    36149    4.51%
    595    12        cutoff             43.0354       41.0964    42047    4.51%
    801     7        cutoff             43.0354       42.1482    59284    2.06%
Elapsed time = 21.34 sec. (25035.00 ticks, tree = 0.03 MB, solutions = 8)

GUB cover cuts applied:  2
Clique cuts applied:  9
Cover cuts applied:  8
Flow cuts applied:  1
Mixed integer rounding cuts applied:  7
Zero-half cuts applied:  18
Gomory fractional cuts applied:  2

Root node processing (before b&c):
  Real time             =   13.22 sec. (21849.49 ticks)
Parallel b&c, 20 threads:
  Real time             =    8.63 sec. (3895.29 ticks)
  Sync time (average)   =    4.22 sec.
  Wait time (average)   =    0.00 sec.
                          ------------
Total (root+branch&cut) =   21.85 sec. (25744.78 ticks)
Truck arcs:
0 12
1 4
4 7
5 10
7 5
8 11
10 8
11 13
12 1
customer 2 is served by drone
start of this sortie: 0
end of this sortie: 12

customer 3 is served by drone
start of this sortie: 11
end of this sortie: 13

customer 6 is served by drone
start of this sortie: 12
end of this sortie: 7

customer 9 is served by drone
start of this sortie: 7
end of this sortie: 11

43.0354
In write mode
