Instance name: /home/cuong/CLionProjects/uMV-FSTSP/rand_generated_instances/v92
Write arg val: 1

drone speed: 1 miles/minute
uav non-eligible customer: 7 10 11 14 
Printing tau:
0 7.79214 10.7564 7.29781 11.6966 1.67466 6.61151 8.22472 11.0831 5.19893 7.12007 8.07811 4.77025 0 
7.79214 0 18.5486 2.77522 10.8665 9.4668 11.6318 16.0169 18.8753 12.9911 12.103 8.48013 8.15944 7.79214 
10.7564 18.5486 0 18.0542 8.55307 9.08175 9.97661 9.66642 0.588396 5.55748 6.44557 10.0684 10.3891 10.7564 
7.29781 2.77522 18.0542 0 13.6417 8.97247 11.1375 15.5225 18.381 12.4967 11.6086 10.0232 7.66511 7.29781 
11.6966 10.8665 8.55307 13.6417 0 10.5716 18.3081 17.9979 8.91985 10.5897 4.57648 3.61844 16.4668 11.6966 
1.67466 9.4668 9.08175 8.97247 10.5716 0 7.73645 7.42626 9.40848 3.52427 5.99514 6.95317 5.89519 1.67466 
6.61151 11.6318 9.97661 11.1375 18.3081 7.73645 0 4.38502 9.38821 7.71832 13.7316 14.6896 3.47241 6.61151 
8.22472 16.0169 9.66642 15.5225 17.9979 7.42626 4.38502 0 9.07802 7.40813 13.4214 14.3794 7.85742 8.22472 
11.0831 18.8753 0.588396 18.381 8.91985 9.40848 9.38821 9.07802 0 5.88421 6.7723 10.3952 10.7158 11.0831 
5.19893 12.9911 5.55748 12.4967 10.5897 3.52427 7.71832 7.40813 5.88421 0 6.01326 6.9713 5.87706 5.19893 
7.12007 12.103 6.44557 11.6086 4.57648 5.99514 13.7316 13.4214 6.7723 6.01326 0 3.62285 11.8903 7.12007 
8.07811 8.48013 10.0684 10.0232 3.61844 6.95317 14.6896 14.3794 10.3952 6.9713 3.62285 0 12.8484 8.07811 
4.77025 8.15944 10.3891 7.66511 16.4668 5.89519 3.47241 7.85742 10.7158 5.87706 11.8903 12.8484 0 4.77025 
0 0 0 0 0 0 0 0 0 0 0 0 0 0 
Printing tau_prime:
0 3.69403 5.31297 3.56032 5.61078 0.95102 3.60418 4.88428 5.38612 2.50572 3.92368 3.82184 2.25537 0 
3.69403 0 8.82515 1.32885 6.96004 4.46486 6.50943 8.26501 8.94509 6.12544 6.4299 5.25878 4.66525 3.69403 
5.31297 8.82515 0 8.87134 5.62866 4.4095 5.72273 4.71049 0.317267 2.82786 3.51648 5.24056 6.22035 5.31297 
3.56032 1.32885 8.87134 0 7.83677 4.47041 5.69248 7.60008 8.9462 6.06415 6.94324 6.04131 3.85098 3.56032 
5.61078 6.96004 5.62866 7.83677 0 4.98974 8.66491 8.94652 5.93323 5.18794 2.37514 1.84929 7.81063 5.61078 
0.95102 4.46486 4.4095 4.47041 4.98974 0 3.78711 4.66792 4.50303 1.66138 3.08729 3.31059 2.84653 0.95102 
3.60418 6.50943 5.72273 5.69248 8.66491 3.78711 0 2.07228 5.58979 3.69444 6.47694 7.08235 1.8528 3.60418 
4.88428 8.26501 4.71049 7.60008 8.94652 4.66792 2.07228 0 4.48655 3.77229 6.59044 7.65318 3.77369 4.88428 
5.38612 8.94509 0.317267 8.9462 5.93323 4.50303 5.58979 4.48655 0 2.88338 3.79265 5.50079 6.17856 5.38612 
2.50572 6.12544 2.82786 6.06415 5.18794 1.66138 3.69444 3.77229 2.88338 0 2.86543 3.91429 3.58653 2.50572 
3.92368 6.4299 3.51648 6.94324 2.37514 3.08729 6.47694 6.59044 3.79265 2.86543 0 1.76653 5.90539 3.92368 
3.82184 5.25878 5.24056 6.04131 1.84929 3.31059 7.08235 7.65318 5.50079 3.91429 1.76653 0 6.05866 3.82184 
2.25537 4.66525 6.22035 3.85098 7.81063 2.84653 1.8528 3.77369 6.17856 3.58653 5.90539 6.05866 0 2.25537 
0 0 0 0 0 0 0 0 0 0 0 0 0 0 
Printing number of nodes: 13

Version identifier: 22.1.1.0 | 2022-11-28 | 9160aff4d
CPXPARAM_ClockType                               0
CPXPARAM_Emphasis_MIP                            2
CPXPARAM_MIP_Tolerances_Integrality              0
Tried aggregator 2 times.
MIP Presolve eliminated 3651 rows and 800 columns.
MIP Presolve modified 2677 coefficients.
Aggregator did 2 substitutions.
Reduced MIP has 22727 rows, 1927 columns, and 934453 nonzeros.
Reduced MIP has 1918 binaries, 0 generals, 0 SOSs, and 0 indicators.
Presolve time = 0.47 sec. (1303.90 ticks)
Found incumbent of value 127.774830 after 0.79 sec. (1944.50 ticks)
Probing fixed 207 vars, tightened 0 bounds.
Probing changed sense of 54 constraints.
Probing time = 0.22 sec. (391.28 ticks)
Tried aggregator 1 time.
MIP Presolve eliminated 75 rows and 261 columns.
MIP Presolve modified 166 coefficients.
Reduced MIP has 22652 rows, 1666 columns, and 933164 nonzeros.
Reduced MIP has 1657 binaries, 0 generals, 0 SOSs, and 0 indicators.
Presolve time = 0.37 sec. (879.26 ticks)
Probing time = 0.03 sec. (33.78 ticks)
Tried aggregator 1 time.
Detecting symmetries...
Reduced MIP has 22652 rows, 1666 columns, and 933164 nonzeros.
Reduced MIP has 1657 binaries, 0 generals, 0 SOSs, and 0 indicators.
Presolve time = 0.22 sec. (447.29 ticks)
Probing time = 0.02 sec. (32.07 ticks)
Clique table members: 457914.
MIP emphasis: optimality.
MIP search method: dynamic search.
Parallel mode: deterministic, using up to 20 threads.
Root relaxation solution time = 1.85 sec. (725.20 ticks)

        Nodes                                         Cuts/
   Node  Left     Objective  IInf  Best Integer    Best Bound    ItCnt     Gap

*     0+    0                          127.7748      -12.0000           109.39%
      0     0       47.1606   127      127.7748       47.1606     2602   63.09%
*     0+    0                          121.8647       47.1606            61.30%
      0     0       47.1971   125      121.8647      Cuts: 65     3697   61.27%
      0     0       47.2160   155      121.8647      Cuts: 22     4011   61.26%
      0     0       47.2212   163      121.8647      Cuts: 24     4162   61.25%
*     0+    0                           58.3108       47.2212            19.02%
*     0+    0                           53.1510       47.2212            11.16%
      0     0  -1.00000e+75     0       53.1510       47.2212     4162   11.16%
      0     0       47.2244   167       53.1510       Cuts: 9     4236   11.15%
      0     0       47.2312   135       53.1510       Cuts: 7     4353   11.14%
Detecting symmetries...
      0     0       47.2379   131       53.1510      Cuts: 14     4423   11.13%
      0     0       47.2396   128       53.1510       Cuts: 5     4451   11.12%
      0     0       47.2414   139       53.1510    MIRcuts: 3     4491   11.12%
*     0+    0                           49.0193       47.2414             3.63%
*     0+    0                           48.5574       47.2414             2.71%
Detecting symmetries...

Repeating presolve.
Tried aggregator 2 times.
MIP Presolve eliminated 19495 rows and 974 columns.
MIP Presolve modified 32180 coefficients.
Aggregator did 1 substitutions.
Reduced MIP has 3156 rows, 691 columns, and 50091 nonzeros.
Reduced MIP has 682 binaries, 0 generals, 0 SOSs, and 0 indicators.
Presolve time = 0.86 sec. (4872.59 ticks)
Probing changed sense of 32 constraints.
Probing time = 0.02 sec. (34.72 ticks)
Tried aggregator 1 time.
MIP Presolve eliminated 51 rows and 28 columns.
MIP Presolve modified 1890 coefficients.
Reduced MIP has 3105 rows, 663 columns, and 48419 nonzeros.
Reduced MIP has 654 binaries, 0 generals, 0 SOSs, and 0 indicators.
Presolve time = 0.03 sec. (127.92 ticks)
Probing time = 0.00 sec. (6.20 ticks)
Tried aggregator 1 time.
Detecting symmetries...
Reduced MIP has 3105 rows, 663 columns, and 48419 nonzeros.
Reduced MIP has 654 binaries, 0 generals, 0 SOSs, and 0 indicators.
Presolve time = 0.01 sec. (34.68 ticks)
Represolve time = 0.96 sec. (5115.19 ticks)
Probing time = 0.00 sec. (6.20 ticks)
Clique table members: 46448.
MIP emphasis: optimality.
MIP search method: dynamic search.
Parallel mode: deterministic, using up to 20 threads.
Root relaxation solution time = 0.09 sec. (148.81 ticks)

        Nodes                                         Cuts/
   Node  Left     Objective  IInf  Best Integer    Best Bound    ItCnt     Gap

*     0+    0                           48.5574       47.2414             2.71%
      0     0       47.2414   131       48.5574       47.2414     6271    2.71%
      0     0       47.2427   141       48.5574       Cuts: 8     6308    2.71%
      0     0       47.2449   145       48.5574      Cuts: 24     6348    2.70%
      0     0       47.2516   145       48.5574      Cuts: 23     6406    2.69%
      0     0       47.2536   146       48.5574       Cuts: 9     6449    2.69%
      0     0       47.2546   177       48.5574      Cuts: 14     6501    2.68%
Detecting symmetries...
*     0+    0                           48.3153       47.2546             2.20%
      0     0       47.2552   163       48.3153      Cuts: 10     6527    2.10%
      0     0       47.2561   191       48.3153       Cuts: 8     6554    2.10%
      0     0        cutoff             48.3153       48.3153     6554    0.00%
Elapsed time = 12.61 sec. (27095.42 ticks, tree = 0.01 MB, solutions = 7)

Clique cuts applied:  9
Flow cuts applied:  1
Mixed integer rounding cuts applied:  11
Zero-half cuts applied:  34
Gomory fractional cuts applied:  4

Root node processing (before b&c):
  Real time             =   12.61 sec. (27095.75 ticks)
Parallel b&c, 20 threads:
  Real time             =    0.00 sec. (0.00 ticks)
  Sync time (average)   =    0.00 sec.
  Wait time (average)   =    0.00 sec.
                          ------------
Total (root+branch&cut) =   12.61 sec. (27095.75 ticks)
Truck arcs:
0 12
2 10
5 13
6 7
7 8
8 2
10 11
11 5
12 6
customer 1 is served by drone
start of this sortie: 11
end of this sortie: 13

customer 3 is served by drone
start of this sortie: 0
end of this sortie: 7

customer 4 is served by drone
start of this sortie: 2
end of this sortie: 11

customer 9 is served by drone
start of this sortie: 7
end of this sortie: 2

48.3153
In write mode
