Instance name: /home/cuong/CLionProjects/uMV-FSTSP/rand_generated_instances/v94
Write arg val: 1

drone speed: 1 miles/minute
uav non-eligible customer: 4 12 14 
Printing tau:
0 5.71164 9.57541 10.7548 3.01953 8.96601 9.82121 7.22373 4.15482 1.70078 5.30196 6.98795 11.7104 0 
5.71164 0 3.99658 6.14218 7.63218 4.35335 5.00214 12.9354 9.86647 7.41242 11.0136 11.6006 7.09778 5.71164 
9.57541 3.99658 0 10.1388 8.03432 8.34993 1.00557 16.7991 13.7302 11.2762 14.8774 10.4515 11.0944 9.57541 
10.7548 6.14218 10.1388 0 13.7744 3.70734 11.1443 7.72172 13.3073 11.5023 13.7396 17.7428 1.45975 10.7548 
3.01953 7.63218 8.03432 13.7744 0 11.9855 8.28012 8.76482 5.69592 3.24188 6.84306 3.96843 14.73 3.01953 
8.96601 4.35335 8.34993 3.70734 11.9855 0 9.35549 11.4291 11.5185 9.71351 11.9508 15.954 2.74443 8.96601 
9.82121 5.00214 1.00557 11.1443 8.28012 9.35549 0 17.0449 13.976 11.522 15.1232 10.6973 12.0999 9.82121 
7.22373 12.9354 16.7991 7.72172 8.76482 11.4291 17.0449 0 5.79741 5.52295 6.22969 10.2329 9.18147 7.22373 
4.15482 9.86647 13.7302 13.3073 5.69592 11.5185 13.976 5.79741 0 2.45404 1.14714 4.43547 14.2629 4.15482 
1.70078 7.41242 11.2762 11.5023 3.24188 9.71351 11.522 5.52295 2.45404 0 3.60118 6.24045 12.4579 1.70078 
5.30196 11.0136 14.8774 13.7396 6.84306 11.9508 15.1232 6.22969 1.14714 3.60118 0 4.42585 14.6952 5.30196 
6.98795 11.6006 10.4515 17.7428 3.96843 15.954 10.6973 10.2329 4.43547 6.24045 4.42585 0 18.6984 6.98795 
11.7104 7.09778 11.0944 1.45975 14.73 2.74443 12.0999 9.18147 14.2629 12.4579 14.6952 18.6984 0 11.7104 
0 0 0 0 0 0 0 0 0 0 0 0 0 0 
Printing tau_prime:
0 3.46088 4.52323 5.07531 1.59809 4.66843 4.6334 3.73309 2.29868 0.875775 2.8682 3.31994 5.59697 0 
3.46088 0 2.62049 3.79791 4.09996 2.17157 3.05178 6.13179 5.74817 4.31214 6.30732 6.28884 3.78507 3.46088 
4.52323 2.62049 0 6.41516 4.15713 4.67996 0.487984 8.01557 6.64261 5.35437 7.21576 6.09291 6.34409 4.52323 
5.07531 3.79791 6.41516 0 6.51189 1.94046 6.84947 5.0777 6.64552 5.52043 7.03035 8.38908 0.82247 5.07531 
1.59809 4.09996 4.15713 6.51189 0 5.78794 4.09546 5.07862 2.69409 1.86618 3.22589 2.19045 6.94655 1.59809 
4.66843 2.17157 4.67996 1.94046 5.78794 0 5.14379 6.02502 6.70933 5.35899 7.19891 7.89303 1.67223 4.66843 
4.6334 3.05178 0.487984 6.84947 4.09546 5.14379 0 8.21569 6.6668 5.43414 7.23335 5.92495 6.80265 4.6334 
3.73309 6.13179 8.01557 5.0777 5.07862 6.02502 8.21569 0 3.09222 3.21256 3.07326 5.67654 5.88717 3.73309 
2.29868 5.74817 6.64261 6.64552 2.69409 6.70933 6.6668 3.09222 0 1.43607 0.577888 2.60014 7.31505 2.29868 
0.875775 4.31214 5.35437 5.52043 1.86618 5.35899 5.43414 3.21256 1.43607 0 1.99855 2.96735 6.12073 0.875775 
2.8682 6.30732 7.21576 7.03035 3.22589 7.19891 7.23335 3.07326 0.577888 1.99855 0 2.81321 7.72661 2.8682 
3.31994 6.28884 6.09291 8.38908 2.19045 7.89303 5.92495 5.67654 2.60014 2.96735 2.81321 0 8.91516 3.31994 
5.59697 3.78507 6.34409 0.82247 6.94655 1.67223 6.80265 5.88717 7.31505 6.12073 7.72661 8.91516 0 5.59697 
0 0 0 0 0 0 0 0 0 0 0 0 0 0 
Printing number of nodes: 13

Version identifier: 22.1.1.0 | 2022-11-28 | 9160aff4d
CPXPARAM_ClockType                               0
CPXPARAM_Emphasis_MIP                            2
CPXPARAM_MIP_Tolerances_Integrality              0
Tried aggregator 2 times.
MIP Presolve eliminated 1871 rows and 609 columns.
MIP Presolve modified 3321 coefficients.
Aggregator did 2 substitutions.
Reduced MIP has 24311 rows, 2118 columns, and 1018012 nonzeros.
Reduced MIP has 2108 binaries, 0 generals, 0 SOSs, and 0 indicators.
Presolve time = 0.49 sec. (1414.02 ticks)
Found incumbent of value 101.007790 after 0.86 sec. (2136.33 ticks)
Probing fixed 234 vars, tightened 0 bounds.
Probing changed sense of 40 constraints.
Probing time = 0.25 sec. (449.71 ticks)
Tried aggregator 1 time.
MIP Presolve eliminated 58 rows and 274 columns.
MIP Presolve modified 82 coefficients.
Reduced MIP has 24253 rows, 1844 columns, and 1016667 nonzeros.
Reduced MIP has 1834 binaries, 0 generals, 0 SOSs, and 0 indicators.
Presolve time = 0.41 sec. (955.55 ticks)
Probing time = 0.03 sec. (35.69 ticks)
Tried aggregator 1 time.
Detecting symmetries...
Reduced MIP has 24253 rows, 1844 columns, and 1016667 nonzeros.
Reduced MIP has 1834 binaries, 0 generals, 0 SOSs, and 0 indicators.
Presolve time = 0.22 sec. (489.81 ticks)
Probing time = 0.02 sec. (33.40 ticks)
Clique table members: 501191.
MIP emphasis: optimality.
MIP search method: dynamic search.
Parallel mode: deterministic, using up to 20 threads.
Root relaxation solution time = 0.94 sec. (483.63 ticks)

        Nodes                                         Cuts/
   Node  Left     Objective  IInf  Best Integer    Best Bound    ItCnt     Gap

*     0+    0                          101.0078       -6.5984           106.53%
      0     0       42.7752    79      101.0078       42.7752     1722   57.65%
*     0+    0                           50.6287       42.7752            15.51%
      0     0       42.7753   155       50.6287      Cuts: 37     2330   15.51%
*     0+    0                           49.5800       42.7753            13.72%
*     0+    0                           48.6083       42.7753            12.00%
*     0+    0                           47.9588       42.7753            10.81%
Detecting symmetries...
      0     2       42.7752    71       47.9588       42.7753     2330   10.81%
Elapsed time = 6.04 sec. (10767.13 ticks, tree = 0.02 MB, solutions = 5)
      1     3       42.7752    94       47.9588       42.7753     3359   10.81%
      2     4       42.7752    68       47.9588       42.7753     3642   10.81%
      3     5       42.7909   100       47.9588       42.7753     4263   10.81%
      6     5       42.7752    72       47.9588       42.7753     4346   10.81%
     12     7       43.7047   201       47.9588       42.7753     5403   10.81%
*    13+    9                           47.5985       42.7753            10.13%
*    19+   12                           47.5874       42.7753            10.11%
*    34+   18                           46.8387       42.7753             8.68%
     46    17        cutoff             46.8387       42.7753    10367    8.68%
     64    19       46.0434    35       46.8387       42.7753    14237    8.68%
     94    18        cutoff             46.8387       42.7753    18358    8.68%
    110    14       45.8539    68       46.8387       42.7753    21273    8.68%
    121    20       46.5713    29       46.8387       42.7753    27973    8.68%
Elapsed time = 13.46 sec. (14653.22 ticks, tree = 0.40 MB, solutions = 11)
    230    29       45.3272    55       46.8387       42.7753    35250    8.68%
*   310    54      integral     0       46.3913       42.7753    44480    7.79%
*   324+   50                           44.9617       42.7753             4.86%
*   373    84      integral     0       43.0832       42.7753    53746    0.71%
    381    84       43.9149   216       43.0832       42.7753    53079    0.71%
    474    12        cutoff             43.0832       42.7753    68527    0.71%

Cover cuts applied:  8
Flow cuts applied:  1
Zero-half cuts applied:  6
Lift and project cuts applied:  1
Gomory fractional cuts applied:  3

Root node processing (before b&c):
  Real time             =    5.95 sec. (10660.84 ticks)
Parallel b&c, 20 threads:
  Real time             =   15.36 sec. (7283.25 ticks)
  Sync time (average)   =    8.76 sec.
  Wait time (average)   =    0.00 sec.
                          ------------
Total (root+branch&cut) =   21.31 sec. (17944.09 ticks)
Truck arcs:
0 4
1 13
3 12
4 9
5 1
7 3
8 10
9 8
10 7
12 5
customer 2 is served by drone
start of this sortie: 10
end of this sortie: 5

customer 6 is served by drone
start of this sortie: 5
end of this sortie: 13

customer 11 is served by drone
start of this sortie: 0
end of this sortie: 10

43.0832
In write mode
