Instance name: /home/cuong/CLionProjects/uMV-FSTSP/rand_generated_instances/v98
Write arg val: 1

drone speed: 1 miles/minute
uav non-eligible customer: 14 
Printing tau:
0 5.99929 7.16382 6.44951 7.01833 11.1574 5.21165 6.89171 3.78356 12.0364 4.71502 3.2537 9.73471 0 
5.99929 0 4.70221 7.47867 5.98916 5.15815 6.24082 7.92087 6.75125 6.03715 3.34857 5.69185 8.70555 5.99929 
7.16382 4.70221 0 7.48165 10.6914 3.99362 6.38351 6.28715 7.91578 6.25636 2.44879 6.85638 13.4078 7.16382 
6.44951 7.47867 7.48165 0 13.4678 11.4753 1.23786 1.1945 10.2331 12.3543 5.03286 3.19581 16.1842 6.44951 
7.01833 5.98916 10.6914 13.4678 0 8.90498 12.23 13.91 3.23477 9.78398 9.33774 10.272 3.07236 7.01833 
11.1574 5.15815 3.99362 11.4753 8.90498 0 10.3771 10.2808 11.9094 3.37359 6.44241 10.85 10.525 11.1574 
5.21165 6.24082 6.38351 1.23786 12.23 10.3771 0 1.68006 8.99521 11.2561 3.93472 1.95795 14.9464 5.21165 
6.89171 7.92087 6.28715 1.1945 13.91 10.2808 1.68006 0 10.6753 11.1598 4.5723 3.63801 16.6264 6.89171 
3.78356 6.75125 7.91578 10.2331 3.23477 11.9094 8.99521 10.6753 0 12.7884 6.10297 7.03726 6.07678 3.78356 
12.0364 6.03715 6.25636 12.3543 9.78398 3.37359 11.2561 11.1598 12.7884 0 7.32141 11.729 7.1514 12.0364 
4.71502 3.34857 2.44879 5.03286 9.33774 6.44241 3.93472 4.5723 6.10297 7.32141 0 4.40759 12.0541 4.71502 
3.2537 5.69185 6.85638 3.19581 10.272 10.85 1.95795 3.63801 7.03726 11.729 4.40759 0 12.9884 3.2537 
9.73471 8.70555 13.4078 16.1842 3.07236 10.525 14.9464 16.6264 6.07678 7.1514 12.0541 12.9884 0 9.73471 
0 0 0 0 0 0 0 0 0 0 0 0 0 0 
Printing tau_prime:
0 2.8694 3.79507 3.04402 3.47469 5.27284 2.48418 3.27496 1.81847 5.80324 2.47705 1.54064 5.23064 0 
2.8694 0 2.28361 4.61487 3.33029 2.57841 3.83509 4.44676 3.43725 2.93873 1.69065 3.35791 4.11613 2.8694 
3.79507 2.28361 0 3.76191 5.54631 2.32185 3.09539 3.3296 5.12642 3.73822 1.319 3.23817 6.37966 3.79507 
3.04402 4.61487 3.76191 0 6.46339 6.03156 0.780059 0.60044 4.82825 7.21449 3.06911 1.53508 8.07972 3.04402 
3.47469 3.33029 5.54631 6.46339 0 5.58317 5.80689 6.58925 2.08115 5.06394 4.55235 4.92832 1.93323 3.47469 
5.27284 2.57841 2.32185 6.03156 5.58317 0 5.31734 5.63563 6.01394 1.64342 3.12136 5.24491 5.67245 5.27284 
2.48418 3.83509 3.09539 0.780059 5.80689 5.31734 0 0.793288 4.30146 6.45432 2.30203 0.949525 7.36427 2.48418 
3.27496 4.44676 3.3296 0.60044 6.58925 5.63563 0.793288 0 5.0906 6.90115 2.81421 1.73584 8.11342 3.27496 
1.81847 3.43725 5.12642 4.82825 2.08115 6.01394 4.30146 5.0906 0 6.055 3.86247 3.35477 4.00953 1.81847 
5.80324 2.93873 3.73822 7.21449 5.06394 1.64342 6.45432 6.90115 6.055 0 4.15371 6.17594 4.62333 5.80324 
2.47705 1.69065 1.319 3.06911 4.55235 3.12136 2.30203 2.81421 3.86247 4.15371 0 2.12392 5.68963 2.47705 
1.54064 3.35791 3.23817 1.53508 4.92832 5.24491 0.949525 1.73584 3.35477 6.17594 2.12392 0 6.56375 1.54064 
5.23064 4.11613 6.37966 8.07972 1.93323 5.67245 7.36427 8.11342 4.00953 4.62333 5.68963 6.56375 0 5.23064 
0 0 0 0 0 0 0 0 0 0 0 0 0 0 
Printing number of nodes: 13

Version identifier: 22.1.1.0 | 2022-11-28 | 9160aff4d
CPXPARAM_ClockType                               0
CPXPARAM_Emphasis_MIP                            2
CPXPARAM_MIP_Tolerances_Integrality              0
Tried aggregator 1 time.
MIP Presolve eliminated 362 rows and 237 columns.
MIP Presolve modified 4187 coefficients.
Reduced MIP has 25430 rows, 2492 columns, and 1093095 nonzeros.
Reduced MIP has 2480 binaries, 0 generals, 0 SOSs, and 0 indicators.
Presolve time = 0.51 sec. (1528.96 ticks)
Found incumbent of value 103.019810 after 0.92 sec. (2354.85 ticks)
Probing fixed 284 vars, tightened 0 bounds.
Probing time = 0.31 sec. (559.78 ticks)
Tried aggregator 1 time.
MIP Presolve eliminated 12 rows and 284 columns.
MIP Presolve modified 104 coefficients.
Reduced MIP has 25418 rows, 2208 columns, and 1091703 nonzeros.
Reduced MIP has 2196 binaries, 0 generals, 0 SOSs, and 0 indicators.
Presolve time = 0.30 sec. (828.19 ticks)
Probing time = 0.03 sec. (36.51 ticks)
Tried aggregator 1 time.
Detecting symmetries...
Reduced MIP has 25418 rows, 2208 columns, and 1091703 nonzeros.
Reduced MIP has 2196 binaries, 0 generals, 0 SOSs, and 0 indicators.
Presolve time = 0.25 sec. (540.02 ticks)
Probing time = 0.03 sec. (36.60 ticks)
Clique table members: 541024.
MIP emphasis: optimality.
MIP search method: dynamic search.
Parallel mode: deterministic, using up to 20 threads.
Root relaxation solution time = 2.09 sec. (965.69 ticks)

        Nodes                                         Cuts/
   Node  Left     Objective  IInf  Best Integer    Best Bound    ItCnt     Gap

*     0+    0                          103.0198      -12.0000           111.65%
      0     0       33.8329   157      103.0198       33.8329       18   67.16%
*     0+    0                           41.2744       33.8329            18.03%
      0     0       34.1014   173       41.2744      Cuts: 92      887   17.38%
      0     0       34.4983   179       41.2744      Cuts: 16     1549   16.42%
      0     0       34.5491   192       41.2744      Cuts: 10     1678   16.29%
*     0+    0                           40.2744       34.5491            14.22%
      0     0  -1.00000e+75     0       40.2744       34.5491     1678   14.22%
      0     0       34.5610   220       40.2744       Cuts: 9     1735   14.19%
      0     0       34.5676   292       40.2744       Cuts: 7     1811   14.17%
Detecting symmetries...
      0     0       34.5882   190       40.2744       Cuts: 9     1904   14.12%
      0     0       34.6068   197       40.2744   ZeroHalf: 4     1986   14.07%
      0     0       34.6237   216       40.2744      Cuts: 11     2085   14.03%
      0     0       34.6559   203       40.2744   ZeroHalf: 2     2221   13.95%
      0     0       34.6640   208       40.2744       Cuts: 4     2295   13.93%
      0     0       34.6717   275       40.2744       Cuts: 4     2352   13.91%
*     0+    0                           40.0826       34.6717            13.50%
*     0+    0                           39.9699       34.6717            13.26%
*     0+    0                           38.6156       34.6717            10.21%
Detecting symmetries...
      0     2       34.6717   213       38.6156       34.6717     2352   10.21%
Elapsed time = 14.15 sec. (22119.52 ticks, tree = 0.02 MB, solutions = 6)
      2     3       34.8063   372       38.6156       34.6717     2690   10.21%
      3     4       35.0262   174       38.6156       34.6717     3008   10.21%
      7     8       35.2745   165       38.6156       34.8064     4348    9.86%
     12    10       35.5213   152       38.6156       34.8064     4688    9.86%
     21    22       36.4137   312       38.6156       34.8064     7294    9.86%
     42    29       37.7314   157       38.6156       34.8064     8331    9.86%
*    51+   17                           37.5203       34.8064             7.23%
     64    19       37.3748    46       37.5203       34.8064     6548    7.23%
     92    48       36.2643   312       37.5203       35.2323    14373    6.10%
    104    35       37.7360    45       37.5203       35.2323    11619    6.10%
    152    82       37.1741   288       37.5203       35.2468    31565    6.06%
Elapsed time = 27.48 sec. (25638.94 ticks, tree = 0.69 MB, solutions = 9)
    300   103       37.2990    84       37.5203       35.2468    44643    6.06%
    480   126       36.3042   239       37.5203       35.2468    73875    6.06%
    718   112        cutoff             37.5203       35.2468    88400    6.06%
*   726   109      integral     0       37.4350       35.2468    93684    5.85%
*   759   102      integral     0       37.3748       35.2468    95486    5.69%
    945    67        cutoff             37.3748       35.9698   111283    3.76%
   1028    15        cutoff             37.3748       36.6149   130681    2.03%
   1077     7       37.0457    88       37.3748       36.8162   135580    1.49%

Clique cuts applied:  17
Implied bound cuts applied:  4
Flow cuts applied:  2
Mixed integer rounding cuts applied:  4
Zero-half cuts applied:  27
Gomory fractional cuts applied:  3

Root node processing (before b&c):
  Real time             =   13.98 sec. (21876.15 ticks)
Parallel b&c, 20 threads:
  Real time             =   37.95 sec. (9787.35 ticks)
  Sync time (average)   =   15.85 sec.
  Wait time (average)   =    0.00 sec.
                          ------------
Total (root+branch&cut) =   51.92 sec. (31663.49 ticks)
Truck arcs:
0 8
1 2
2 10
3 6
4 1
6 11
7 3
8 4
10 7
11 13
customer 5 is served by drone
start of this sortie: 10
end of this sortie: 11

customer 9 is served by drone
start of this sortie: 1
end of this sortie: 10

customer 12 is served by drone
start of this sortie: 0
end of this sortie: 1

37.3748
In write mode
