Instance name: /home/cuong/CLionProjects/uMV-FSTSP/rand_generated_instances/v99
Write arg val: 1

drone speed: 1 miles/minute
uav non-eligible customer: 5 7 8 11 12 14 
Printing tau:
0 5.09162 14.1405 4.57261 5.11075 8.90733 8.16416 1.84747 9.71225 5.01249 1.04608 10.8242 6.69135 0 
5.09162 0 19.2321 8.62502 10.2024 11.1194 13.2558 4.05167 11.6103 9.37306 5.40665 15.9158 9.46138 5.09162 
14.1405 19.2321 0 10.6071 9.02972 8.11271 5.9763 15.9879 7.62179 15.7413 14.6604 3.31631 9.7707 14.1405 
4.57261 8.62502 10.6071 0 4.68558 4.33472 5.11511 5.38087 5.13964 9.5851 5.61869 7.29075 2.11874 4.57261 
5.11075 10.2024 9.02972 4.68558 0 9.0203 3.05341 6.95822 9.82522 6.7116 5.63064 5.71341 6.80432 5.11075 
8.90733 11.1194 8.11271 4.33472 9.0203 0 9.44983 8.59843 0.804919 13.9198 9.95341 4.7964 2.21598 8.90733 
8.16416 13.2558 5.9763 5.11511 3.05341 9.44983 0 10.0116 10.2548 9.76501 8.68405 5.50247 7.23385 8.16416 
1.84747 4.05167 15.9879 5.38087 6.95822 8.59843 10.0116 0 9.40335 5.32139 1.35498 12.6716 6.38245 1.84747 
9.71225 11.6103 7.62179 5.13964 9.82522 0.804919 10.2548 9.40335 0 14.7247 10.7583 4.75228 3.0209 9.71225 
5.01249 9.37306 15.7413 9.5851 6.7116 13.9198 9.76501 5.32139 14.7247 0 3.96641 12.425 11.7038 5.01249 
1.04608 5.40665 14.6604 5.61869 5.63064 9.95341 8.68405 1.35498 10.7583 3.96641 0 11.344 7.73743 1.04608 
10.8242 15.9158 3.31631 7.29075 5.71341 4.7964 5.50247 12.6716 4.75228 12.425 11.344 0 6.45439 10.8242 
6.69135 9.46138 9.7707 2.11874 6.80432 2.21598 7.23385 6.38245 3.0209 11.7038 7.73743 6.45439 0 6.69135 
0 0 0 0 0 0 0 0 0 0 0 0 0 0 
Printing tau_prime:
0 3.16014 6.75949 2.72412 2.40982 5.07005 3.85711 0.882995 5.51404 2.48049 0.550671 5.61276 3.76738 0 
3.16014 0 9.11413 4.0671 5.25147 5.66301 6.66259 2.44679 6.02659 4.71498 3.33775 7.50808 4.59348 3.16014 
6.75949 9.11413 0 5.10611 4.41566 4.90911 3.13567 7.59964 4.98625 8.19769 7.09696 1.98125 5.03479 6.75949 
2.72412 4.0671 5.10611 0 2.3306 2.35757 3.25263 3.23635 2.80189 5.12585 3.26595 3.44174 1.07379 2.72412 
2.40982 5.25147 4.41566 2.3306 0 4.27413 1.45356 3.28616 4.67897 3.91722 2.69051 3.60178 3.22655 2.40982 
5.07005 5.66301 4.90911 2.35757 4.27413 0 4.56712 5.49651 0.444444 7.48268 5.61629 2.92829 1.30465 5.07005 
3.85711 6.66259 3.13567 3.25263 1.45356 4.56712 0 4.73656 4.89597 5.06263 4.10058 2.88108 3.85071 3.85711 
0.882995 2.44679 7.59964 3.23635 3.28616 5.49651 4.73656 0 5.93324 2.51122 0.894234 6.36313 4.20026 0.882995 
5.51404 6.02659 4.98625 2.80189 4.67897 0.444444 4.89597 5.93324 0 7.92667 6.06049 3.02292 1.74761 5.51404 
2.48049 4.71498 8.19769 5.12585 3.91722 7.48268 5.06263 2.51122 7.92667 0 1.93797 7.51045 6.19369 2.48049 
0.550671 3.33775 7.09696 3.26595 2.69051 5.61629 4.10058 0.894234 6.06049 1.93797 0 6.0509 4.31475 0.550671 
5.61276 7.50808 1.98125 3.44174 3.60178 2.92829 2.88108 6.36313 3.02292 7.51045 6.0509 0 3.15019 5.61276 
3.76738 4.59348 5.03479 1.07379 3.22655 1.30465 3.85071 4.20026 1.74761 6.19369 4.31475 3.15019 0 3.76738 
0 0 0 0 0 0 0 0 0 0 0 0 0 0 
Printing number of nodes: 13

Version identifier: 22.1.1.0 | 2022-11-28 | 9160aff4d
CPXPARAM_ClockType                               0
CPXPARAM_Emphasis_MIP                            2
CPXPARAM_MIP_Tolerances_Integrality              0
Tried aggregator 2 times.
MIP Presolve eliminated 7852 rows and 1191 columns.
MIP Presolve modified 2377 coefficients.
Aggregator did 2 substitutions.
Reduced MIP has 18918 rows, 1536 columns, and 749768 nonzeros.
Reduced MIP has 1529 binaries, 0 generals, 0 SOSs, and 0 indicators.
Presolve time = 0.35 sec. (835.83 ticks)
Found incumbent of value 121.059720 after 0.60 sec. (1349.22 ticks)
Probing fixed 160 vars, tightened 0 bounds.
Probing changed sense of 70 constraints.
Probing time = 0.29 sec. (263.61 ticks)
Tried aggregator 1 time.
MIP Presolve eliminated 97 rows and 230 columns.
Reduced MIP has 18821 rows, 1306 columns, and 748644 nonzeros.
Reduced MIP has 1299 binaries, 0 generals, 0 SOSs, and 0 indicators.
Presolve time = 0.22 sec. (511.02 ticks)
Probing time = 0.02 sec. (30.42 ticks)
Tried aggregator 1 time.
Detecting symmetries...
Reduced MIP has 18821 rows, 1306 columns, and 748644 nonzeros.
Reduced MIP has 1299 binaries, 0 generals, 0 SOSs, and 0 indicators.
Presolve time = 0.16 sec. (357.69 ticks)
Probing time = 0.02 sec. (28.70 ticks)
Clique table members: 353699.
MIP emphasis: optimality.
MIP search method: dynamic search.
Parallel mode: deterministic, using up to 20 threads.
Root relaxation solution time = 0.23 sec. (253.08 ticks)

        Nodes                                         Cuts/
   Node  Left     Objective  IInf  Best Integer    Best Bound    ItCnt     Gap

*     0+    0                          121.0597      -12.0000           109.91%
      0     0       35.4980    70      121.0597       35.4980      920   70.68%
*     0+    0                           39.0703       35.4980             9.14%
      0     0       35.4980    79       39.0703       Cuts: 2     1125    9.14%
*     0+    0                           38.7921       35.4980             8.49%
      0     0       35.4980    52       38.7921      Fract: 2     1138    8.49%
Detecting symmetries...

Repeating presolve.
Tried aggregator 2 times.
MIP Presolve eliminated 8575 rows and 606 columns.
MIP Presolve modified 23997 coefficients.
Aggregator did 3 substitutions.
Reduced MIP has 10237 rows, 697 columns, and 201362 nonzeros.
Reduced MIP has 690 binaries, 0 generals, 0 SOSs, and 0 indicators.
Presolve time = 0.99 sec. (5034.29 ticks)
Probing fixed 14 vars, tightened 0 bounds.
Probing changed sense of 11 constraints.
Probing time = 0.04 sec. (41.03 ticks)
Tried aggregator 1 time.
MIP Presolve eliminated 3504 rows and 50 columns.
MIP Presolve modified 13777 coefficients.
Reduced MIP has 6733 rows, 647 columns, and 126572 nonzeros.
Reduced MIP has 640 binaries, 0 generals, 0 SOSs, and 0 indicators.
Presolve time = 0.20 sec. (984.85 ticks)
Probing time = 0.01 sec. (12.09 ticks)
Tried aggregator 1 time.
Detecting symmetries...
MIP Presolve eliminated 26 rows and 2 columns.
MIP Presolve modified 55 coefficients.
Reduced MIP has 6707 rows, 645 columns, and 126443 nonzeros.
Reduced MIP has 638 binaries, 0 generals, 0 SOSs, and 0 indicators.
Presolve time = 0.08 sec. (212.76 ticks)
Represolve time = 1.37 sec. (6344.44 ticks)
Probing time = 0.09 sec. (12.23 ticks)
Clique table members: 82740.
MIP emphasis: optimality.
MIP search method: dynamic search.
Parallel mode: deterministic, using up to 20 threads.
Root relaxation solution time = 0.08 sec. (81.72 ticks)

        Nodes                                         Cuts/
   Node  Left     Objective  IInf  Best Integer    Best Bound    ItCnt     Gap

*     0+    0                           38.7921       35.4980             8.49%
      0     0       35.4980    84       38.7921       35.4980     1906    8.49%
*     0+    0                           37.4685       35.4980             5.26%
      0     0       35.4980    32       37.4685    MIRcuts: 1     1916    5.26%
*     0+    0                           36.7850       35.4980             3.50%
      0     0       35.4980    51       36.7850      Cuts: 10     1997    3.50%
      0     0       35.4980    29       36.7850    MIRcuts: 1     1998    3.50%
      0     0       35.4980    40       36.7850    GUBcuts: 1     2018    3.50%
Detecting symmetries...
      0     2       35.4980    40       36.7850       35.4980     2018    3.50%
Elapsed time = 5.74 sec. (12668.64 ticks, tree = 0.02 MB, solutions = 5)
*    14+    3                           36.7349       35.4980             3.37%
*    35+   13                           36.5104       35.4980             2.77%
     55    15        cutoff             36.5104       35.4980     6683    2.77%
*   158    31      integral     0       36.3405       35.4980    10789    2.32%
    332     2        cutoff             36.3405       36.0110    21298    0.91%

GUB cover cuts applied:  2
Cover cuts applied:  42
Mixed integer rounding cuts applied:  3
Zero-half cuts applied:  1
Lift and project cuts applied:  2
Gomory fractional cuts applied:  2

Root node processing (before b&c):
  Real time             =    5.73 sec. (12665.14 ticks)
Parallel b&c, 20 threads:
  Real time             =    0.71 sec. (494.30 ticks)
  Sync time (average)   =    0.42 sec.
  Wait time (average)   =    0.00 sec.
                          ------------
Total (root+branch&cut) =    6.44 sec. (13159.44 ticks)
Truck arcs:
0 10
3 12
4 13
5 8
6 4
7 3
8 11
10 7
11 6
12 5
customer 1 is served by drone
start of this sortie: 0
end of this sortie: 12

customer 2 is served by drone
start of this sortie: 5
end of this sortie: 6

customer 9 is served by drone
start of this sortie: 6
end of this sortie: 13

36.3405
In write mode
