Instance name: /home/cuong/CLionProjects/uMV-FSTSP/50_dis_rand_ins/v12
Write arg val: 1

drone speed: 1 miles/minute
uav non-eligible customer: 4 11 
Printing tau:
0 16.0912 57.6649 43.9061 43.0253 47.9445 36.012 65.9837 51.1425 97.7602 83.5259 0 
16.0912 0 73.7561 50.9056 50.0249 54.9441 43.0116 49.8926 49.778 104.76 90.5254 16.0912 
57.6649 73.7561 0 30.1315 40.1156 70.8681 45.6403 123.649 108.807 68.4686 51.0736 57.6649 
43.9061 50.9056 30.1315 0 9.98411 40.7366 15.5089 93.5171 78.6759 53.8541 39.6198 43.9061 
43.0253 50.0249 40.1156 9.98411 0 30.7525 7.0133 83.533 68.6918 54.7349 40.5005 43.0253 
47.9445 54.9441 70.8681 40.7366 30.7525 0 25.2278 52.7805 37.9393 49.8157 35.5813 47.9445 
36.012 43.0116 45.6403 15.5089 7.0133 25.2278 0 78.0083 63.1671 61.7482 47.5138 36.012 
65.9837 49.8926 123.649 93.5171 83.533 52.7805 78.0083 0 14.8412 56.0321 72.575 65.9837 
51.1425 49.778 108.807 78.6759 68.6918 37.9393 63.1671 14.8412 0 54.9818 57.7338 51.1425 
97.7602 104.76 68.4686 53.8541 54.7349 49.8157 61.7482 56.0321 54.9818 0 17.3949 97.7602 
83.5259 90.5254 51.0736 39.6198 40.5005 35.5813 47.5138 72.575 57.7338 17.3949 0 83.5259 
0 0 0 0 0 0 0 0 0 0 0 0 
Printing tau_prime:
0 4.65301 18.0335 13.7422 12.3214 13.1865 10.0674 20.7017 17.6799 26.0804 22.217 0 
4.65301 0 22.6458 17.7769 15.9852 14.5894 13.6257 18.4926 16.1434 27.814 24.7462 4.65301 
18.0335 22.6458 0 8.25663 10.7967 19.0544 12.1022 32.8218 28.907 24.4406 18.4896 18.0335 
13.7422 17.7769 8.25663 0 2.65772 10.8549 4.61448 24.8042 20.8643 17.529 11.8831 13.7422 
12.3214 15.9852 10.7967 2.65772 0 8.25816 2.36739 22.1527 18.2148 16.3454 11.1255 12.3214 
13.1865 14.5894 19.0544 10.8549 8.25816 0 7.40007 14.0923 10.153 13.2247 10.7967 13.1865 
10.0674 13.6257 12.1022 4.61448 2.36739 7.40007 0 20.7405 16.8455 17.4566 12.6811 10.0674 
20.7017 18.4926 32.8218 24.8042 22.1527 14.0923 20.7405 0 3.94521 20.8529 22.2078 20.7017 
17.6799 16.1434 28.907 20.8643 18.2148 10.153 16.8455 3.94521 0 18.0823 18.7379 17.6799 
26.0804 27.814 24.4406 17.529 16.3454 13.2247 17.4566 20.8529 18.0823 0 5.96003 26.0804 
22.217 24.7462 18.4896 11.8831 11.1255 10.7967 12.6811 22.2078 18.7379 5.96003 0 22.217 
0 0 0 0 0 0 0 0 0 0 0 0 
Printing number of nodes: 11

Version identifier: 22.1.1.0 | 2022-11-28 | 9160aff4d
CPXPARAM_ClockType                               0
CPXPARAM_Emphasis_MIP                            2
CPXPARAM_MIP_Tolerances_Integrality              0
Tried aggregator 3 times.
MIP Presolve eliminated 955 rows and 1386 columns.
MIP Presolve modified 590 coefficients.
Aggregator did 47 substitutions.
Reduced MIP has 5129 rows, 282 columns, and 148203 nonzeros.
Reduced MIP has 274 binaries, 0 generals, 0 SOSs, and 0 indicators.
Presolve time = 0.12 sec. (357.17 ticks)
Found incumbent of value 628.296700 after 0.22 sec. (547.43 ticks)
Probing fixed 127 vars, tightened 0 bounds.
Probing changed sense of 41 constraints.
Probing time = 0.01 sec. (10.84 ticks)
Tried aggregator 1 time.
MIP Presolve eliminated 2882 rows and 138 columns.
MIP Presolve added 2 rows and 0 columns.
MIP Presolve modified 115 coefficients.
Reduced MIP has 2244 rows, 144 columns, and 61002 nonzeros.
Reduced MIP has 141 binaries, 0 generals, 0 SOSs, and 0 indicators.
Presolve time = 0.04 sec. (119.79 ticks)
Probing changed sense of 7 constraints.
Probing time = 0.01 sec. (10.49 ticks)
Tried aggregator 1 time.
Detecting symmetries...
MIP Presolve eliminated 23 rows and 14 columns.
MIP Presolve modified 4 coefficients.
Reduced MIP has 2221 rows, 130 columns, and 60921 nonzeros.
Reduced MIP has 129 binaries, 0 generals, 0 SOSs, and 0 indicators.
Presolve time = 0.03 sec. (98.87 ticks)
Probing time = 0.00 sec. (7.14 ticks)
Clique table members: 4129.
MIP emphasis: optimality.
MIP search method: dynamic search.
Parallel mode: deterministic, using up to 20 threads.
Root relaxation solution time = 0.01 sec. (11.16 ticks)

        Nodes                                         Cuts/
   Node  Left     Objective  IInf  Best Integer    Best Bound    ItCnt     Gap

*     0+    0                          628.2967       32.1824            94.88%
      0     0      289.4162    26      628.2967      289.4162       65   53.94%
*     0+    0                          452.8606      289.4162            36.09%
*     0+    0                          290.6738      289.4162             0.43%
      0     0        cutoff            290.6738      290.6738       81    0.00%
Elapsed time = 0.35 sec. (881.33 ticks, tree = 0.01 MB, solutions = 3)

Clique cuts applied:  19
Implied bound cuts applied:  2
Zero-half cuts applied:  2
Lift and project cuts applied:  2
Gomory fractional cuts applied:  2

Root node processing (before b&c):
  Real time             =    0.35 sec. (881.58 ticks)
Parallel b&c, 20 threads:
  Real time             =    0.00 sec. (0.00 ticks)
  Sync time (average)   =    0.00 sec.
  Wait time (average)   =    0.00 sec.
                          ------------
Total (root+branch&cut) =    0.35 sec. (881.58 ticks)
Truck arcs:
0 6
1 11
2 10
3 2
4 3
6 4
7 1
8 7
9 8
10 9
290.674
In write mode
