Instance name: /home/cuong/CLionProjects/uMV-FSTSP/50_dis_rand_ins/v2
Write arg val: 1

drone speed: 1 miles/minute
uav non-eligible customer: 1 11 
Printing tau:
0 5.23944 66.678 63.4765 38.9273 43.7652 35.5357 61.1051 47.2733 95.7968 96.9868 0 
5.23944 0 66.37 58.6418 33.6878 38.5258 30.2962 55.8656 42.0339 90.5574 91.7473 5.23944 
66.678 66.37 0 15.6742 47.4463 49.9548 53.8462 91.4226 85.6751 47.9946 49.1845 66.678 
63.4765 58.6418 15.6742 0 39.7181 42.2266 46.118 83.6944 77.9469 38.3447 33.5103 63.4765 
38.9273 33.6878 47.4463 39.7181 0 4.83792 6.3999 43.9763 38.2288 56.8695 58.0595 38.9273 
43.7652 38.5258 49.9548 42.2266 4.83792 0 8.22955 41.4678 35.7203 52.0316 53.2215 43.7652 
35.5357 30.2962 53.8462 46.118 6.3999 8.22955 0 37.5764 31.8289 60.2612 61.4511 35.5357 
61.1051 55.8656 91.4226 83.6944 43.9763 41.4678 37.5764 0 13.8318 45.3497 54.3286 61.1051 
47.2733 42.0339 85.6751 77.9469 38.2288 35.7203 31.8289 13.8318 0 48.5235 49.7134 47.2733 
95.7968 90.5574 47.9946 38.3447 56.8695 52.0316 60.2612 45.3497 48.5235 0 8.9789 95.7968 
96.9868 91.7473 49.1845 33.5103 58.0595 53.2215 61.4511 54.3286 49.7134 8.9789 0 96.9868 
0 0 0 0 0 0 0 0 0 0 0 0 
Printing tau_prime:
0 1.39172 21.7549 22.9706 11.5131 12.4234 10.0183 17.481 13.5095 25.9829 26.8873 0 
1.39172 0 20.907 21.9149 10.2457 11.1043 8.69283 16.235 12.2652 24.6084 25.5367 1.39172 
21.7549 20.907 0 4.634 12.7993 13.2894 14.6439 24.4974 22.7185 17.6413 16.3353 21.7549 
22.9706 21.9149 4.634 0 12.3812 12.3569 14.2982 22.2017 21.1106 13.2978 11.8148 22.9706 
11.5131 10.2457 12.7993 12.3812 0 1.44504 1.92061 13.0599 10.3757 15.0842 15.6382 11.5131 
12.4234 11.1043 13.2894 12.3569 1.44504 0 2.41386 11.9184 9.51734 13.8353 14.5187 12.4234 
10.0183 8.69283 14.6439 14.2982 1.92061 2.41386 0 12.052 8.99551 16.1116 16.8893 10.0183 
17.481 16.235 24.4974 22.2017 13.0599 11.9184 12.052 0 3.97175 15.1402 17.2644 17.481 
13.5095 12.2652 22.7185 21.1106 10.3757 9.51734 8.99551 3.97175 0 16.608 18.4314 13.5095 
25.9829 24.6084 17.6413 13.2978 15.0842 13.8353 16.1116 15.1402 16.608 0 2.40171 25.9829 
26.8873 25.5367 16.3353 11.8148 15.6382 14.5187 16.8893 17.2644 18.4314 2.40171 0 26.8873 
0 0 0 0 0 0 0 0 0 0 0 0 
Printing number of nodes: 11

Version identifier: 22.1.1.0 | 2022-11-28 | 9160aff4d
CPXPARAM_ClockType                               0
CPXPARAM_Emphasis_MIP                            2
CPXPARAM_MIP_Tolerances_Integrality              0
Tried aggregator 3 times.
MIP Presolve eliminated 602 rows and 1284 columns.
MIP Presolve modified 580 coefficients.
Aggregator did 30 substitutions.
Reduced MIP has 5499 rows, 401 columns, and 160409 nonzeros.
Reduced MIP has 392 binaries, 0 generals, 0 SOSs, and 0 indicators.
Presolve time = 0.20 sec. (703.15 ticks)
Found incumbent of value 556.512400 after 0.32 sec. (927.89 ticks)
Probing fixed 226 vars, tightened 0 bounds.
Probing changed sense of 8 constraints.
Probing time = 0.08 sec. (16.15 ticks)
Cover probing fixed 6 vars, tightened 0 bounds.
Tried aggregator 2 times.
MIP Presolve eliminated 2594 rows and 239 columns.
MIP Presolve added 4 rows and 0 columns.
MIP Presolve modified 141 coefficients.
Aggregator did 3 substitutions.
Reduced MIP has 2901 rows, 159 columns, and 80107 nonzeros.
Reduced MIP has 155 binaries, 0 generals, 0 SOSs, and 0 indicators.
Presolve time = 0.07 sec. (188.56 ticks)
Probing fixed 1 vars, tightened 0 bounds.
Probing changed sense of 2 constraints.
Probing time = 0.01 sec. (16.05 ticks)
Tried aggregator 1 time.
Detecting symmetries...
MIP Presolve eliminated 40 rows and 25 columns.
MIP Presolve added 2 rows and 0 columns.
MIP Presolve modified 29 coefficients.
Reduced MIP has 2863 rows, 134 columns, and 79960 nonzeros.
Reduced MIP has 132 binaries, 0 generals, 0 SOSs, and 0 indicators.
Presolve time = 0.05 sec. (146.55 ticks)
Probing time = 0.00 sec. (8.26 ticks)
Clique table members: 5010.
MIP emphasis: optimality.
MIP search method: dynamic search.
Parallel mode: deterministic, using up to 20 threads.
Root relaxation solution time = 0.01 sec. (14.83 ticks)

        Nodes                                         Cuts/
   Node  Left     Objective  IInf  Best Integer    Best Bound    ItCnt     Gap

*     0+    0                          556.5124        9.4789            98.30%
*     0     0      integral     0      256.0000      256.0000       56    0.00%
Elapsed time = 0.55 sec. (1345.55 ticks, tree = 0.00 MB, solutions = 2)

Root node processing (before b&c):
  Real time             =    0.55 sec. (1345.85 ticks)
Parallel b&c, 20 threads:
  Real time             =    0.00 sec. (0.00 ticks)
  Sync time (average)   =    0.00 sec.
  Wait time (average)   =    0.00 sec.
                          ------------
Total (root+branch&cut) =    0.55 sec. (1345.85 ticks)
Truck arcs:
0 1
1 6
2 3
3 10
4 2
6 4
7 8
8 11
9 7
10 9
256
In write mode
