Instance name: /home/cuong/CLionProjects/uMV-FSTSP/50_dis_rand_ins/v21
Write arg val: 1

drone speed: 1 miles/minute
uav non-eligible customer: 11 
Printing tau:
0 22.3063 32.1461 25.4806 45.1336 26.6158 30.4662 35.0846 39.8659 58.9692 84.7096 0 
22.3063 0 45.273 47.7869 67.4399 48.9221 52.7725 48.0519 48.9139 81.2755 107.016 22.3063 
32.1461 45.273 0 6.88852 40.3843 43.6653 42.5199 67.2306 72.012 36.0026 61.7429 32.1461 
25.4806 47.7869 6.88852 0 33.4958 36.7767 35.6314 60.3421 65.1234 33.4886 59.229 25.4806 
45.1336 67.4399 40.3843 33.4958 0 18.5177 14.6674 26.8463 31.6276 13.8357 39.5761 45.1336 
26.6158 48.9221 43.6653 36.7767 18.5177 0 3.85033 23.5654 28.3467 32.3534 58.0938 26.6158 
30.4662 52.7725 42.5199 35.6314 14.6674 3.85033 0 24.7107 29.492 28.503 54.2434 30.4662 
35.0846 48.0519 67.2306 60.3421 26.8463 23.5654 24.7107 0 4.78132 33.2236 58.964 35.0846 
39.8659 48.9139 72.012 65.1234 31.6276 28.3467 29.492 4.78132 0 37.1292 58.102 39.8659 
58.9692 81.2755 36.0026 33.4886 13.8357 32.3534 28.503 33.2236 37.1292 0 25.7404 58.9692 
84.7096 107.016 61.7429 59.229 39.5761 58.0938 54.2434 58.964 58.102 25.7404 0 84.7096 
0 0 0 0 0 0 0 0 0 0 0 0 
Printing tau_prime:
0 5.93737 10.476 9.51349 12.1656 7.69022 8.53405 11.5393 12.7093 15.6534 22.4681 0 
5.93737 0 15.0283 14.5811 17.9603 13.2183 14.1706 15.4775 16.4109 21.5524 28.3959 5.93737 
10.476 15.0283 0 1.94443 12.2156 11.6189 11.4488 17.8424 19.1194 13.2927 18.2222 10.476 
9.51349 14.5811 1.94443 0 10.2979 9.75655 9.54024 16.0008 17.271 11.574 16.8753 9.51349 
12.1656 17.9603 12.2156 10.2979 0 4.98672 3.93029 8.781 9.71937 3.94813 10.838 12.1656 
7.69022 13.2183 11.6189 9.75655 4.98672 0 1.06519 6.25298 7.51656 8.88945 15.8146 7.69022 
8.53405 14.1706 11.4488 9.54024 3.93029 1.06519 0 6.67091 7.88691 7.82461 14.7515 8.53405 
11.5393 15.4775 17.8424 16.0008 8.781 6.25298 6.67091 0 1.28828 12.2958 18.467 11.5393 
12.7093 16.4109 19.1194 17.271 9.71937 7.51656 7.88691 1.28828 0 13.0602 18.9858 12.7093 
15.6534 21.5524 13.2927 11.574 3.94813 8.88945 7.82461 12.2958 13.0602 0 6.93887 15.6534 
22.4681 28.3959 18.2222 16.8753 10.838 15.8146 14.7515 18.467 18.9858 6.93887 0 22.4681 
0 0 0 0 0 0 0 0 0 0 0 0 
Printing number of nodes: 11

Version identifier: 22.1.1.0 | 2022-11-28 | 9160aff4d
CPXPARAM_ClockType                               0
CPXPARAM_Emphasis_MIP                            2
CPXPARAM_MIP_Tolerances_Integrality              0
Tried aggregator 4 times.
MIP Presolve eliminated 555 rows and 1350 columns.
MIP Presolve modified 638 coefficients.
Aggregator did 34 substitutions.
Reduced MIP has 5398 rows, 331 columns, and 159879 nonzeros.
Reduced MIP has 322 binaries, 0 generals, 0 SOSs, and 0 indicators.
Presolve time = 0.21 sec. (695.70 ticks)
Found incumbent of value 481.135000 after 0.26 sec. (793.09 ticks)
Probing fixed 91 vars, tightened 0 bounds.
Probing changed sense of 23 constraints.
Probing time = 0.01 sec. (13.84 ticks)
Tried aggregator 2 times.
MIP Presolve eliminated 765 rows and 102 columns.
MIP Presolve modified 105 coefficients.
Aggregator did 2 substitutions.
Reduced MIP has 4629 rows, 227 columns, and 132676 nonzeros.
Reduced MIP has 221 binaries, 0 generals, 0 SOSs, and 0 indicators.
Presolve time = 0.10 sec. (279.69 ticks)
Probing changed sense of 2 constraints.
Probing time = 0.01 sec. (8.83 ticks)
Tried aggregator 1 time.
Detecting symmetries...
MIP Presolve eliminated 23 rows and 25 columns.
MIP Presolve added 2 rows and 0 columns.
MIP Presolve modified 10 coefficients.
Reduced MIP has 4608 rows, 202 columns, and 132578 nonzeros.
Reduced MIP has 197 binaries, 0 generals, 0 SOSs, and 0 indicators.
Presolve time = 0.06 sec. (166.48 ticks)
Probing time = 0.01 sec. (8.23 ticks)
Clique table members: 10171.
MIP emphasis: optimality.
MIP search method: dynamic search.
Parallel mode: deterministic, using up to 20 threads.
Root relaxation solution time = 0.02 sec. (31.66 ticks)

        Nodes                                         Cuts/
   Node  Left     Objective  IInf  Best Integer    Best Bound    ItCnt     Gap

*     0+    0                          481.1350        0.0000           100.00%
      0     0      186.6764    40      481.1350      186.6764      264   61.20%
*     0+    0                          188.8793      186.6764             1.17%
      0     0        cutoff            188.8793      188.8793      275    0.00%
Elapsed time = 0.59 sec. (1622.93 ticks, tree = 0.01 MB, solutions = 2)

Clique cuts applied:  16
Flow cuts applied:  1
Zero-half cuts applied:  1
Gomory fractional cuts applied:  6

Root node processing (before b&c):
  Real time             =    0.59 sec. (1623.37 ticks)
Parallel b&c, 20 threads:
  Real time             =    0.00 sec. (0.00 ticks)
  Sync time (average)   =    0.00 sec.
  Wait time (average)   =    0.00 sec.
                          ------------
Total (root+branch&cut) =    0.59 sec. (1623.37 ticks)
Truck arcs:
0 1
1 2
2 3
3 9
4 6
5 11
6 5
9 4
188.879
In write mode
