Instance name: /home/cuong/CLionProjects/uMV-FSTSP/50_dis_rand_ins/v26
Write arg val: 1

drone speed: 1 miles/minute
uav non-eligible customer: 8 9 11 
Printing tau:
0 11.8501 41.2129 52.8999 51.889 53.9001 59.6996 54.1176 45.8088 88.392 105.14 0 
11.8501 0 53.063 52.84 63.739 65.7502 71.5497 65.9677 57.6589 100.242 116.99 11.8501 
41.2129 53.063 0 13.4021 42.2589 35.8254 40.861 69.0712 72.7896 47.1791 63.9269 41.2129 
52.8999 52.84 13.4021 0 55.661 49.2275 54.2631 82.4733 86.1917 57.923 68.9814 52.8999 
51.889 63.739 42.2589 55.661 0 6.43346 7.81067 26.8123 30.5307 36.5031 53.2508 51.889 
53.9001 65.7502 35.8254 49.2275 6.43346 0 5.79948 33.2458 36.9642 34.4919 51.2396 53.9001 
59.6996 71.5497 40.861 54.2631 7.81067 5.79948 0 28.2102 31.9286 28.6924 45.4401 59.6996 
54.1176 65.9677 69.0712 82.4733 26.8123 33.2458 28.2102 0 8.30877 34.2744 51.0222 54.1176 
45.8088 57.6589 72.7896 86.1917 30.5307 36.9642 31.9286 8.30877 0 42.5832 59.3309 45.8088 
88.392 100.242 47.1791 57.923 36.5031 34.4919 28.6924 34.2744 42.5832 0 16.7477 88.392 
105.14 116.99 63.9269 68.9814 53.2508 51.2396 45.4401 51.0222 59.3309 16.7477 0 105.14 
0 0 0 0 0 0 0 0 0 0 0 0 
Printing tau_prime:
0 3.14227 15.1367 16.9909 13.7786 14.3256 15.8344 16.353 15.0159 23.4763 27.9247 0 
3.14227 0 17.5311 18.9308 16.9179 17.461 18.9762 19.1761 17.6626 26.6149 31.0616 3.14227 
15.1367 17.5311 0 3.79811 11.5576 10.0778 11.8922 18.6322 19.3397 17.201 19.1375 15.1367 
16.9909 18.9308 3.79811 0 15.3374 13.8753 15.6844 22.3815 22.9978 20.6819 22.1188 16.9909 
13.7786 16.9179 11.5576 15.3374 0 1.78734 2.10402 7.13421 8.25465 9.69791 14.31 13.7786 
14.3256 17.461 10.0778 13.8753 1.78734 0 2.03662 8.81581 10.0337 9.43221 13.601 14.3256 
15.8344 18.9762 11.8922 15.6844 2.10402 2.03662 0 7.62539 9.23288 7.66987 12.2063 15.8344 
16.353 19.1761 18.6322 22.3815 7.13421 8.81581 7.62539 0 2.41376 11.1793 16.4929 16.353 
15.0159 17.6626 19.3397 22.9978 8.25465 10.0337 9.23288 2.41376 0 13.5531 18.8695 15.0159 
23.4763 26.6149 17.201 20.6819 9.69791 9.43221 7.66987 11.1793 13.5531 0 5.31639 23.4763 
27.9247 31.0616 19.1375 22.1188 14.31 13.601 12.2063 16.4929 18.8695 5.31639 0 27.9247 
0 0 0 0 0 0 0 0 0 0 0 0 
Printing number of nodes: 11

Version identifier: 22.1.1.0 | 2022-11-28 | 9160aff4d
CPXPARAM_ClockType                               0
CPXPARAM_Emphasis_MIP                            2
CPXPARAM_MIP_Tolerances_Integrality              0
Tried aggregator 3 times.
MIP Presolve eliminated 1462 rows and 1335 columns.
MIP Presolve modified 592 coefficients.
Aggregator did 34 substitutions.
Reduced MIP has 4779 rows, 346 columns, and 133557 nonzeros.
Reduced MIP has 339 binaries, 0 generals, 0 SOSs, and 0 indicators.
Presolve time = 0.16 sec. (600.90 ticks)
Found incumbent of value 511.339000 after 0.28 sec. (833.82 ticks)
Probing fixed 153 vars, tightened 0 bounds.
Probing changed sense of 26 constraints.
Probing time = 0.01 sec. (12.07 ticks)
Cover probing fixed 8 vars, tightened 0 bounds.
Tried aggregator 2 times.
MIP Presolve eliminated 1856 rows and 171 columns.
MIP Presolve modified 112 coefficients.
Aggregator did 1 substitutions.
Reduced MIP has 2919 rows, 174 columns, and 80226 nonzeros.
Reduced MIP has 170 binaries, 0 generals, 0 SOSs, and 0 indicators.
Presolve time = 0.08 sec. (241.07 ticks)
Probing time = 0.01 sec. (15.96 ticks)
Tried aggregator 1 time.
Detecting symmetries...
MIP Presolve eliminated 27 rows and 22 columns.
MIP Presolve added 2 rows and 0 columns.
MIP Presolve modified 19 coefficients.
Reduced MIP has 2894 rows, 152 columns, and 80110 nonzeros.
Reduced MIP has 148 binaries, 0 generals, 0 SOSs, and 0 indicators.
Presolve time = 0.04 sec. (113.44 ticks)
Probing time = 0.00 sec. (8.58 ticks)
Clique table members: 7197.
MIP emphasis: optimality.
MIP search method: dynamic search.
Parallel mode: deterministic, using up to 20 threads.
Root relaxation solution time = 0.01 sec. (16.97 ticks)

        Nodes                                         Cuts/
   Node  Left     Objective  IInf  Best Integer    Best Bound    ItCnt     Gap

*     0+    0                          511.3390       23.7002            95.37%
      0     0      268.1461    41      511.3390      268.1461      131   47.56%
*     0+    0                          272.2969      268.1461             1.52%
      0     0        cutoff            272.2969      272.2969      162    0.00%
Elapsed time = 0.50 sec. (1413.57 ticks, tree = 0.01 MB, solutions = 2)

Clique cuts applied:  25
Implied bound cuts applied:  6
Flow cuts applied:  1
Mixed integer rounding cuts applied:  1
Zero-half cuts applied:  1
Lift and project cuts applied:  3
Gomory fractional cuts applied:  4

Root node processing (before b&c):
  Real time             =    0.50 sec. (1413.86 ticks)
Parallel b&c, 20 threads:
  Real time             =    0.00 sec. (0.00 ticks)
  Sync time (average)   =    0.00 sec.
  Wait time (average)   =    0.00 sec.
                          ------------
Total (root+branch&cut) =    0.50 sec. (1413.86 ticks)
Truck arcs:
0 8
1 11
2 3
3 1
5 2
6 5
7 9
8 7
9 10
10 6
272.297
In write mode
