Instance name: /home/cuong/CLionProjects/uMV-FSTSP/50_dis_rand_ins/v32
Write arg val: 1

drone speed: 1 miles/minute
uav non-eligible customer: 5 11 
Printing tau:
0 26.7247 48.1257 46.2358 61.8953 67.2693 60.8795 56.2835 51.3776 101.808 83.1744 0 
26.7247 0 42.7444 35.9906 35.1705 40.5445 34.1547 40.3158 41.3251 75.0829 56.4496 26.7247 
48.1257 42.7444 0 6.75377 27.6948 47.0329 25.5369 83.0602 84.0695 59.4669 40.8336 48.1257 
46.2358 35.9906 6.75377 0 20.9411 40.2792 18.7831 76.3064 77.3157 55.5718 36.9386 46.2358 
61.8953 35.1705 27.6948 20.9411 0 19.3381 2.15798 55.3653 56.3746 39.9123 21.2791 61.8953 
67.2693 40.5445 47.0329 40.2792 19.3381 0 21.4961 36.0273 37.0365 34.5383 15.9051 67.2693 
60.8795 34.1547 25.5369 18.7831 2.15798 21.4961 0 57.5233 58.5326 40.9281 22.2949 60.8795 
56.2835 40.3158 83.0602 76.3064 55.3653 36.0273 57.5233 0 4.90585 50.2378 45.6503 56.2835 
51.3776 41.3251 84.0695 77.3157 56.3746 37.0365 58.5326 4.90585 0 51.2471 46.6596 51.3776 
101.808 75.0829 59.4669 55.5718 39.9123 34.5383 40.9281 50.2378 51.2471 0 18.6332 101.808 
83.1744 56.4496 40.8336 36.9386 21.2791 15.9051 22.2949 45.6503 46.6596 18.6332 0 83.1744 
0 0 0 0 0 0 0 0 0 0 0 0 
Printing tau_prime:
0 7.2287 16.9971 16.4517 17.2835 17.8398 17.2185 17.5656 16.6265 27.2991 22.2372 0 
7.2287 0 12.067 10.8556 10.1439 10.811 10.1411 13.2558 12.7597 20.0824 15.0352 7.2287 
16.9971 12.067 0 2.06735 8.98978 14.115 8.3677 22.3328 22.4207 18.011 14.6847 16.9971 
16.4517 10.8556 2.06735 0 6.93369 12.0492 6.3154 20.4085 20.5467 16.2765 12.7286 16.4517 
17.2835 10.1439 8.98978 6.93369 0 5.3221 0.632445 14.7562 15.2065 10.6703 6.20272 17.2835 
17.8398 10.811 14.115 12.0492 5.3221 0 5.9465 9.98743 10.6867 9.90326 4.92932 17.8398 
17.2185 10.1411 8.3677 6.3154 0.632445 5.9465 0 15.3018 15.724 11.0233 6.69788 17.2185 
17.5656 13.2558 22.3328 20.4085 14.7562 9.98743 15.3018 0 1.3281 17.9771 14.0489 17.5656 
16.6265 12.7597 22.4207 20.5467 15.2065 10.6867 15.724 1.3281 0 19.0651 14.9722 16.6265 
27.2991 20.0824 18.011 16.2765 10.6703 9.90326 11.0233 17.9771 19.0651 0 5.08843 27.2991 
22.2372 15.0352 14.6847 12.7286 6.20272 4.92932 6.69788 14.0489 14.9722 5.08843 0 22.2372 
0 0 0 0 0 0 0 0 0 0 0 0 
Printing number of nodes: 11

Version identifier: 22.1.1.0 | 2022-11-28 | 9160aff4d
CPXPARAM_ClockType                               0
CPXPARAM_Emphasis_MIP                            2
CPXPARAM_MIP_Tolerances_Integrality              0
Tried aggregator 3 times.
MIP Presolve eliminated 979 rows and 1376 columns.
MIP Presolve modified 590 coefficients.
Aggregator did 28 substitutions.
Reduced MIP has 5124 rows, 311 columns, and 148302 nonzeros.
Reduced MIP has 303 binaries, 0 generals, 0 SOSs, and 0 indicators.
Presolve time = 0.16 sec. (508.06 ticks)
Found incumbent of value 551.693200 after 0.25 sec. (660.71 ticks)
Probing fixed 95 vars, tightened 0 bounds.
Probing changed sense of 25 constraints.
Probing time = 0.04 sec. (12.22 ticks)
Tried aggregator 2 times.
MIP Presolve eliminated 957 rows and 112 columns.
MIP Presolve added 6 rows and 0 columns.
MIP Presolve modified 130 coefficients.
Aggregator did 4 substitutions.
Reduced MIP has 4167 rows, 195 columns, and 116324 nonzeros.
Reduced MIP has 190 binaries, 0 generals, 0 SOSs, and 0 indicators.
Presolve time = 0.10 sec. (265.93 ticks)
Probing changed sense of 12 constraints.
Probing time = 0.02 sec. (7.96 ticks)
Tried aggregator 1 time.
Detecting symmetries...
MIP Presolve eliminated 45 rows and 32 columns.
MIP Presolve modified 64 coefficients.
Reduced MIP has 4119 rows, 163 columns, and 116150 nonzeros.
Reduced MIP has 160 binaries, 0 generals, 0 SOSs, and 0 indicators.
Presolve time = 0.06 sec. (154.96 ticks)
Probing time = 0.01 sec. (6.70 ticks)
Clique table members: 5852.
MIP emphasis: optimality.
MIP search method: dynamic search.
Parallel mode: deterministic, using up to 20 threads.
Root relaxation solution time = 0.02 sec. (23.20 ticks)

        Nodes                                         Cuts/
   Node  Left     Objective  IInf  Best Integer    Best Bound    ItCnt     Gap

*     0+    0                          551.6932        0.0000           100.00%
*     0+    0                          380.7837        0.0000           100.00%
*     0     0      integral     0      217.1513      217.1513      125    0.00%
Elapsed time = 0.51 sec. (1167.22 ticks, tree = 0.00 MB, solutions = 3)

Root node processing (before b&c):
  Real time             =    0.51 sec. (1167.65 ticks)
Parallel b&c, 20 threads:
  Real time             =    0.00 sec. (0.00 ticks)
  Sync time (average)   =    0.00 sec.
  Wait time (average)   =    0.00 sec.
                          ------------
Total (root+branch&cut) =    0.51 sec. (1167.65 ticks)
Truck arcs:
0 1
1 3
3 6
4 10
5 7
6 4
7 8
8 11
10 5
217.151
In write mode
