Instance name: /home/cuong/CLionProjects/uMV-FSTSP/50_dis_rand_ins/v34
Write arg val: 1

drone speed: 1 miles/minute
uav non-eligible customer: 11 
Printing tau:
0 11.6981 68.2772 50.3578 14.4211 46.6816 38.636 32.3111 52.9529 78.6728 74.9392 0 
11.6981 0 62.202 44.6617 26.1191 58.3797 50.3341 44.0092 64.651 90.3709 86.6373 11.6981 
68.2772 62.202 0 17.9194 58.8334 53.3454 64.2082 86.6001 101.919 74.6377 73.8353 68.2772 
50.3578 44.6617 17.9194 0 40.914 35.426 46.2888 68.6807 83.9992 56.7183 55.9159 50.3578 
14.4211 26.1191 58.8334 40.914 0 32.2605 24.2149 27.7666 43.0852 64.2517 60.5181 14.4211 
46.6816 58.3797 53.3454 35.426 32.2605 0 10.8628 33.2547 48.5732 31.9912 28.2576 46.6816 
38.636 50.3341 64.2082 46.2888 24.2149 10.8628 0 22.3919 37.7105 40.0368 36.3032 38.636 
32.3111 44.0092 86.6001 68.6807 27.7666 33.2547 22.3919 0 20.6418 46.3616 42.628 32.3111 
52.9529 64.651 101.919 83.9992 43.0852 48.5732 37.7105 20.6418 0 27.281 28.0834 52.9529 
78.6728 90.3709 74.6377 56.7183 64.2517 31.9912 40.0368 46.3616 27.281 0 3.73359 78.6728 
74.9392 86.6373 73.8353 55.9159 60.5181 28.2576 36.3032 42.628 28.0834 3.73359 0 74.9392 
0 0 0 0 0 0 0 0 0 0 0 0 
Printing tau_prime:
0 3.49528 19.9551 15.9596 4.57093 12.9961 10.3016 9.84951 16.6353 20.9293 19.9258 0 
3.49528 0 20.1037 16.6772 6.98325 15.6574 13.3574 13.343 20.1197 24.189 23.1793 3.49528 
19.9551 20.1037 0 4.76437 16.2556 14.6963 17.1263 22.964 27.6094 23.3918 22.6956 19.9551 
15.9596 16.6772 4.76437 0 11.9112 10.0734 12.366 18.2125 22.8957 19.3158 18.5398 15.9596 
4.57093 6.98325 16.2556 11.9112 0 8.67726 6.57722 8.75864 15.327 17.5451 16.533 4.57093 
12.9961 15.6574 14.6963 10.0734 8.67726 0 3.58445 9.60608 12.9868 10.1901 9.25546 12.9961 
10.3016 13.3574 17.1263 12.366 6.57722 3.58445 0 6.16986 10.6959 10.9707 9.95907 10.3016 
9.84951 13.343 22.964 18.2125 8.75864 9.60608 6.16986 0 6.81604 12.6961 11.7994 9.84951 
16.6353 20.1197 27.6094 22.8957 15.327 12.9868 10.6959 6.81604 0 9.94195 9.4574 16.6353 
20.9293 24.189 23.3918 19.3158 17.5451 10.1901 10.9707 12.6961 9.94195 0 1.01262 20.9293 
19.9258 23.1793 22.6956 18.5398 16.533 9.25546 9.95907 11.7994 9.4574 1.01262 0 19.9258 
0 0 0 0 0 0 0 0 0 0 0 0 
Printing number of nodes: 11

Version identifier: 22.1.1.0 | 2022-11-28 | 9160aff4d
CPXPARAM_ClockType                               0
CPXPARAM_Emphasis_MIP                            2
CPXPARAM_MIP_Tolerances_Integrality              0
Tried aggregator 5 times.
MIP Presolve eliminated 564 rows and 1411 columns.
MIP Presolve added 4 rows and 0 columns.
MIP Presolve modified 555 coefficients.
Aggregator did 65 substitutions.
Reduced MIP has 5361 rows, 239 columns, and 161625 nonzeros.
Reduced MIP has 229 binaries, 0 generals, 0 SOSs, and 0 indicators.
Presolve time = 0.37 sec. (1299.59 ticks)
Probing fixed 66 vars, tightened 0 bounds.
Probing changed sense of 21 constraints.
Probing time = 0.01 sec. (11.02 ticks)
Tried aggregator 2 times.
MIP Presolve eliminated 2460 rows and 83 columns.
MIP Presolve modified 126 coefficients.
Aggregator did 8 substitutions.
Reduced MIP has 2890 rows, 148 columns, and 80029 nonzeros.
Reduced MIP has 146 binaries, 0 generals, 0 SOSs, and 0 indicators.
Presolve time = 0.08 sec. (222.35 ticks)
Probing changed sense of 4 constraints.
Probing time = 0.01 sec. (13.97 ticks)
Tried aggregator 1 time.
Detecting symmetries...
MIP Presolve eliminated 26 rows and 18 columns.
MIP Presolve modified 4 coefficients.
Reduced MIP has 2864 rows, 130 columns, and 79929 nonzeros.
Reduced MIP has 130 binaries, 0 generals, 0 SOSs, and 0 indicators.
Presolve time = 0.03 sec. (84.82 ticks)
Probing time = 0.00 sec. (8.79 ticks)
Clique table members: 1326.
MIP emphasis: optimality.
MIP search method: dynamic search.
Parallel mode: deterministic, using up to 20 threads.
Root relaxation solution time = 0.01 sec. (14.04 ticks)

        Nodes                                         Cuts/
   Node  Left     Objective  IInf  Best Integer    Best Bound    ItCnt     Gap

*     0+    0                          451.0443       -2.0000           100.44%
*     0+    0                          442.8891       -2.0000           100.45%
*     0+    0                          383.4326       -2.0000           100.52%
*     0     0      integral     0      252.8049      252.8049       83    0.00%
Elapsed time = 0.59 sec. (1828.58 ticks, tree = 0.00 MB, solutions = 4)

Root node processing (before b&c):
  Real time             =    0.59 sec. (1828.67 ticks)
Parallel b&c, 20 threads:
  Real time             =    0.00 sec. (0.00 ticks)
  Sync time (average)   =    0.00 sec.
  Wait time (average)   =    0.00 sec.
                          ------------
Total (root+branch&cut) =    0.59 sec. (1828.67 ticks)
Truck arcs:
0 4
1 11
2 1
3 2
4 7
5 3
7 8
8 9
9 10
10 5
252.805
In write mode
