Instance name: /home/cuong/CLionProjects/uMV-FSTSP/50_dis_rand_ins/v40
Write arg val: 1

drone speed: 1 miles/minute
uav non-eligible customer: 11 
Printing tau:
0 15.5468 49.7577 48.7722 47.6147 45.0745 53.2427 52.0035 42.3448 70.8613 95.1318 0 
15.5468 0 48.1609 47.1753 32.0678 29.5276 37.6958 53.6004 43.9417 55.3145 79.5849 15.5468 
49.7577 48.1609 0 10.3485 40.3956 38.7248 53.7165 101.761 92.1026 55.7245 61.2751 49.7577 
48.7722 47.1753 10.3485 0 39.41 37.7392 52.7309 100.776 91.117 54.739 60.2895 48.7722 
47.6147 32.0678 40.3956 39.41 0 2.54018 13.3209 61.3657 51.707 23.2467 47.5171 47.6147 
45.0745 29.5276 38.7248 37.7392 2.54018 0 14.9918 63.0365 53.3778 25.7868 50.0573 45.0745 
53.2427 37.6958 53.7165 52.7309 13.3209 14.9918 0 48.0447 38.386 17.6187 41.8891 53.2427 
52.0035 53.6004 101.761 100.776 61.3657 63.0365 48.0447 0 9.65867 46.0367 56.6463 52.0035 
42.3448 43.9417 92.1026 91.117 51.707 53.3778 38.386 9.65867 0 36.378 60.6471 42.3448 
70.8613 55.3145 55.7245 54.739 23.2467 25.7868 17.6187 46.0367 36.378 0 24.2704 70.8613 
95.1318 79.5849 61.2751 60.2895 47.5171 50.0573 41.8891 56.6463 60.6471 24.2704 0 95.1318 
0 0 0 0 0 0 0 0 0 0 0 0 
Printing tau_prime:
0 4.14417 16.6502 18.2667 12.8675 12.305 14.1571 17.155 14.4807 18.8564 25.4098 0 
4.14417 0 14.1242 15.2817 8.74902 8.21978 10.1036 15.4598 12.6878 14.804 21.3877 4.14417 
16.6502 14.1242 0 2.75648 10.9925 10.4243 14.7845 26.9836 24.4433 17.1137 22.1604 16.6502 
18.2667 15.2817 2.75648 0 10.4538 10.0519 14.0353 26.8578 24.4513 15.6643 20.1863 18.2667 
12.8675 8.74902 10.9925 10.4538 0 0.806212 3.83456 16.4511 14.146 7.38371 13.7626 12.8675 
12.305 8.21978 10.4243 10.0519 0.806212 0 4.52704 16.8061 14.4298 8.18993 14.5581 12.305 
14.1571 10.1036 14.7845 14.0353 3.83456 4.52704 0 13.3272 11.3289 4.7021 11.2869 14.1571 
17.155 15.4598 26.9836 26.8578 16.4511 16.8061 13.3272 0 2.77216 14.9238 18.4627 17.155 
14.4807 12.6878 24.4433 24.4513 14.146 14.4298 11.3289 2.77216 0 13.6415 18.0398 14.4807 
18.8564 14.804 17.1137 15.6643 7.38371 8.18993 4.7021 14.9238 13.6415 0 6.60182 18.8564 
25.4098 21.3877 22.1604 20.1863 13.7626 14.5581 11.2869 18.4627 18.0398 6.60182 0 25.4098 
0 0 0 0 0 0 0 0 0 0 0 0 
Printing number of nodes: 11

Version identifier: 22.1.1.0 | 2022-11-28 | 9160aff4d
CPXPARAM_ClockType                               0
CPXPARAM_Emphasis_MIP                            2
CPXPARAM_MIP_Tolerances_Integrality              0
Tried aggregator 3 times.
MIP Presolve eliminated 513 rows and 1345 columns.
MIP Presolve added 2 rows and 0 columns.
MIP Presolve modified 681 coefficients.
Aggregator did 50 substitutions.
Reduced MIP has 5426 rows, 320 columns, and 162183 nonzeros.
Reduced MIP has 310 binaries, 0 generals, 0 SOSs, and 0 indicators.
Presolve time = 0.21 sec. (853.84 ticks)
Found incumbent of value 608.159900 after 0.28 sec. (996.08 ticks)
Probing fixed 116 vars, tightened 0 bounds.
Probing changed sense of 40 constraints.
Probing time = 0.01 sec. (14.77 ticks)
Tried aggregator 2 times.
MIP Presolve eliminated 1293 rows and 129 columns.
MIP Presolve added 4 rows and 0 columns.
MIP Presolve modified 162 coefficients.
Aggregator did 1 substitutions.
Reduced MIP has 4131 rows, 190 columns, and 116197 nonzeros.
Reduced MIP has 185 binaries, 0 generals, 0 SOSs, and 0 indicators.
Presolve time = 0.07 sec. (193.02 ticks)
Probing changed sense of 7 constraints.
Probing time = 0.01 sec. (6.13 ticks)
Tried aggregator 1 time.
Detecting symmetries...
MIP Presolve eliminated 26 rows and 20 columns.
MIP Presolve modified 16 coefficients.
Reduced MIP has 4105 rows, 170 columns, and 116103 nonzeros.
Reduced MIP has 166 binaries, 0 generals, 0 SOSs, and 0 indicators.
Presolve time = 0.06 sec. (150.45 ticks)
Probing changed sense of 2 constraints.
Probing time = 0.01 sec. (6.46 ticks)
Clique table members: 7053.
MIP emphasis: optimality.
MIP search method: dynamic search.
Parallel mode: deterministic, using up to 20 threads.
Root relaxation solution time = 0.01 sec. (21.91 ticks)

        Nodes                                         Cuts/
   Node  Left     Objective  IInf  Best Integer    Best Bound    ItCnt     Gap

*     0+    0                          608.1599        0.0000           100.00%
      0     0      234.3919    31      608.1599      234.3919      112   61.46%
*     0+    0                          354.8199      234.3919            33.94%
*     0+    0                          236.0977      234.3919             0.72%
      0     0        cutoff            236.0977      236.0977      125    0.00%
Elapsed time = 0.56 sec. (1735.19 ticks, tree = 0.01 MB, solutions = 3)

Clique cuts applied:  6
Flow cuts applied:  1
Gomory fractional cuts applied:  6

Root node processing (before b&c):
  Real time             =    0.56 sec. (1735.59 ticks)
Parallel b&c, 20 threads:
  Real time             =    0.00 sec. (0.00 ticks)
  Sync time (average)   =    0.00 sec.
  Wait time (average)   =    0.00 sec.
                          ------------
Total (root+branch&cut) =    0.56 sec. (1735.59 ticks)
Truck arcs:
0 2
2 3
4 6
6 9
7 8
8 11
9 7
236.098
In write mode
