Instance name: /home/cuong/CLionProjects/uMV-FSTSP/50_dis_rand_ins/v46
Write arg val: 1

drone speed: 1 miles/minute
uav non-eligible customer: 1 2 11 
Printing tau:
0 8.9748 68.5178 51.5944 64.7526 64.0401 46.2112 53.6449 64.2081 109.14 122.088 0 
8.9748 0 59.543 42.7164 55.7778 55.0653 37.2364 44.6701 55.2333 100.165 113.113 8.9748 
68.5178 59.543 0 16.9234 30.6033 35.0676 39.9183 81.5889 64.7959 48.7471 53.5698 68.5178 
51.5944 42.7164 16.9234 0 35.9666 40.4308 45.2816 86.9522 70.1592 57.5454 70.4932 51.5944 
64.7526 55.7778 30.6033 35.9666 0 4.46422 18.5415 50.9855 34.1925 44.3871 57.335 64.7526 
64.0401 55.0653 35.0676 40.4308 4.46422 0 17.8289 46.5213 29.7283 45.0997 58.0475 64.0401 
46.2112 37.2364 39.9183 45.2816 18.5415 17.8289 0 41.6706 24.8776 62.9286 75.8764 46.2112 
53.6449 44.6701 81.5889 86.9522 50.9855 46.5213 41.6706 0 16.793 55.4949 68.4427 53.6449 
64.2081 55.2333 64.7959 70.1592 34.1925 29.7283 24.8776 16.793 0 44.9316 57.8795 64.2081 
109.14 100.165 48.7471 57.5454 44.3871 45.0997 62.9286 55.4949 44.9316 0 13.4515 109.14 
122.088 113.113 53.5698 70.4932 57.335 58.0475 75.8764 68.4427 57.8795 13.4515 0 122.088 
0 0 0 0 0 0 0 0 0 0 0 0 
Printing tau_prime:
0 2.75315 20.0672 16.9123 17.1749 16.999 12.4263 19.3474 19.1022 29.2735 32.3842 0 
2.75315 0 18.6383 16.0005 14.8982 14.614 9.89719 16.67 16.3541 26.7315 29.9985 2.75315 
20.0672 18.6383 0 4.70745 8.17612 9.37419 12.1255 21.991 17.2196 16.8258 17.0109 20.0672 
16.9123 16.0005 4.70745 0 10.1553 11.2173 12.0916 23.0631 18.902 20.9454 21.5787 16.9123 
17.1749 14.8982 8.17612 10.1553 0 1.19874 5.50212 13.8367 9.06781 12.7152 15.2541 17.1749 
16.999 14.614 9.37419 11.2173 1.19874 0 4.89945 12.64 7.88304 12.4969 15.3923 16.999 
12.4263 9.89719 12.1255 12.0916 5.50212 4.89945 0 11.224 8.14184 16.8499 20.1571 12.4263 
19.3474 16.67 21.991 23.0631 13.8367 12.64 11.224 0 5.26062 17.0991 21.9102 19.3474 
19.1022 16.3541 17.2196 18.902 9.06781 7.88304 8.14184 5.26062 0 12.6515 17.2261 19.1022 
29.2735 26.7315 16.8258 20.9454 12.7152 12.4969 16.8499 17.0991 12.6515 0 4.95077 29.2735 
32.3842 29.9985 17.0109 21.5787 15.2541 15.3923 20.1571 21.9102 17.2261 4.95077 0 32.3842 
0 0 0 0 0 0 0 0 0 0 0 0 
Printing number of nodes: 11

Version identifier: 22.1.1.0 | 2022-11-28 | 9160aff4d
CPXPARAM_ClockType                               0
CPXPARAM_Emphasis_MIP                            2
CPXPARAM_MIP_Tolerances_Integrality              0
Tried aggregator 3 times.
MIP Presolve eliminated 1043 rows and 1318 columns.
MIP Presolve added 2 rows and 0 columns.
MIP Presolve modified 648 coefficients.
Aggregator did 38 substitutions.
Reduced MIP has 5196 rows, 359 columns, and 148747 nonzeros.
Reduced MIP has 351 binaries, 0 generals, 0 SOSs, and 0 indicators.
Presolve time = 0.13 sec. (461.27 ticks)
Found incumbent of value 655.913100 after 0.25 sec. (667.84 ticks)
Probing fixed 177 vars, tightened 0 bounds.
Probing changed sense of 28 constraints.
Probing time = 0.01 sec. (13.13 ticks)
Cover probing fixed 5 vars, tightened 0 bounds.
Tried aggregator 2 times.
MIP Presolve eliminated 2279 rows and 191 columns.
MIP Presolve added 2 rows and 0 columns.
MIP Presolve modified 110 coefficients.
Aggregator did 4 substitutions.
Reduced MIP has 2910 rows, 164 columns, and 80164 nonzeros.
Reduced MIP has 160 binaries, 0 generals, 0 SOSs, and 0 indicators.
Presolve time = 0.07 sec. (186.54 ticks)
Probing fixed 2 vars, tightened 0 bounds.
Probing changed sense of 4 constraints.
Probing time = 0.01 sec. (16.02 ticks)
Tried aggregator 1 time.
Detecting symmetries...
MIP Presolve eliminated 40 rows and 24 columns.
MIP Presolve modified 19 coefficients.
Reduced MIP has 2870 rows, 140 columns, and 80002 nonzeros.
Reduced MIP has 138 binaries, 0 generals, 0 SOSs, and 0 indicators.
Presolve time = 0.04 sec. (85.88 ticks)
Probing time = 0.00 sec. (8.53 ticks)
Clique table members: 6228.
MIP emphasis: optimality.
MIP search method: dynamic search.
Parallel mode: deterministic, using up to 20 threads.
Root relaxation solution time = 0.02 sec. (15.66 ticks)

        Nodes                                         Cuts/
   Node  Left     Objective  IInf  Best Integer    Best Bound    ItCnt     Gap

*     0+    0                          655.9131       17.9496            97.26%
      0     0      281.6070    25      655.9131      281.6070       71   57.07%
*     0+    0                          461.3597      281.6070            38.96%
*     0+    0                          292.4940      281.6070             3.72%
      0     0        cutoff            292.4940      292.4940      100    0.00%
Elapsed time = 0.51 sec. (1358.66 ticks, tree = 0.01 MB, solutions = 3)

Clique cuts applied:  24
Implied bound cuts applied:  2
Zero-half cuts applied:  1
Gomory fractional cuts applied:  3

Root node processing (before b&c):
  Real time             =    0.51 sec. (1358.96 ticks)
Parallel b&c, 20 threads:
  Real time             =    0.00 sec. (0.00 ticks)
  Sync time (average)   =    0.00 sec.
  Wait time (average)   =    0.00 sec.
                          ------------
Total (root+branch&cut) =    0.51 sec. (1358.96 ticks)
Truck arcs:
0 3
1 11
2 10
3 2
5 8
7 1
9 4
10 9
292.494
In write mode
