Instance name: /home/cuong/CLionProjects/uMV-FSTSP/50_dis_rand_ins/v48
Write arg val: 1

drone speed: 1 miles/minute
uav non-eligible customer: 11 
Printing tau:
0 24.4397 59.6786 47.2252 40.781 56.1978 42.6022 61.6596 54.8462 99.7444 103.572 0 
24.4397 0 60.3383 49.8648 16.3413 31.7581 18.1625 49.3936 41.0925 75.3047 79.1322 24.4397 
59.6786 60.3383 0 19.6633 59.7957 48.7416 58.5448 109.732 101.431 63.4476 43.8933 59.6786 
47.2252 49.8648 19.6633 0 49.3222 38.2681 48.0713 99.2584 90.9573 59.7291 63.5566 47.2252 
40.781 16.3413 59.7957 49.3222 0 15.4168 1.82119 49.9362 41.6351 58.9634 62.7909 40.781 
56.1978 31.7581 48.7416 38.2681 15.4168 0 13.5956 60.9903 52.6892 43.5466 47.3741 56.1978 
42.6022 18.1625 58.5448 48.0713 1.82119 13.5956 0 51.1871 42.886 57.1422 60.9697 42.6022 
61.6596 49.3936 109.732 99.2584 49.9362 60.9903 51.1871 0 8.30111 46.2843 68.0319 61.6596 
54.8462 41.0925 101.431 90.9573 41.6351 52.6892 42.886 8.30111 0 44.8982 59.7308 54.8462 
99.7444 75.3047 63.4476 59.7291 58.9634 43.5466 57.1422 46.2843 44.8982 0 21.7476 99.7444 
103.572 79.1322 43.8933 63.5566 62.7909 47.3741 60.9697 68.0319 59.7308 21.7476 0 103.572 
0 0 0 0 0 0 0 0 0 0 0 0 
Printing tau_prime:
0 6.51825 22.0114 16.4133 10.828 15.0898 11.2988 21.3937 18.6005 26.4926 27.7894 0 
6.51825 0 18.5284 13.8524 4.33552 8.96501 4.83947 16.3996 13.5549 19.9852 21.5573 6.51825 
22.0114 18.5284 0 5.90752 16.6287 12.9575 16.1709 29.1018 26.9264 19.8978 16.054 22.0114 
16.4133 13.8524 5.90752 0 13.0801 11.0174 12.7653 26.9384 24.4372 21.1698 18.7772 16.4133 
10.828 4.33552 16.6287 13.0801 0 5.03025 0.585856 14.3521 11.6531 15.665 17.3276 10.828 
15.0898 8.96501 12.9575 11.0174 5.03025 0 4.44453 16.2372 13.9759 12.1877 12.7 15.0898 
11.2988 4.83947 16.1709 12.7653 0.585856 4.44453 0 14.4832 11.8263 15.2078 16.7727 11.2988 
21.3937 16.3996 29.1018 26.9384 14.3521 16.2372 14.4832 0 2.84767 15.8937 21.1883 21.3937 
18.6005 13.5549 26.9264 24.4372 11.6531 13.9759 11.8263 2.84767 0 15.5943 20.44 18.6005 
26.4926 19.9852 19.8978 21.1698 15.665 12.1877 15.2078 15.8937 15.5943 0 5.85535 26.4926 
27.7894 21.5573 16.054 18.7772 17.3276 12.7 16.7727 21.1883 20.44 5.85535 0 27.7894 
0 0 0 0 0 0 0 0 0 0 0 0 
Printing number of nodes: 11

Version identifier: 22.1.1.0 | 2022-11-28 | 9160aff4d
CPXPARAM_ClockType                               0
CPXPARAM_Emphasis_MIP                            2
CPXPARAM_MIP_Tolerances_Integrality              0
Tried aggregator 4 times.
MIP Presolve eliminated 1759 rows and 1436 columns.
MIP Presolve modified 702 coefficients.
Aggregator did 39 substitutions.
Reduced MIP has 4189 rows, 240 columns, and 116543 nonzeros.
Reduced MIP has 234 binaries, 0 generals, 0 SOSs, and 0 indicators.
Presolve time = 0.24 sec. (903.22 ticks)
Found incumbent of value 534.477600 after 0.29 sec. (1011.82 ticks)
Probing fixed 64 vars, tightened 0 bounds.
Probing changed sense of 16 constraints.
Probing time = 0.01 sec. (8.77 ticks)
Tried aggregator 2 times.
MIP Presolve eliminated 1276 rows and 67 columns.
MIP Presolve modified 70 coefficients.
Aggregator did 1 substitutions.
Reduced MIP has 2908 rows, 172 columns, and 80160 nonzeros.
Reduced MIP has 168 binaries, 0 generals, 0 SOSs, and 0 indicators.
Presolve time = 0.06 sec. (175.80 ticks)
Probing time = 0.00 sec. (8.28 ticks)
Tried aggregator 1 time.
Detecting symmetries...
Reduced MIP has 2908 rows, 172 columns, and 80160 nonzeros.
Reduced MIP has 168 binaries, 0 generals, 0 SOSs, and 0 indicators.
Presolve time = 0.02 sec. (48.85 ticks)
Probing time = 0.00 sec. (8.28 ticks)
Clique table members: 6226.
MIP emphasis: optimality.
MIP search method: dynamic search.
Parallel mode: deterministic, using up to 20 threads.
Root relaxation solution time = 0.01 sec. (19.32 ticks)

        Nodes                                         Cuts/
   Node  Left     Objective  IInf  Best Integer    Best Bound    ItCnt     Gap

*     0+    0                          534.4776        0.0000           100.00%
      0     0      269.7365    70      534.4776      269.7365      135   49.53%
*     0+    0                          282.8269      269.7365             4.63%
*     0+    0                          274.6030      269.7365             1.77%
      0     0        cutoff            274.6030      274.6030      184    0.00%
Elapsed time = 0.52 sec. (1598.55 ticks, tree = 0.01 MB, solutions = 3)

GUB cover cuts applied:  1
Clique cuts applied:  36
Implied bound cuts applied:  5
Flow cuts applied:  2
Mixed integer rounding cuts applied:  1
Zero-half cuts applied:  5
Gomory fractional cuts applied:  19

Root node processing (before b&c):
  Real time             =    0.52 sec. (1598.86 ticks)
Parallel b&c, 20 threads:
  Real time             =    0.00 sec. (0.00 ticks)
  Sync time (average)   =    0.00 sec.
  Wait time (average)   =    0.00 sec.
                          ------------
Total (root+branch&cut) =    0.52 sec. (1598.86 ticks)
Truck arcs:
0 3
1 11
2 10
3 2
4 1
6 4
7 8
8 6
9 7
10 9
274.603
In write mode
