Instance name: /home/cuong/CLionProjects/uMV-FSTSP/50_dis_rand_ins/v49
Write arg val: 1

drone speed: 1 miles/minute
uav non-eligible customer: 3 11 
Printing tau:
0 12.9813 65.6897 49.4335 18.9352 26.9756 32.074 36.1261 34.1315 83.4413 62.923 0 
12.9813 0 52.7084 48.3914 28.1453 36.1857 41.2841 49.1074 43.3417 92.6514 72.1331 12.9813 
65.6897 52.7084 0 16.2561 54.194 65.3802 73.7763 101.816 93.5648 56.6032 55.0983 65.6897 
49.4335 48.3914 16.2561 0 37.9379 49.1241 57.5202 85.5596 77.3087 44.26 38.8422 49.4335 
18.9352 28.1453 54.194 37.9379 0 11.1862 19.5823 47.6217 39.3708 64.5061 43.9878 18.9352 
26.9756 36.1857 65.3802 49.1241 11.1862 0 8.39609 36.4355 28.1845 56.4657 35.9475 26.9756 
32.074 41.2841 73.7763 57.5202 19.5823 8.39609 0 28.0395 19.7885 51.3673 30.8491 32.074 
36.1261 49.1074 101.816 85.5596 47.6217 36.4355 28.0395 0 15.3978 64.7076 46.7175 36.1261 
34.1315 43.3417 93.5648 77.3087 39.3708 28.1845 19.7885 15.3978 0 49.3097 38.4665 34.1315 
83.4413 92.6514 56.6032 44.26 64.5061 56.4657 51.3673 64.7076 49.3097 0 20.5183 83.4413 
62.923 72.1331 55.0983 38.8422 43.9878 35.9475 30.8491 46.7175 38.4665 20.5183 0 62.923 
0 0 0 0 0 0 0 0 0 0 0 0 
Printing tau_prime:
0 4.22054 19.6951 16.7261 5.87381 7.15344 8.77104 10.7908 11.6853 22.2565 16.9197 0 
4.22054 0 18.1849 16.0649 7.47354 10.1665 12.2901 14.9822 15.794 24.5896 19.1377 4.22054 
19.6951 18.1849 0 4.47386 14.9634 17.456 19.575 27.3265 24.8105 19.8132 16.4196 19.6951 
16.7261 16.0649 4.47386 0 11.4027 13.4221 15.3683 23.3263 20.5432 15.8808 12.0712 16.7261 
5.87381 7.47354 14.9634 11.4027 0 3.65292 6.25303 12.6277 11.1904 17.1167 11.6665 5.87381 
7.15344 10.1665 17.456 13.4221 3.65292 0 2.60467 9.90553 7.71068 15.1525 9.91426 7.15344 
8.77104 12.2901 19.575 15.3683 6.25303 2.60467 0 8.23368 5.2755 14.3619 9.56262 8.77104 
10.7908 14.9822 27.3265 23.3263 12.6277 9.90553 8.23368 0 4.63221 20.9317 17.0516 10.7908 
11.6853 15.794 24.8105 20.5432 11.1904 7.71068 5.2755 4.63221 0 16.3407 12.7407 11.6853 
22.2565 24.5896 19.8132 15.8808 17.1167 15.1525 14.3619 20.9317 16.3407 0 5.45534 22.2565 
16.9197 19.1377 16.4196 12.0712 11.6665 9.91426 9.56262 17.0516 12.7407 5.45534 0 16.9197 
0 0 0 0 0 0 0 0 0 0 0 0 
Printing number of nodes: 11

Version identifier: 22.1.1.0 | 2022-11-28 | 9160aff4d
CPXPARAM_ClockType                               0
CPXPARAM_Emphasis_MIP                            2
CPXPARAM_MIP_Tolerances_Integrality              0
Tried aggregator 4 times.
MIP Presolve eliminated 703 rows and 1376 columns.
MIP Presolve added 2 rows and 0 columns.
MIP Presolve modified 705 coefficients.
Aggregator did 46 substitutions.
Reduced MIP has 5384 rows, 293 columns, and 159621 nonzeros.
Reduced MIP has 284 binaries, 0 generals, 0 SOSs, and 0 indicators.
Presolve time = 0.27 sec. (1017.68 ticks)
Found incumbent of value 527.277000 after 0.35 sec. (1164.33 ticks)
Probing fixed 70 vars, tightened 0 bounds.
Probing changed sense of 15 constraints.
Probing time = 0.01 sec. (12.06 ticks)
Cover probing fixed 4 vars, tightened 0 bounds.
Tried aggregator 2 times.
MIP Presolve eliminated 1198 rows and 83 columns.
MIP Presolve added 2 rows and 0 columns.
MIP Presolve modified 117 coefficients.
Aggregator did 5 substitutions.
Reduced MIP has 4180 rows, 205 columns, and 116375 nonzeros.
Reduced MIP has 199 binaries, 0 generals, 0 SOSs, and 0 indicators.
Presolve time = 0.07 sec. (195.34 ticks)
Probing changed sense of 4 constraints.
Probing time = 0.01 sec. (7.71 ticks)
Tried aggregator 1 time.
Detecting symmetries...
MIP Presolve eliminated 39 rows and 36 columns.
MIP Presolve modified 68 coefficients.
Reduced MIP has 4139 rows, 169 columns, and 116193 nonzeros.
Reduced MIP has 166 binaries, 0 generals, 0 SOSs, and 0 indicators.
Presolve time = 0.06 sec. (183.11 ticks)
Probing changed sense of 3 constraints.
Probing time = 0.01 sec. (6.31 ticks)
Clique table members: 4923.
MIP emphasis: optimality.
MIP search method: dynamic search.
Parallel mode: deterministic, using up to 20 threads.
Root relaxation solution time = 0.01 sec. (22.99 ticks)

        Nodes                                         Cuts/
   Node  Left     Objective  IInf  Best Integer    Best Bound    ItCnt     Gap

*     0+    0                          527.2770       -3.6339           100.69%
*     0     0      integral     0      234.6357      234.6357       81    0.00%
Elapsed time = 0.54 sec. (1627.83 ticks, tree = 0.00 MB, solutions = 2)

Root node processing (before b&c):
  Real time             =    0.54 sec. (1628.25 ticks)
Parallel b&c, 20 threads:
  Real time             =    0.00 sec. (0.00 ticks)
  Sync time (average)   =    0.00 sec.
  Wait time (average)   =    0.00 sec.
                          ------------
Total (root+branch&cut) =    0.54 sec. (1628.25 ticks)
Truck arcs:
0 4
2 3
3 11
4 5
5 6
6 10
9 2
10 9
234.636
In write mode
