Instance name: /home/cuong/CLionProjects/uMV-FSTSP/50_dis_rand_ins/v52
Write arg val: 1

drone speed: 1 miles/minute
uav non-eligible customer: 11 
Printing tau:
0 20.8807 40.2301 28.125 26.3934 31.3828 21.4752 53.2191 51.7093 75.4944 74.6122 0 
20.8807 0 61.1107 49.0056 47.274 52.2634 42.3558 52.6331 45.5993 96.3751 95.4928 20.8807 
40.2301 61.1107 0 12.1051 41.6948 65.0161 40.932 87.9687 86.4589 35.2643 37.6757 40.2301 
28.125 49.0056 12.1051 0 31.0457 54.3669 30.2828 77.3195 75.8098 47.3694 46.4872 28.125 
26.3934 47.274 41.6948 31.0457 0 23.3213 4.9182 46.2739 44.7641 49.101 48.2188 26.3934 
31.3828 52.2634 65.0161 54.3669 23.3213 0 24.0841 22.9526 21.4428 44.1116 43.2294 31.3828 
21.4752 42.3558 40.932 30.2828 4.9182 24.0841 0 47.0367 45.527 54.0192 53.137 21.4752 
53.2191 52.6331 87.9687 77.3195 46.2739 22.9526 47.0367 0 7.03386 55.5834 50.293 53.2191 
51.7093 45.5993 86.4589 75.8098 44.7641 21.4428 45.527 7.03386 0 54.0736 49.8936 51.7093 
75.4944 96.3751 35.2643 47.3694 49.101 44.1116 54.0192 55.5834 54.0736 0 5.29037 75.4944 
74.6122 95.4928 37.6757 46.4872 48.2188 43.2294 53.137 50.293 49.8936 5.29037 0 74.6122 
0 0 0 0 0 0 0 0 0 0 0 0 
Printing tau_prime:
0 5.90595 14.0962 9.82129 7.23685 11.5611 5.92574 16.4327 15.1976 20.0283 19.7997 0 
5.90595 0 19.738 15.4981 12.5372 15.0898 11.239 18.443 16.7949 25.6957 25.3537 5.90595 
14.0962 19.738 0 4.27516 11.6489 17.3989 11.9388 23.4343 23.2919 12.6958 13.5249 14.0962 
9.82129 15.4981 4.27516 0 8.24502 14.4421 8.22126 20.525 20.1224 13.82 14.2586 9.82129 
7.23685 12.5372 11.6489 8.24502 0 6.32393 1.31973 12.3522 11.8782 13.2518 12.8303 7.23685 
11.5611 15.0898 17.3989 14.4421 6.32393 0 6.90553 6.08701 5.95415 14.5493 13.5631 11.5611 
5.92574 11.239 11.9388 8.22126 1.31973 6.90553 0 12.7667 12.1028 14.5022 14.1165 5.92574 
16.4327 18.443 23.4343 20.525 12.3522 6.08701 12.7667 0 1.90761 18.7554 17.5217 16.4327 
15.1976 16.7949 23.2919 20.1224 11.8782 5.95415 12.1028 1.90761 0 19.669 18.5031 15.1976 
20.0283 25.6957 12.6958 13.82 13.2518 14.5493 14.5022 18.7554 19.669 0 1.42219 20.0283 
19.7997 25.3537 13.5249 14.2586 12.8303 13.5631 14.1165 17.5217 18.5031 1.42219 0 19.7997 
0 0 0 0 0 0 0 0 0 0 0 0 
Printing number of nodes: 11

Version identifier: 22.1.1.0 | 2022-11-28 | 9160aff4d
CPXPARAM_ClockType                               0
CPXPARAM_Emphasis_MIP                            2
CPXPARAM_MIP_Tolerances_Integrality              0
Tried aggregator 4 times.
MIP Presolve eliminated 608 rows and 1414 columns.
MIP Presolve modified 476 coefficients.
Aggregator did 50 substitutions.
Reduced MIP has 5329 rows, 251 columns, and 159355 nonzeros.
Reduced MIP has 242 binaries, 0 generals, 0 SOSs, and 0 indicators.
Presolve time = 0.19 sec. (633.26 ticks)
Probing fixed 100 vars, tightened 0 bounds.
Probing changed sense of 25 constraints.
Probing time = 0.01 sec. (10.06 ticks)
Tried aggregator 2 times.
MIP Presolve eliminated 4245 rows and 114 columns.
MIP Presolve modified 107 coefficients.
Aggregator did 4 substitutions.
Reduced MIP has 1077 rows, 133 columns, and 24374 nonzeros.
Reduced MIP has 132 binaries, 0 generals, 0 SOSs, and 0 indicators.
Presolve time = 0.09 sec. (263.49 ticks)
Probing changed sense of 6 constraints.
Probing time = 0.00 sec. (3.58 ticks)
Tried aggregator 1 time.
Detecting symmetries...
MIP Presolve eliminated 30 rows and 15 columns.
MIP Presolve added 2 rows and 0 columns.
MIP Presolve modified 9 coefficients.
Reduced MIP has 1049 rows, 118 columns, and 24276 nonzeros.
Reduced MIP has 118 binaries, 0 generals, 0 SOSs, and 0 indicators.
Presolve time = 0.02 sec. (55.43 ticks)
Probing time = 0.00 sec. (2.98 ticks)
Clique table members: 291.
MIP emphasis: optimality.
MIP search method: dynamic search.
Parallel mode: deterministic, using up to 20 threads.
Root relaxation solution time = 0.01 sec. (4.95 ticks)

        Nodes                                         Cuts/
   Node  Left     Objective  IInf  Best Integer    Best Bound    ItCnt     Gap

*     0+    0                          413.4073        0.0000           100.00%
*     0+    0                          384.6335        0.0000           100.00%
*     0     0      integral     0      240.9130      240.9130       66    0.00%
Elapsed time = 0.38 sec. (1103.85 ticks, tree = 0.00 MB, solutions = 3)

Root node processing (before b&c):
  Real time             =    0.38 sec. (1103.92 ticks)
Parallel b&c, 20 threads:
  Real time             =    0.00 sec. (0.00 ticks)
  Sync time (average)   =    0.00 sec.
  Wait time (average)   =    0.00 sec.
                          ------------
Total (root+branch&cut) =    0.38 sec. (1103.92 ticks)
Truck arcs:
0 1
1 8
2 3
3 4
4 6
6 11
7 10
8 7
9 2
10 9
240.913
In write mode
