Instance name: /home/cuong/CLionProjects/uMV-FSTSP/50_dis_rand_ins/v65
Write arg val: 1

drone speed: 1 miles/minute
uav non-eligible customer: 2 11 
Printing tau:
0 2.89464 42.5983 53.7779 29.8129 24.2654 24.6611 64.5905 46.9426 95.4558 86.1619 0 
2.89464 0 45.4929 53.2806 29.3157 23.7682 24.1638 61.6959 44.0479 94.9586 85.6647 2.89464 
42.5983 45.4929 0 27.3775 53.6186 45.8467 48.5946 107.189 89.5409 69.0555 59.7615 42.5983 
53.7779 53.2806 27.3775 0 46.7159 38.944 41.6919 100.286 82.6382 44.7434 38.8179 53.7779 
29.8129 29.3157 53.6186 46.7159 0 7.77192 5.15188 53.5703 35.9223 65.6429 56.349 29.8129 
24.2654 23.7682 45.8467 38.944 7.77192 0 2.74792 61.3422 43.6942 71.1904 61.8965 24.2654 
24.6611 24.1638 48.5946 41.6919 5.15188 2.74792 0 58.5942 40.9463 70.7948 61.5009 24.6611 
64.5905 61.6959 107.189 100.286 53.5703 61.3422 58.5942 0 17.648 56.5966 61.4683 64.5905 
46.9426 44.0479 89.5409 82.6382 35.9223 43.6942 40.9463 17.648 0 54.9347 45.6408 46.9426 
95.4558 94.9586 69.0555 44.7434 65.6429 71.1904 70.7948 56.5966 54.9347 0 9.29392 95.4558 
86.1619 85.6647 59.7615 38.8179 56.349 61.8965 61.5009 61.4683 45.6408 9.29392 0 86.1619 
0 0 0 0 0 0 0 0 0 0 0 0 
Printing tau_prime:
0 0.778799 13.289 17.1154 8.42815 6.49174 6.72978 19.9878 16.4436 25.425 22.8621 0 
0.778799 0 13.8815 17.4446 8.06658 6.3032 6.45997 19.2642 15.7815 25.2325 22.7154 0.778799 
13.289 13.8815 0 7.48674 14.2465 12.1701 12.8938 28.6141 24.0365 22.8657 19.9523 13.289 
17.1154 17.4446 7.48674 0 13.9223 12.9568 13.4844 26.885 22.1929 16.2142 13.4048 17.1154 
8.42815 8.06658 14.2465 13.9223 0 2.53198 1.90813 14.4061 9.93954 17.4141 15.0878 8.42815 
6.49174 6.3032 12.1701 12.9568 2.53198 0 0.736166 16.7198 12.362 18.9397 16.4128 6.49174 
6.72978 6.45997 12.8938 13.4844 1.90813 0.736166 0 15.9868 11.6436 18.7897 16.3257 6.72978 
19.9878 19.2642 28.6141 26.885 14.4061 16.7198 15.9868 0 4.70033 21.0271 20.5668 19.9878 
16.4436 15.7815 24.0365 22.1929 9.93954 12.362 11.6436 4.70033 0 17.6964 16.7774 16.4436 
25.425 25.2325 22.8657 16.2142 17.4141 18.9397 18.7897 21.0271 17.6964 0 2.9227 25.425 
22.8621 22.7154 19.9523 13.4048 15.0878 16.4128 16.3257 20.5668 16.7774 2.9227 0 22.8621 
0 0 0 0 0 0 0 0 0 0 0 0 
Printing number of nodes: 11

Version identifier: 22.1.1.0 | 2022-11-28 | 9160aff4d
CPXPARAM_ClockType                               0
CPXPARAM_Emphasis_MIP                            2
CPXPARAM_MIP_Tolerances_Integrality              0
Tried aggregator 3 times.
MIP Presolve eliminated 979 rows and 1376 columns.
MIP Presolve modified 574 coefficients.
Aggregator did 43 substitutions.
Reduced MIP has 5109 rows, 296 columns, and 148156 nonzeros.
Reduced MIP has 288 binaries, 0 generals, 0 SOSs, and 0 indicators.
Presolve time = 0.21 sec. (754.11 ticks)
Found incumbent of value 562.321340 after 0.25 sec. (839.77 ticks)
Probing fixed 114 vars, tightened 0 bounds.
Probing changed sense of 32 constraints.
Probing time = 0.01 sec. (11.91 ticks)
Tried aggregator 1 time.
MIP Presolve eliminated 2180 rows and 118 columns.
MIP Presolve modified 124 coefficients.
Reduced MIP has 2925 rows, 178 columns, and 80214 nonzeros.
Reduced MIP has 174 binaries, 0 generals, 0 SOSs, and 0 indicators.
Presolve time = 0.04 sec. (110.92 ticks)
Probing time = 0.00 sec. (8.13 ticks)
Tried aggregator 1 time.
Detecting symmetries...
MIP Presolve eliminated 3 rows and 0 columns.
MIP Presolve added 4 rows and 0 columns.
MIP Presolve modified 3 coefficients.
Reduced MIP has 2926 rows, 178 columns, and 80214 nonzeros.
Reduced MIP has 174 binaries, 0 generals, 0 SOSs, and 0 indicators.
Presolve time = 0.03 sec. (84.27 ticks)
Probing time = 0.00 sec. (8.13 ticks)
Clique table members: 9322.
MIP emphasis: optimality.
MIP search method: dynamic search.
Parallel mode: deterministic, using up to 20 threads.
Root relaxation solution time = 0.02 sec. (18.69 ticks)

        Nodes                                         Cuts/
   Node  Left     Objective  IInf  Best Integer    Best Bound    ItCnt     Gap

*     0+    0                          562.3213       -3.0000           100.53%
      0     0      256.3873    54      562.3213      256.3873      137   54.41%
*     0+    0                          262.4648      256.3873             2.32%
      0     0        cutoff            262.4648      262.4648      185    0.00%
Elapsed time = 0.44 sec. (1240.91 ticks, tree = 0.01 MB, solutions = 2)

Clique cuts applied:  60
Implied bound cuts applied:  7
Mixed integer rounding cuts applied:  3
Zero-half cuts applied:  4
Lift and project cuts applied:  3
Gomory fractional cuts applied:  6

Root node processing (before b&c):
  Real time             =    0.44 sec. (1241.20 ticks)
Parallel b&c, 20 threads:
  Real time             =    0.00 sec. (0.00 ticks)
  Sync time (average)   =    0.00 sec.
  Wait time (average)   =    0.00 sec.
                          ------------
Total (root+branch&cut) =    0.44 sec. (1241.20 ticks)
Truck arcs:
0 1
1 6
2 11
3 2
4 8
6 4
7 9
8 7
9 10
10 3
262.465
In write mode
