Instance name: /home/cuong/CLionProjects/uMV-FSTSP/50_dis_rand_ins/v66
Write arg val: 1

drone speed: 1 miles/minute
uav non-eligible customer: 11 
Printing tau:
0 17.7021 40.7104 49.7339 39.0333 50.4843 51.422 48.3521 56.7247 98.7209 95.5553 0 
17.7021 0 54.2521 49.023 56.7354 68.1864 69.1241 55.4327 63.8053 116.423 113.257 17.7021 
40.7104 54.2521 0 9.02356 46.8391 24.9809 33.4926 89.0625 97.435 62.1709 59.0054 40.7104 
49.7339 49.023 9.02356 0 55.8627 34.0045 42.5162 98.086 106.459 67.4 64.2345 49.7339 
39.0333 56.7354 46.8391 55.8627 0 21.8582 13.3465 42.2233 50.5959 59.6876 56.522 39.0333 
50.4843 68.1864 24.9809 34.0045 21.8582 0 8.5117 64.0816 72.4541 48.2366 45.0711 50.4843 
51.422 69.1241 33.4926 42.5162 13.3465 8.5117 0 55.5699 63.9424 47.2988 44.1333 51.422 
48.3521 55.4327 89.0625 98.086 42.2233 64.0816 55.5699 0 8.37257 64.169 61.5414 48.3521 
56.7247 63.8053 97.435 106.459 50.5959 72.4541 63.9424 8.37257 0 62.1697 69.914 56.7247 
98.7209 116.423 62.1709 67.4 59.6876 48.2366 47.2988 64.169 62.1697 0 7.74431 98.7209 
95.5553 113.257 59.0054 64.2345 56.522 45.0711 44.1333 61.5414 69.914 7.74431 0 95.5553 
0 0 0 0 0 0 0 0 0 0 0 0 
Printing tau_prime:
0 5.05554 14.5073 15.585 10.4771 14.0214 13.769 15.7584 18.0874 26.2171 25.5782 0 
5.05554 0 16.9254 17.2307 15.4466 18.2255 18.3293 20.2001 22.4388 30.8743 30.0756 5.05554 
14.5073 16.9254 0 2.76546 12.4375 7.58488 9.71725 23.6222 25.8388 18.953 17.2643 14.5073 
15.585 17.2307 2.76546 0 14.9533 10.3501 12.4703 26.0231 28.2827 21.3853 19.5964 15.585 
10.4771 15.4466 12.4375 14.9533 0 6.54322 4.8287 11.259 13.4197 16.1219 15.8389 10.4771 
14.0214 18.2255 7.58488 10.3501 6.54322 0 2.27066 17.5095 19.5007 13.0781 11.9702 14.0214 
13.769 18.3293 9.71725 12.4703 4.8287 2.27066 0 15.3992 17.3312 12.5508 11.8093 13.769 
15.7584 20.2001 23.6222 26.0231 11.259 17.5095 15.3992 0 2.38942 22.204 22.9774 15.7584 
18.0874 22.4388 25.8388 28.2827 13.4197 19.5007 17.3312 2.38942 0 23.0652 24.0322 18.0874 
26.2171 30.8743 18.953 21.3853 16.1219 13.0781 12.5508 22.204 23.0652 0 2.21845 26.2171 
25.5782 30.0756 17.2643 19.5964 15.8389 11.9702 11.8093 22.9774 24.0322 2.21845 0 25.5782 
0 0 0 0 0 0 0 0 0 0 0 0 
Printing number of nodes: 11

Version identifier: 22.1.1.0 | 2022-11-28 | 9160aff4d
CPXPARAM_ClockType                               0
CPXPARAM_Emphasis_MIP                            2
CPXPARAM_MIP_Tolerances_Integrality              0
Tried aggregator 3 times.
MIP Presolve eliminated 464 rows and 1280 columns.
MIP Presolve modified 494 coefficients.
Aggregator did 57 substitutions.
Reduced MIP has 5466 rows, 378 columns, and 160277 nonzeros.
Reduced MIP has 369 binaries, 0 generals, 0 SOSs, and 0 indicators.
Presolve time = 0.12 sec. (368.79 ticks)
Probing fixed 222 vars, tightened 0 bounds.
Probing changed sense of 15 constraints.
Probing time = 0.01 sec. (12.77 ticks)
Tried aggregator 2 times.
MIP Presolve eliminated 3203 rows and 230 columns.
MIP Presolve added 4 rows and 0 columns.
MIP Presolve modified 154 coefficients.
Aggregator did 4 substitutions.
Reduced MIP has 2257 rows, 144 columns, and 61022 nonzeros.
Reduced MIP has 141 binaries, 0 generals, 0 SOSs, and 0 indicators.
Presolve time = 0.06 sec. (202.90 ticks)
Probing changed sense of 10 constraints.
Probing time = 0.01 sec. (11.15 ticks)
Tried aggregator 1 time.
Detecting symmetries...
MIP Presolve eliminated 34 rows and 21 columns.
MIP Presolve modified 4 coefficients.
Reduced MIP has 2223 rows, 123 columns, and 60905 nonzeros.
Reduced MIP has 123 binaries, 0 generals, 0 SOSs, and 0 indicators.
Presolve time = 0.03 sec. (99.13 ticks)
Probing time = 0.00 sec. (6.97 ticks)
Clique table members: 4138.
MIP emphasis: optimality.
MIP search method: dynamic search.
Parallel mode: deterministic, using up to 20 threads.
Root relaxation solution time = 0.01 sec. (9.35 ticks)

        Nodes                                         Cuts/
   Node  Left     Objective  IInf  Best Integer    Best Bound    ItCnt     Gap

*     0+    0                          419.9959       35.4042            91.57%
*     0     0      integral     0      284.8735      284.8735       36    0.00%
Elapsed time = 0.37 sec. (923.44 ticks, tree = 0.00 MB, solutions = 2)

Root node processing (before b&c):
  Real time             =    0.37 sec. (923.51 ticks)
Parallel b&c, 20 threads:
  Real time             =    0.00 sec. (0.00 ticks)
  Sync time (average)   =    0.00 sec.
  Wait time (average)   =    0.00 sec.
                          ------------
Total (root+branch&cut) =    0.37 sec. (923.51 ticks)
Truck arcs:
0 7
1 11
2 3
3 1
5 2
6 5
7 8
8 9
9 10
10 6
284.873
In write mode
