Instance name: /home/cuong/CLionProjects/uMV-FSTSP/50_dis_rand_ins/v78
Write arg val: 1

drone speed: 1 miles/minute
uav non-eligible customer: 1 9 11 
Printing tau:
0 9.63493 44.5876 60.0456 51.5491 25.3878 53.2313 41.6241 39.4873 94.8815 104.252 0 
9.63493 0 40.5653 56.0233 47.5267 21.3655 49.209 39.0046 39.3821 90.8592 100.23 9.63493 
44.5876 40.5653 0 15.458 32.7181 35.2598 45.1813 66.7325 67.11 50.2939 59.6643 44.5876 
60.0456 56.0233 15.458 0 39.9055 42.4472 52.3687 73.9199 74.2974 51.7491 47.3298 60.0456 
51.5491 47.5267 32.7181 39.9055 0 26.1612 12.4632 34.0144 34.3919 43.3325 52.7029 51.5491 
25.3878 21.3655 35.2598 42.4472 26.1612 0 27.8435 31.4727 31.8502 69.4937 78.8641 25.3878 
53.2313 49.209 45.1813 52.3687 12.4632 27.8435 0 21.5512 21.9287 41.6502 51.0207 53.2313 
41.6241 39.0046 66.7325 73.9199 34.0144 31.4727 21.5512 0 2.13683 53.2574 62.6279 41.6241 
39.4873 39.3821 67.11 74.2974 34.3919 31.8502 21.9287 2.13683 0 55.3942 64.7647 39.4873 
94.8815 90.8592 50.2939 51.7491 43.3325 69.4937 41.6502 53.2574 55.3942 0 9.37048 94.8815 
104.252 100.23 59.6643 47.3298 52.7029 78.8641 51.0207 62.6279 64.7647 9.37048 0 104.252 
0 0 0 0 0 0 0 0 0 0 0 0 
Printing tau_prime:
0 2.76854 15.4253 19.8258 13.7244 6.75503 14.2665 13.5082 13.1093 25.2316 27.6538 0 
2.76854 0 13.0292 17.5043 12.6717 6.00712 13.8449 14.3661 14.053 24.5027 26.7805 2.76854 
15.4253 13.0292 0 4.52033 8.8699 10.6459 12.1978 17.7126 17.8466 17.8179 19.0684 15.4253 
19.8258 17.5043 4.52033 0 10.8187 14.5308 14.0034 20.2005 20.4414 16.5415 17.173 19.8258 
13.7244 12.6717 8.8699 10.8187 0 6.9697 3.33478 9.39555 9.66413 11.9117 14.113 13.7244 
6.75503 6.00712 10.6459 14.5308 6.9697 0 7.83784 9.39055 9.23609 18.5916 20.9521 6.75503 
14.2665 13.8449 12.1978 14.0034 3.33478 7.83784 0 6.49076 6.86243 11.0454 13.5947 14.2665 
13.5082 14.3661 17.7126 20.2005 9.39555 9.39055 6.49076 0 0.575387 15.2968 18.0415 13.5082 
13.1093 14.053 17.8466 20.4414 9.66413 9.23609 6.86243 0.575387 0 15.8589 18.6026 13.1093 
25.2316 24.5027 17.8179 16.5415 11.9117 18.5916 11.0454 15.2968 15.8589 0 2.74719 25.2316 
27.6538 26.7805 19.0684 17.173 14.113 20.9521 13.5947 18.0415 18.6026 2.74719 0 27.6538 
0 0 0 0 0 0 0 0 0 0 0 0 
Printing number of nodes: 11

Version identifier: 22.1.1.0 | 2022-11-28 | 9160aff4d
CPXPARAM_ClockType                               0
CPXPARAM_Emphasis_MIP                            2
CPXPARAM_MIP_Tolerances_Integrality              0
Tried aggregator 3 times.
MIP Presolve eliminated 1073 rows and 1369 columns.
MIP Presolve modified 490 coefficients.
Aggregator did 46 substitutions.
Reduced MIP has 5156 rows, 300 columns, and 148359 nonzeros.
Reduced MIP has 292 binaries, 0 generals, 0 SOSs, and 0 indicators.
Presolve time = 0.16 sec. (641.07 ticks)
Found incumbent of value 523.259130 after 0.22 sec. (755.56 ticks)
Probing fixed 112 vars, tightened 0 bounds.
Probing changed sense of 34 constraints.
Probing time = 0.02 sec. (12.36 ticks)
Cover probing fixed 7 vars, tightened 0 bounds.
Tried aggregator 3 times.
MIP Presolve eliminated 1523 rows and 129 columns.
MIP Presolve added 6 rows and 0 columns.
MIP Presolve modified 144 coefficients.
Aggregator did 8 substitutions.
Reduced MIP has 3628 rows, 163 columns, and 99680 nonzeros.
Reduced MIP has 159 binaries, 0 generals, 0 SOSs, and 0 indicators.
Presolve time = 0.09 sec. (253.43 ticks)
Probing fixed 1 vars, tightened 0 bounds.
Probing changed sense of 14 constraints.
Probing time = 0.01 sec. (20.61 ticks)
Tried aggregator 1 time.
MIP Presolve eliminated 772 rows and 35 columns.
MIP Presolve modified 35 coefficients.
Reduced MIP has 2855 rows, 128 columns, and 79922 nonzeros.
Reduced MIP has 128 binaries, 0 generals, 0 SOSs, and 0 indicators.
Presolve time = 0.04 sec. (128.26 ticks)
Probing time = 0.00 sec. (8.28 ticks)
Tried aggregator 1 time.
Detecting symmetries...
Reduced MIP has 2855 rows, 128 columns, and 79922 nonzeros.
Reduced MIP has 128 binaries, 0 generals, 0 SOSs, and 0 indicators.
Presolve time = 0.02 sec. (35.69 ticks)
Probing time = 0.00 sec. (8.27 ticks)
Clique table members: 1748.
MIP emphasis: optimality.
MIP search method: dynamic search.
Parallel mode: deterministic, using up to 20 threads.
Root relaxation solution time = 0.01 sec. (13.49 ticks)

        Nodes                                         Cuts/
   Node  Left     Objective  IInf  Best Integer    Best Bound    ItCnt     Gap

*     0+    0                          523.2591       19.2699            96.32%
*     0+    0                          453.6399       19.2699            95.75%
*     0+    0                          435.4550       19.2699            95.57%
      0     0      242.4821    25      435.4550      242.4821       61   44.32%
*     0+    0                          403.2898      242.4821            39.87%
*     0+    0                          245.4568      242.4821             1.21%
      0     0        cutoff            245.4568      245.4568       66    0.00%
Elapsed time = 0.53 sec. (1570.29 ticks, tree = 0.01 MB, solutions = 5)

Clique cuts applied:  8
Zero-half cuts applied:  1
Gomory fractional cuts applied:  1

Root node processing (before b&c):
  Real time             =    0.53 sec. (1570.38 ticks)
Parallel b&c, 20 threads:
  Real time             =    0.00 sec. (0.00 ticks)
  Sync time (average)   =    0.00 sec.
  Wait time (average)   =    0.00 sec.
                          ------------
Total (root+branch&cut) =    0.53 sec. (1570.38 ticks)
Truck arcs:
0 1
1 2
2 3
3 10
4 6
6 7
7 8
8 11
9 4
10 9
245.457
In write mode
