Instance name: /home/cuong/CLionProjects/uMV-FSTSP/50_dis_rand_ins/v79
Write arg val: 1

drone speed: 1 miles/minute
uav non-eligible customer: 10 11 
Printing tau:
0 5.73054 61.1076 55.8272 36.2287 41.5399 31.5538 48.5939 48.9189 106.399 87.8464 0 
5.73054 0 66.8382 51.1155 41.9593 47.2705 37.2844 54.3245 54.6494 112.129 93.577 5.73054 
61.1076 66.8382 0 20.6273 29.9853 31.202 35.7657 90.3546 72.7823 45.291 37.6244 61.1076 
55.8272 51.1155 20.6273 0 38.8003 40.017 44.5807 99.1696 81.5973 65.9183 47.3661 55.8272 
36.2287 41.9593 29.9853 38.8003 0 5.31119 5.78039 60.3693 42.797 70.1699 51.6177 36.2287 
41.5399 47.2705 31.202 40.017 5.31119 0 9.9861 59.1526 41.5803 64.8588 46.3065 41.5399 
31.5538 37.2844 35.7657 44.5807 5.78039 9.9861 0 54.5889 37.0166 74.8448 56.2926 31.5538 
48.5939 54.3245 90.3546 99.1696 60.3693 59.1526 54.5889 0 17.5723 57.8047 52.7302 48.5939 
48.9189 54.6494 72.7823 81.5973 42.797 41.5803 37.0166 17.5723 0 57.4798 38.9275 48.9189 
106.399 112.129 45.291 65.9183 70.1699 64.8588 74.8448 57.8047 57.4798 0 18.5522 106.399 
87.8464 93.577 37.6244 47.3661 51.6177 46.3065 56.2926 52.7302 38.9275 18.5522 0 87.8464 
0 0 0 0 0 0 0 0 0 0 0 0 
Printing tau_prime:
0 1.96723 20.444 18.2855 10.6147 11.7858 8.88255 17.2662 14.6614 28.2605 23.4264 0 
1.96723 0 20.9743 18.2718 11.5955 12.8753 10.0372 19.2319 16.5929 29.7352 24.8443 1.96723 
20.444 20.9743 0 5.94815 10.3315 9.76607 12.3027 24.1876 19.5681 16.173 12.2395 20.444 
18.2855 18.2718 5.94815 0 10.3501 10.6148 12.0559 26.3842 21.7521 21.8852 17.5894 18.2855 
10.6147 11.5955 10.3315 10.3501 0 1.44482 1.9713 16.3402 11.8367 18.8284 13.8363 10.6147 
11.7858 12.8753 9.76607 10.6148 1.44482 0 2.91138 15.7963 11.1979 17.3875 12.3964 11.7858 
8.88255 10.0372 12.3027 12.0559 1.9713 2.91138 0 15.1639 10.8419 19.892 14.935 8.88255 
17.2662 19.2319 24.1876 26.3842 16.3402 15.7963 15.1639 0 4.66035 20.1805 17.4309 17.2662 
14.6614 16.5929 19.5681 21.7521 11.8367 11.1979 10.8419 4.66035 0 17.4356 13.909 14.6614 
28.2605 29.7352 16.173 21.8852 18.8284 17.3875 19.892 20.1805 17.4356 0 4.99323 28.2605 
23.4264 24.8443 12.2395 17.5894 13.8363 12.3964 14.935 17.4309 13.909 4.99323 0 23.4264 
0 0 0 0 0 0 0 0 0 0 0 0 
Printing number of nodes: 11

Version identifier: 22.1.1.0 | 2022-11-28 | 9160aff4d
CPXPARAM_ClockType                               0
CPXPARAM_Emphasis_MIP                            2
CPXPARAM_MIP_Tolerances_Integrality              0
Tried aggregator 3 times.
MIP Presolve eliminated 629 rows and 1313 columns.
MIP Presolve modified 584 coefficients.
Aggregator did 42 substitutions.
Reduced MIP has 5460 rows, 360 columns, and 160134 nonzeros.
Reduced MIP has 351 binaries, 0 generals, 0 SOSs, and 0 indicators.
Presolve time = 0.15 sec. (531.26 ticks)
Found incumbent of value 562.580640 after 0.28 sec. (780.39 ticks)
Probing fixed 202 vars, tightened 0 bounds.
Probing changed sense of 35 constraints.
Probing time = 0.01 sec. (14.34 ticks)
Cover probing fixed 4 vars, tightened 0 bounds.
Tried aggregator 2 times.
MIP Presolve eliminated 3207 rows and 212 columns.
MIP Presolve added 4 rows and 0 columns.
MIP Presolve modified 154 coefficients.
Aggregator did 6 substitutions.
Reduced MIP has 2244 rows, 142 columns, and 60989 nonzeros.
Reduced MIP has 139 binaries, 0 generals, 0 SOSs, and 0 indicators.
Presolve time = 0.05 sec. (155.83 ticks)
Probing changed sense of 1 constraints.
Probing time = 0.00 sec. (9.86 ticks)
Tried aggregator 1 time.
Detecting symmetries...
MIP Presolve eliminated 14 rows and 14 columns.
MIP Presolve modified 8 coefficients.
Reduced MIP has 2229 rows, 128 columns, and 60933 nonzeros.
Reduced MIP has 127 binaries, 0 generals, 0 SOSs, and 0 indicators.
Presolve time = 0.02 sec. (70.94 ticks)
Probing time = 0.00 sec. (7.05 ticks)
Clique table members: 5211.
MIP emphasis: optimality.
MIP search method: dynamic search.
Parallel mode: deterministic, using up to 20 threads.
Root relaxation solution time = 0.01 sec. (11.97 ticks)

        Nodes                                         Cuts/
   Node  Left     Objective  IInf  Best Integer    Best Bound    ItCnt     Gap

*     0+    0                          562.5806       10.4611            98.14%
      0     0      275.3759    16      562.5806      275.3759       66   51.05%
*     0+    0                          426.9454      275.3759            35.50%
      0     0      279.1598     7      426.9454      Cuts: 42       70   34.61%
*     0+    0                          279.1598      279.1598             0.00%
      0     0        cutoff            279.1598      279.1598       70    0.00%
Elapsed time = 0.43 sec. (1129.11 ticks, tree = 0.01 MB, solutions = 3)

Clique cuts applied:  29
Implied bound cuts applied:  1
Zero-half cuts applied:  2
Lift and project cuts applied:  1
Gomory fractional cuts applied:  1

Root node processing (before b&c):
  Real time             =    0.43 sec. (1129.37 ticks)
Parallel b&c, 20 threads:
  Real time             =    0.00 sec. (0.00 ticks)
  Sync time (average)   =    0.00 sec.
  Wait time (average)   =    0.00 sec.
                          ------------
Total (root+branch&cut) =    0.43 sec. (1129.37 ticks)
Truck arcs:
0 6
1 11
2 9
3 2
4 3
6 4
7 1
8 7
9 10
10 8
279.16
In write mode
