Instance name: /home/cuong/CLionProjects/uMV-FSTSP/50_dis_rand_ins/v85
Write arg val: 1

drone speed: 1 miles/minute
uav non-eligible customer: 1 7 11 
Printing tau:
0 18.4686 63.5784 46.0956 49.0303 40.3597 45.2527 52.4933 46.6077 79.9873 89.8372 0 
18.4686 0 45.1098 37.7781 42.9367 34.2661 39.1591 56.7828 44.6929 73.8937 83.7436 18.4686 
63.5784 45.1098 0 17.4828 43.5578 54.7251 40.149 101.893 89.8027 64.4793 60.956 63.5784 
46.0956 37.7781 17.4828 0 26.075 37.2423 22.6662 84.4098 72.3199 46.9965 45.9655 46.0956 
49.0303 42.9367 43.5578 26.075 0 11.1673 3.77763 58.3348 46.2449 30.957 40.8069 49.0303 
40.3597 34.2661 54.7251 37.2423 11.1673 0 14.5761 47.1675 35.0776 39.6276 49.4775 40.3597 
45.2527 39.1591 40.149 22.6662 3.77763 14.5761 0 61.7436 49.6537 34.7347 44.5845 45.2527 
52.4933 56.7828 101.893 84.4098 58.3348 47.1675 61.7436 0 12.0899 37.4133 55.4608 52.4933 
46.6077 44.6929 89.8027 72.3199 46.2449 35.0776 49.6537 12.0899 0 33.3797 43.3709 46.6077 
79.9873 73.8937 64.4793 46.9965 30.957 39.6276 34.7347 37.4133 33.3797 0 18.0476 79.9873 
89.8372 83.7436 60.956 45.9655 40.8069 49.4775 44.5845 55.4608 43.3709 18.0476 0 89.8372 
0 0 0 0 0 0 0 0 0 0 0 0 
Printing tau_prime:
0 5.15691 18.5167 16.874 14.0432 10.9564 13.5123 17.2327 14.1807 21.2112 24.2517 0 
5.15691 0 13.4011 12.4103 11.3927 9.43712 10.4666 19.4444 15.9955 20.256 22.2086 5.15691 
18.5167 13.4011 0 6.10665 12.7259 14.8269 11.4972 27.7343 24.272 21.8168 20.3185 18.5167 
16.874 12.4103 6.10665 0 7.04819 9.91917 6.02144 22.499 19.1904 15.7165 14.4043 16.874 
14.0432 11.3927 12.7259 7.04819 0 3.74894 1.34923 15.4956 12.2793 9.90755 10.8474 14.0432 
10.9564 9.43712 14.8269 9.91917 3.74894 0 4.07701 12.9144 9.44775 10.8215 13.3027 10.9564 
13.5123 10.4666 11.4972 6.02144 1.34923 4.07701 0 16.4844 13.1713 11.2452 11.9391 13.5123 
17.2327 19.4444 27.7343 22.499 15.4956 12.9144 16.4844 0 3.56552 12.3114 17.7294 17.2327 
14.1807 15.9955 24.272 19.1904 12.2793 9.44775 13.1713 3.56552 0 11.11 16.2376 14.1807 
21.2112 20.256 21.8168 15.7165 9.90755 10.8215 11.2452 12.3114 11.11 0 5.45193 21.2112 
24.2517 22.2086 20.3185 14.4043 10.8474 13.3027 11.9391 17.7294 16.2376 5.45193 0 24.2517 
0 0 0 0 0 0 0 0 0 0 0 0 
Printing number of nodes: 11

Version identifier: 22.1.1.0 | 2022-11-28 | 9160aff4d
CPXPARAM_ClockType                               0
CPXPARAM_Emphasis_MIP                            2
CPXPARAM_MIP_Tolerances_Integrality              0
Tried aggregator 3 times.
MIP Presolve eliminated 1088 rows and 1372 columns.
MIP Presolve modified 595 coefficients.
Aggregator did 38 substitutions.
Reduced MIP has 5149 rows, 305 columns, and 148323 nonzeros.
Reduced MIP has 297 binaries, 0 generals, 0 SOSs, and 0 indicators.
Presolve time = 0.15 sec. (607.24 ticks)
Found incumbent of value 631.398500 after 0.19 sec. (692.80 ticks)
Probing fixed 129 vars, tightened 0 bounds.
Probing changed sense of 42 constraints.
Probing time = 0.01 sec. (13.03 ticks)
Tried aggregator 2 times.
MIP Presolve eliminated 2237 rows and 139 columns.
MIP Presolve added 2 rows and 0 columns.
MIP Presolve modified 119 coefficients.
Aggregator did 4 substitutions.
Reduced MIP has 2905 rows, 162 columns, and 80135 nonzeros.
Reduced MIP has 158 binaries, 0 generals, 0 SOSs, and 0 indicators.
Presolve time = 0.09 sec. (272.11 ticks)
Probing fixed 1 vars, tightened 0 bounds.
Probing changed sense of 2 constraints.
Probing time = 0.01 sec. (15.25 ticks)
Tried aggregator 1 time.
Detecting symmetries...
MIP Presolve eliminated 25 rows and 21 columns.
MIP Presolve modified 12 coefficients.
Reduced MIP has 2880 rows, 141 columns, and 80032 nonzeros.
Reduced MIP has 140 binaries, 0 generals, 0 SOSs, and 0 indicators.
Presolve time = 0.04 sec. (121.31 ticks)
Probing time = 0.00 sec. (8.37 ticks)
Clique table members: 4711.
MIP emphasis: optimality.
MIP search method: dynamic search.
Parallel mode: deterministic, using up to 20 threads.
Root relaxation solution time = 0.02 sec. (15.97 ticks)

        Nodes                                         Cuts/
   Node  Left     Objective  IInf  Best Integer    Best Bound    ItCnt     Gap

*     0+    0                          631.3985       36.9372            94.15%
      0     0      267.8406    38      631.3985      267.8406       68   57.58%
*     0+    0                          268.5188      267.8406             0.25%
      0     0        cutoff            268.5188      268.5188       70    0.00%
Elapsed time = 0.49 sec. (1474.05 ticks, tree = 0.01 MB, solutions = 2)

Clique cuts applied:  33
Implied bound cuts applied:  2
Zero-half cuts applied:  1
Gomory fractional cuts applied:  4

Root node processing (before b&c):
  Real time             =    0.49 sec. (1474.34 ticks)
Parallel b&c, 20 threads:
  Real time             =    0.00 sec. (0.00 ticks)
  Sync time (average)   =    0.00 sec.
  Wait time (average)   =    0.00 sec.
                          ------------
Total (root+branch&cut) =    0.49 sec. (1474.34 ticks)
Truck arcs:
0 8
1 11
2 1
3 2
4 6
6 3
7 9
8 7
9 10
10 4
268.519
In write mode
