Instance name: /home/cuong/CLionProjects/uMV-FSTSP/50_dis_rand_ins/v86
Write arg val: 1

drone speed: 1 miles/minute
uav non-eligible customer: 6 8 11 
Printing tau:
0 34.5971 50.172 51.2934 35.5962 41.4163 47.0179 68.0473 60.5553 85.78 88.5476 0 
34.5971 0 65.4991 63.6564 34.7241 40.5442 46.1458 48.5205 59.6831 84.9079 87.6755 34.5971 
50.172 65.4991 0 1.84267 42.4639 54.9625 58.0117 98.9493 84.2802 38.5646 57.9128 50.172 
51.2934 63.6564 1.84267 0 40.6212 53.1198 56.1691 97.1066 82.4375 36.722 56.0701 51.2934 
35.5962 34.7241 42.4639 40.6212 0 12.4986 15.5479 56.4854 41.8163 50.1838 52.9514 35.5962 
41.4163 40.5442 54.9625 53.1198 12.4986 0 5.60162 43.9868 29.3177 44.3637 47.1313 41.4163 
47.0179 46.1458 58.0117 56.1691 15.5479 5.60162 0 40.9376 26.2684 38.7621 41.5297 47.0179 
68.0473 48.5205 98.9493 97.1066 56.4854 43.9868 40.9376 0 14.6691 60.3847 41.0365 68.0473 
60.5553 59.6831 84.2802 82.4375 41.8163 29.3177 26.2684 14.6691 0 45.7155 27.9923 60.5553 
85.78 84.9079 38.5646 36.722 50.1838 44.3637 38.7621 60.3847 45.7155 0 19.3481 85.78 
88.5476 87.6755 57.9128 56.0701 52.9514 47.1313 41.5297 41.0365 27.9923 19.3481 0 88.5476 
0 0 0 0 0 0 0 0 0 0 0 0 
Printing tau_prime:
0 9.17685 15.6249 15.6323 9.92429 12.7009 14.3915 22.2961 21.4049 22.8364 24.5478 0 
9.17685 0 21.7381 21.533 11.0494 11.108 12.3963 15.6271 16.591 23.6203 23.3353 9.17685 
15.6249 21.7381 0 0.571985 11.9048 14.7579 15.4054 26.2387 22.5171 13.9184 18.422 15.6249 
15.6323 21.533 0.571985 0 11.5476 14.327 14.9372 25.7542 21.9971 13.3582 17.8504 15.6323 
9.92429 11.0494 11.9048 11.5476 0 3.65591 5.11563 15.4183 12.9132 13.3471 14.6262 9.92429 
12.7009 11.108 14.7579 14.327 3.65591 0 1.69116 11.854 9.2839 12.5416 12.522 12.7009 
14.3915 12.3963 15.4054 14.9372 5.11563 1.69116 0 10.8735 7.83602 11.4994 11.0123 14.3915 
22.2961 15.6271 26.2387 25.7542 15.4183 11.854 10.8735 0 4.88787 18.6943 15.04 22.2961 
21.4049 16.591 22.5171 21.9971 12.9132 9.2839 7.83602 4.88787 0 13.8451 10.197 21.4049 
22.8364 23.6203 13.9184 13.3582 13.3471 12.5416 11.4994 18.6943 13.8451 0 5.18267 22.8364 
24.5478 23.3353 18.422 17.8504 14.6262 12.522 11.0123 15.04 10.197 5.18267 0 24.5478 
0 0 0 0 0 0 0 0 0 0 0 0 
Printing number of nodes: 11

Version identifier: 22.1.1.0 | 2022-11-28 | 9160aff4d
CPXPARAM_ClockType                               0
CPXPARAM_Emphasis_MIP                            2
CPXPARAM_MIP_Tolerances_Integrality              0
Tried aggregator 4 times.
MIP Presolve eliminated 2574 rows and 1492 columns.
MIP Presolve added 6 rows and 0 columns.
MIP Presolve modified 507 coefficients.
Aggregator did 29 substitutions.
Reduced MIP has 3678 rows, 194 columns, and 99865 nonzeros.
Reduced MIP has 189 binaries, 0 generals, 0 SOSs, and 0 indicators.
Presolve time = 0.23 sec. (720.61 ticks)
Found incumbent of value 572.197800 after 0.28 sec. (820.85 ticks)
Probing fixed 59 vars, tightened 0 bounds.
Probing changed sense of 11 constraints.
Probing time = 0.01 sec. (19.42 ticks)
Tried aggregator 1 time.
MIP Presolve eliminated 2615 rows and 76 columns.
MIP Presolve added 2 rows and 0 columns.
MIP Presolve modified 67 coefficients.
Reduced MIP has 1062 rows, 118 columns, and 24306 nonzeros.
Reduced MIP has 118 binaries, 0 generals, 0 SOSs, and 0 indicators.
Presolve time = 0.08 sec. (220.55 ticks)
Probing time = 0.00 sec. (2.87 ticks)
Tried aggregator 1 time.
Detecting symmetries...
Reduced MIP has 1062 rows, 118 columns, and 24306 nonzeros.
Reduced MIP has 118 binaries, 0 generals, 0 SOSs, and 0 indicators.
Presolve time = 0.01 sec. (11.31 ticks)
Probing time = 0.00 sec. (2.92 ticks)
Clique table members: 270.
MIP emphasis: optimality.
MIP search method: dynamic search.
Parallel mode: deterministic, using up to 20 threads.
Root relaxation solution time = 0.00 sec. (4.87 ticks)

        Nodes                                         Cuts/
   Node  Left     Objective  IInf  Best Integer    Best Bound    ItCnt     Gap

*     0+    0                          572.1978        0.0000           100.00%
*     0+    0                          487.6321        0.0000           100.00%
*     0+    0                          461.6764        0.0000           100.00%
*     0+    0                          411.1766        0.0000           100.00%
*     0     0      integral     0      275.9716      275.9716       59    0.00%
Elapsed time = 0.38 sec. (1092.85 ticks, tree = 0.00 MB, solutions = 5)

Root node processing (before b&c):
  Real time             =    0.38 sec. (1092.95 ticks)
Parallel b&c, 20 threads:
  Real time             =    0.00 sec. (0.00 ticks)
  Sync time (average)   =    0.00 sec.
  Wait time (average)   =    0.00 sec.
                          ------------
Total (root+branch&cut) =    0.38 sec. (1092.95 ticks)
Truck arcs:
0 2
1 11
2 3
3 9
5 1
6 5
7 8
8 6
9 10
10 7
275.972
In write mode
