Instance name: /home/cuong/CLionProjects/uMV-FSTSP/50_dis_rand_ins/v98
Write arg val: 1

drone speed: 1 miles/minute
uav non-eligible customer: 9 11 
Printing tau:
0 10.113 38.3156 38.2981 49.9647 39.844 47.0258 43.9411 45.2649 81.8173 100.686 0 
10.113 0 28.6373 33.0262 44.6928 34.5721 41.7539 54.0541 50.3014 76.5455 95.4145 10.113 
38.3156 28.6373 0 5.78366 27.7913 25.6237 43.3174 82.2567 78.504 47.9082 66.7772 38.3156 
38.2981 33.0262 5.78366 0 22.0077 19.84 37.5337 76.473 72.7204 43.5192 62.3883 38.2981 
49.9647 44.6928 27.7913 22.0077 0 10.1207 15.5261 54.4654 50.7127 31.8526 50.7217 49.9647 
39.844 34.5721 25.6237 19.84 10.1207 0 17.6937 56.633 52.8804 41.9733 60.8424 39.844 
47.0258 41.7539 43.3174 37.5337 15.5261 17.6937 0 38.9393 35.1866 34.7916 53.6606 47.0258 
43.9411 54.0541 82.2567 76.473 54.4654 56.633 38.9393 0 25.1092 61.6617 80.5307 43.9411 
45.2649 50.3014 78.504 72.7204 50.7127 52.8804 35.1866 25.1092 0 39.3571 55.4215 45.2649 
81.8173 76.5455 47.9082 43.5192 31.8526 41.9733 34.7916 61.6617 39.3571 0 18.8691 81.8173 
100.686 95.4145 66.7772 62.3883 50.7217 60.8424 53.6606 80.5307 55.4215 18.8691 0 100.686 
0 0 0 0 0 0 0 0 0 0 0 0 
Printing tau_prime:
0 3.02412 13.5673 13.3246 13.5396 11.0883 12.5399 12.8189 16.0507 21.6962 26.7162 0 
3.02412 0 10.6578 10.5845 11.8515 9.19279 11.7748 14.8667 17.0402 20.5036 25.3583 3.02412 
13.5673 10.6578 0 1.92521 8.51067 6.97437 12.0013 22.1144 21.0332 16.4053 19.949 13.5673 
13.3246 10.5845 1.92521 0 6.60493 5.27682 10.2182 20.8408 19.3712 14.5407 18.2283 13.3246 
13.5396 11.8515 8.51067 6.60493 0 2.74451 4.19008 16.4639 13.5049 8.9669 13.5721 13.5396 
11.0883 9.19279 6.97437 5.27682 2.74451 0 5.06351 15.8987 14.0955 11.6933 16.3099 11.0883 
12.5399 11.7748 12.0013 10.2182 4.19008 5.06351 0 12.5451 9.34194 9.29155 14.4133 12.5399 
12.8189 14.8667 22.1144 20.8408 16.4639 15.8987 12.5451 0 6.73204 19.9502 24.806 12.8189 
16.0507 17.0402 21.0332 19.3712 13.5049 14.0955 9.34194 6.73204 0 14.2427 18.7399 16.0507 
21.6962 20.5036 16.4053 14.5407 8.9669 11.6933 9.29155 19.9502 14.2427 0 5.14347 21.6962 
26.7162 25.3583 19.949 18.2283 13.5721 16.3099 14.4133 24.806 18.7399 5.14347 0 26.7162 
0 0 0 0 0 0 0 0 0 0 0 0 
Printing number of nodes: 11

Version identifier: 22.1.1.0 | 2022-11-28 | 9160aff4d
CPXPARAM_ClockType                               0
CPXPARAM_Emphasis_MIP                            2
CPXPARAM_MIP_Tolerances_Integrality              0
Tried aggregator 3 times.
MIP Presolve eliminated 681 rows and 1368 columns.
MIP Presolve modified 624 coefficients.
Aggregator did 39 substitutions.
Reduced MIP has 5411 rows, 308 columns, and 159776 nonzeros.
Reduced MIP has 299 binaries, 0 generals, 0 SOSs, and 0 indicators.
Presolve time = 0.19 sec. (685.07 ticks)
Found incumbent of value 491.020700 after 0.32 sec. (927.07 ticks)
Probing fixed 106 vars, tightened 0 bounds.
Probing changed sense of 23 constraints.
Probing time = 0.01 sec. (12.40 ticks)
Cover probing fixed 8 vars, tightened 0 bounds.
Tried aggregator 1 time.
MIP Presolve eliminated 1748 rows and 118 columns.
MIP Presolve added 2 rows and 0 columns.
MIP Presolve modified 121 coefficients.
Reduced MIP has 3661 rows, 190 columns, and 99843 nonzeros.
Reduced MIP has 185 binaries, 0 generals, 0 SOSs, and 0 indicators.
Presolve time = 0.04 sec. (104.48 ticks)
Probing changed sense of 6 constraints.
Probing time = 0.01 sec. (22.22 ticks)
Tried aggregator 1 time.
Detecting symmetries...
MIP Presolve eliminated 33 rows and 31 columns.
MIP Presolve modified 26 coefficients.
Reduced MIP has 3628 rows, 159 columns, and 99692 nonzeros.
Reduced MIP has 157 binaries, 0 generals, 0 SOSs, and 0 indicators.
Presolve time = 0.05 sec. (138.73 ticks)
Probing time = 0.00 sec. (9.69 ticks)
Clique table members: 5849.
MIP emphasis: optimality.
MIP search method: dynamic search.
Parallel mode: deterministic, using up to 20 threads.
Root relaxation solution time = 0.02 sec. (19.78 ticks)

        Nodes                                         Cuts/
   Node  Left     Objective  IInf  Best Integer    Best Bound    ItCnt     Gap

*     0+    0                          491.0207        0.0000           100.00%
*     0     0      integral     0      251.6882      251.6882       94    0.00%
Elapsed time = 0.47 sec. (1266.86 ticks, tree = 0.00 MB, solutions = 2)

Root node processing (before b&c):
  Real time             =    0.47 sec. (1267.22 ticks)
Parallel b&c, 20 threads:
  Real time             =    0.00 sec. (0.00 ticks)
  Sync time (average)   =    0.00 sec.
  Wait time (average)   =    0.00 sec.
                          ------------
Total (root+branch&cut) =    0.47 sec. (1267.22 ticks)
Truck arcs:
0 7
1 11
2 1
3 2
4 5
5 3
7 8
8 10
9 4
10 9
251.688
In write mode
