Instance name: /home/cuong/CLionProjects/uMV-FSTSP/rand_generated_instances_3p_settings/v100
Write arg val: 1

drone speed: 1 miles/minute
uav non-eligible customer: 3 5 12 
Printing tau:
0 8.79709 9.22628 7.96656 7.27496 11.73 15.3525 10.7904 4.13187 6.26883 5.12979 0 
8.79709 0 8.49679 1.16408 13.7369 20.5271 24.1496 19.5875 12.929 15.0659 13.9269 8.79709 
9.22628 8.49679 0 9.66087 5.24012 20.9563 24.5788 20.0167 13.3581 15.4951 14.3561 9.22628 
7.96656 1.16408 9.66087 0 14.901 19.4898 23.1122 18.5501 11.8916 14.0285 12.8895 7.96656 
7.27496 13.7369 5.24012 14.901 0 19.005 22.6274 18.0654 11.4068 13.5438 12.4048 7.27496 
11.73 20.5271 20.9563 19.4898 19.005 0 4.76731 3.7901 7.59818 8.34067 9.66878 11.73 
15.3525 24.1496 24.5788 23.1122 22.6274 4.76731 0 4.56207 11.2206 9.08366 10.2227 15.3525 
10.7904 19.5875 20.0167 18.5501 18.0654 3.7901 4.56207 0 6.65855 4.55058 5.87868 10.7904 
4.13187 12.929 13.3581 11.8916 11.4068 7.59818 11.2206 6.65855 0 2.13696 3.45717 4.13187 
6.26883 15.0659 15.4951 14.0285 13.5438 8.34067 9.08366 4.55058 2.13696 0 1.32811 6.26883 
5.12979 13.9269 14.3561 12.8895 12.4048 9.66878 10.2227 5.87868 3.45717 1.32811 0 5.12979 
0 0 0 0 0 0 0 0 0 0 0 0 
Printing tau_prime:
0 3.93164 3.31653 3.93191 3.55337 4.519 5.42903 3.84203 1.5149 2.49873 2.43408 0 
3.93164 0 3.0079 0.551272 4.88646 8.38517 8.90075 7.49258 4.99104 5.47158 4.98555 3.93164 
3.31653 3.0079 0 3.45476 1.97695 7.50509 8.70368 7.07844 4.82755 5.75195 5.54087 3.31653 
3.93191 0.551272 3.45476 0 5.27108 8.29147 8.67952 7.32919 4.8488 5.23114 4.71075 3.93191 
3.55337 4.88646 1.97695 5.27108 0 6.7513 8.33582 6.69189 4.93993 5.99409 5.98674 3.55337 
4.519 8.38517 7.50509 8.29147 6.7513 0 2.11688 1.38057 3.46981 3.52476 4.13897 4.519 
5.42903 8.90075 8.70368 8.67952 8.33582 2.11688 0 1.64952 3.99982 3.45112 4.00824 5.42903 
3.84203 7.49258 7.07844 7.32919 6.69189 1.38057 1.64952 0 2.505 2.26805 2.88534 3.84203 
1.5149 4.99104 4.82755 4.8488 4.93993 3.46981 3.99982 2.505 0 1.06651 1.2722 1.5149 
2.49873 5.47158 5.75195 5.23114 5.99409 3.52476 3.45112 2.26805 1.06651 0 0.618595 2.49873 
2.43408 4.98555 5.54087 4.71075 5.98674 4.13897 4.00824 2.88534 1.2722 0.618595 0 2.43408 
0 0 0 0 0 0 0 0 0 0 0 0 
Printing number of nodes: 11

Version identifier: 22.1.1.0 | 2022-11-28 | 9160aff4d
CPXPARAM_ClockType                               0
CPXPARAM_Emphasis_MIP                            2
CPXPARAM_MIP_Tolerances_Integrality              0
Tried aggregator 2 times.
MIP Presolve eliminated 887 rows and 610 columns.
MIP Presolve modified 1795 coefficients.
Aggregator did 2 substitutions.
Reduced MIP has 5385 rows, 1103 columns, and 152656 nonzeros.
Reduced MIP has 1095 binaries, 0 generals, 0 SOSs, and 0 indicators.
Presolve time = 0.07 sec. (195.96 ticks)
Found incumbent of value 147.941490 after 0.12 sec. (304.27 ticks)
Probing fixed 127 vars, tightened 0 bounds.
Probing changed sense of 32 constraints.
Probing time = 0.04 sec. (44.14 ticks)
Tried aggregator 1 time.
MIP Presolve eliminated 48 rows and 159 columns.
MIP Presolve modified 20 coefficients.
Reduced MIP has 5337 rows, 944 columns, and 151880 nonzeros.
Reduced MIP has 936 binaries, 0 generals, 0 SOSs, and 0 indicators.
Presolve time = 0.05 sec. (120.92 ticks)
Probing time = 0.01 sec. (14.28 ticks)
Tried aggregator 1 time.
Detecting symmetries...
Reduced MIP has 5337 rows, 944 columns, and 151880 nonzeros.
Reduced MIP has 936 binaries, 0 generals, 0 SOSs, and 0 indicators.
Presolve time = 0.03 sec. (82.97 ticks)
Probing time = 0.01 sec. (13.92 ticks)
Clique table members: 76859.
MIP emphasis: optimality.
MIP search method: dynamic search.
Parallel mode: deterministic, using up to 20 threads.
Root relaxation solution time = 0.04 sec. (78.92 ticks)

        Nodes                                         Cuts/
   Node  Left     Objective  IInf  Best Integer    Best Bound    ItCnt     Gap

*     0+    0                          147.9415      -10.0000           106.76%
      0     0       49.2495    53      147.9415       49.2495      584   66.71%
*     0+    0                           54.5481       49.2495             9.71%
*     0+    0                           49.2495       49.2495             0.00%
      0     0        cutoff             49.2495       49.2495      584    0.00%
Elapsed time = 0.43 sec. (989.98 ticks, tree = 0.01 MB, solutions = 3)

Root node processing (before b&c):
  Real time             =    0.43 sec. (990.52 ticks)
Parallel b&c, 20 threads:
  Real time             =    0.00 sec. (0.00 ticks)
  Sync time (average)   =    0.00 sec.
  Wait time (average)   =    0.00 sec.
                          ------------
Total (root+branch&cut) =    0.43 sec. (990.52 ticks)
Truck arcs:
0 1
1 3
3 10
5 8
7 5
8 11
9 7
10 9
49.2495
In write mode
