Instance name: /home/cuong/CLionProjects/uMV-FSTSP/rand_generated_instances_3p_settings/v12
Write arg val: 1

drone speed: 1 miles/minute
uav non-eligible customer: 1 12 
Printing tau:
0 9.52551 3.11544 10.5725 4.57139 10.3249 7.741 18.8544 11.7042 5.63741 3.12289 0 
9.52551 0 7.03354 7.01734 4.95412 19.8504 17.2665 28.3799 13.0737 7.11938 12.6484 9.52551 
3.11544 7.03354 0 8.08058 2.07943 12.8169 10.233 21.3463 8.58873 2.52197 5.61485 3.11544 
10.5725 7.01734 8.08058 0 6.00115 20.8974 18.3135 29.4269 14.1208 8.16641 13.6954 10.5725 
4.57139 4.95412 2.07943 6.00115 0 14.8963 12.3124 23.4258 9.80588 3.73911 7.69428 4.57139 
10.3249 19.8504 12.8169 20.8974 14.8963 0 3.02781 8.52946 12.8369 12.731 7.20202 10.3249 
7.741 17.2665 10.233 18.3135 12.3124 3.02781 0 11.1134 9.80905 10.1471 4.61811 7.741 
18.8544 28.3799 21.3463 29.4269 23.4258 8.52946 11.1134 0 15.3061 21.2605 15.7315 18.8544 
11.7042 13.0737 8.58873 14.1208 9.80588 12.8369 9.80905 15.3061 0 6.06676 10.1003 11.7042 
5.63741 7.11938 2.52197 8.16641 3.73911 12.731 10.1471 21.2605 6.06676 0 5.52902 5.63741 
3.12289 12.6484 5.61485 13.6954 7.69428 7.20202 4.61811 15.7315 10.1003 5.52902 0 3.12289 
0 0 0 0 0 0 0 0 0 0 0 0 
Printing tau_prime:
0 3.74699 1.41049 3.83083 1.75004 3.67231 2.81768 6.7025 4.32403 2.16708 1.24122 0 
3.74699 0 2.54492 2.50847 2.00289 7.30951 6.18161 10.0781 5.25288 2.54137 4.5994 3.74699 
1.41049 2.54492 0 3.45329 0.85187 4.77387 3.64353 7.55783 3.71232 0.892167 2.05583 1.41049 
3.83083 2.50847 3.45329 0 2.60395 7.40133 6.64821 10.5169 7.04911 4.04401 5.04192 3.83083 
1.75004 2.00289 0.85187 2.60395 0 5.37455 4.35309 8.2823 4.50116 1.52763 2.72233 1.75004 
3.67231 7.30951 4.77387 7.40133 5.37455 0 1.40731 3.20954 5.13211 5.09796 2.72392 3.67231 
2.81768 6.18161 3.64353 6.64821 4.35309 1.40731 0 3.92927 3.77155 3.82376 1.63599 2.81768 
6.7025 10.0781 7.55783 10.5169 8.2823 3.20954 3.92927 0 6.41224 7.62744 5.56347 6.7025 
4.32403 5.25288 3.71232 7.04911 4.50116 5.13211 3.77155 6.41224 0 3.00542 3.57415 4.32403 
2.16708 2.54137 0.892167 4.04401 1.52763 5.09796 3.82376 7.62744 3.00542 0 2.41969 2.16708 
1.24122 4.5994 2.05583 5.04192 2.72233 2.72392 1.63599 5.56347 3.57415 2.41969 0 1.24122 
0 0 0 0 0 0 0 0 0 0 0 0 
Printing number of nodes: 11

Version identifier: 22.1.1.0 | 2022-11-28 | 9160aff4d
CPXPARAM_ClockType                               0
CPXPARAM_Emphasis_MIP                            2
CPXPARAM_MIP_Tolerances_Integrality              0
Tried aggregator 2 times.
MIP Presolve eliminated 441 rows and 445 columns.
MIP Presolve modified 2038 coefficients.
Aggregator did 2 substitutions.
Reduced MIP has 5687 rows, 1268 columns, and 164992 nonzeros.
Reduced MIP has 1259 binaries, 0 generals, 0 SOSs, and 0 indicators.
Presolve time = 0.07 sec. (205.34 ticks)
Found incumbent of value 125.744640 after 0.13 sec. (326.47 ticks)
Probing fixed 146 vars, tightened 0 bounds.
Probing changed sense of 18 constraints.
Probing time = 0.04 sec. (54.53 ticks)
Tried aggregator 1 time.
MIP Presolve eliminated 31 rows and 164 columns.
MIP Presolve modified 46 coefficients.
Reduced MIP has 5656 rows, 1104 columns, and 164193 nonzeros.
Reduced MIP has 1095 binaries, 0 generals, 0 SOSs, and 0 indicators.
Presolve time = 0.07 sec. (181.31 ticks)
Probing time = 0.01 sec. (14.28 ticks)
Tried aggregator 1 time.
Detecting symmetries...
Reduced MIP has 5656 rows, 1104 columns, and 164193 nonzeros.
Reduced MIP has 1095 binaries, 0 generals, 0 SOSs, and 0 indicators.
Presolve time = 0.03 sec. (89.20 ticks)
Probing time = 0.01 sec. (14.79 ticks)
Clique table members: 83224.
MIP emphasis: optimality.
MIP search method: dynamic search.
Parallel mode: deterministic, using up to 20 threads.
Root relaxation solution time = 0.17 sec. (249.84 ticks)

        Nodes                                         Cuts/
   Node  Left     Objective  IInf  Best Integer    Best Bound    ItCnt     Gap

*     0+    0                          125.7446      -10.0000           107.95%
      0     0       37.6055    93      125.7446       37.6055     1804   70.09%
*     0+    0                          124.2361       37.6055            69.73%
      0     0       38.6099   138      124.2361      Cuts: 42     2173   68.92%
      0     0       38.7001   124      124.2361      Cuts: 11     2257   68.85%
*     0+    0                           54.1036       38.7001            28.47%
      0     0       38.7206   126       54.1036       Cuts: 8     2330   28.43%
*     0+    0                           46.9265       38.7206            17.49%
      0     0  -1.00000e+75     0       46.9265       38.7206     2330   17.49%
      0     0       38.7285   134       46.9265       Cuts: 7     2359   17.47%
      0     0       38.7348   159       46.9265       Cuts: 5     2385   17.46%
Detecting symmetries...
*     0+    0                           46.2315       38.7348            16.22%
      0     0       38.7372   165       46.2315       Cuts: 5     2409   16.21%
      0     0       38.7387   165       46.2315       Cuts: 2     2434   16.21%
*     0+    0                           43.5661       38.7387            11.08%
Detecting symmetries...
      0     2       38.7387   165       43.5661       38.7387     2434   11.08%
Elapsed time = 1.38 sec. (2565.87 ticks, tree = 0.02 MB, solutions = 6)
      2     3       39.1073   124       43.5661       38.7409     2672   11.08%
     11     6        cutoff             43.5661       39.3676     4014    9.64%
     97    35        cutoff             43.5661       39.6327     9734    9.03%
    244    49       42.2529    85       43.5661       39.6327    15533    9.03%
    481   118        cutoff             43.5661       40.0908    42084    7.98%
    717   140       42.7234    82       43.5661       40.5202    60714    6.99%
    905   174       43.3785    73       43.5661       40.8129    82426    6.32%
   1224   114        cutoff             43.5661       42.1565    93709    3.24%
   1312     5       43.5330    70       43.5661       42.3353   114506    2.83%

Cover cuts applied:  2
Implied bound cuts applied:  5
Flow cuts applied:  2
Mixed integer rounding cuts applied:  5
Zero-half cuts applied:  16
Lift and project cuts applied:  2
Gomory fractional cuts applied:  6

Root node processing (before b&c):
  Real time             =    1.35 sec. (2534.25 ticks)
Parallel b&c, 20 threads:
  Real time             =    3.08 sec. (2540.41 ticks)
  Sync time (average)   =    1.60 sec.
  Wait time (average)   =    0.00 sec.
                          ------------
Total (root+branch&cut) =    4.44 sec. (5074.65 ticks)
Truck arcs:
0 2
1 9
2 4
4 1
6 10
9 6
10 11
43.5661
In write mode
