Instance name: /home/cuong/CLionProjects/uMV-FSTSP/rand_generated_instances_3p_settings/v14
Write arg val: 1

drone speed: 1 miles/minute
uav non-eligible customer: 12 
Printing tau:
0 10.4083 8.12771 5.33786 9.57843 15.2829 19.4528 15.2118 17.7788 25.5256 15.5958 0 
10.4083 0 14.437 11.8741 9.84664 4.87462 9.04451 4.80354 14.1573 15.1173 11.9744 10.4083 
8.12771 14.437 0 2.78985 4.59035 19.3116 23.4815 19.2405 14.8339 29.5543 16.4707 8.12771 
5.33786 11.8741 2.78985 0 4.24057 16.7488 20.9187 16.6777 12.4409 26.9915 13.9078 5.33786 
9.57843 9.84664 4.59035 4.24057 0 14.7213 18.8912 14.6502 10.2436 24.964 11.8803 9.57843 
15.2829 4.87462 19.3116 16.7488 14.7213 0 7.22943 1.79124 12.9459 10.2427 10.7629 15.2829 
19.4528 9.04451 23.4815 20.9187 18.8912 7.22943 0 5.43819 8.64756 9.88998 7.01082 19.4528 
15.2118 4.80354 19.2405 16.6777 14.6502 1.79124 5.43819 0 11.1546 10.3138 8.97167 15.2118 
17.7788 14.1573 14.8339 12.4409 10.2436 12.9459 8.64756 11.1546 0 15.6064 2.18294 17.7788 
25.5256 15.1173 29.5543 26.9915 24.964 10.2427 9.88998 10.3138 15.6064 0 13.4235 25.5256 
15.5958 11.9744 16.4707 13.9078 11.8803 10.7629 7.01082 8.97167 2.18294 13.4235 0 15.5958 
0 0 0 0 0 0 0 0 0 0 0 0 
Printing tau_prime:
0 3.89627 3.20722 1.95708 3.3923 5.66706 8.09253 5.86599 7.35559 9.0573 7.05366 0 
3.89627 0 5.34711 4.24178 4.06881 1.77586 4.37395 2.00281 5.00733 5.36929 4.2942 3.89627 
3.20722 5.34711 0 1.33938 1.70205 6.92634 8.41771 6.82329 6.25689 10.6591 6.39391 3.20722 
1.95708 4.24178 1.33938 0 1.66182 5.92427 7.7686 5.91396 6.17815 9.60834 6.10997 1.95708 
3.3923 4.06881 1.70205 1.66182 0 5.46849 6.73652 5.28388 4.63919 9.20632 4.70839 3.3923 
5.66706 1.77586 6.92634 5.92427 5.46849 0 2.95069 0.633796 4.8431 3.74152 3.93559 5.66706 
8.09253 4.37395 8.41771 7.7686 6.73652 2.95069 0 2.43823 3.665 4.10322 2.77572 8.09253 
5.86599 2.00281 6.82329 5.91396 5.28388 0.633796 2.43823 0 4.24033 3.97167 3.31969 5.86599 
7.35559 5.00733 6.25689 6.17815 4.63919 4.8431 3.665 4.24033 0 7.58493 0.964634 7.35559 
9.0573 5.36929 10.6591 9.60834 9.20632 3.74152 4.10322 3.97167 7.58493 0 6.62732 9.0573 
7.05366 4.2942 6.39391 6.10997 4.70839 3.93559 2.77572 3.31969 0.964634 6.62732 0 7.05366 
0 0 0 0 0 0 0 0 0 0 0 0 
Printing number of nodes: 11

Version identifier: 22.1.1.0 | 2022-11-28 | 9160aff4d
CPXPARAM_ClockType                               0
CPXPARAM_Emphasis_MIP                            2
CPXPARAM_MIP_Tolerances_Integrality              0
Tried aggregator 1 time.
MIP Presolve eliminated 262 rows and 375 columns.
MIP Presolve modified 2083 coefficients.
Reduced MIP has 5724 rows, 1340 columns, and 167703 nonzeros.
Reduced MIP has 1330 binaries, 0 generals, 0 SOSs, and 0 indicators.
Presolve time = 0.06 sec. (164.34 ticks)
Found incumbent of value 156.373960 after 0.12 sec. (287.86 ticks)
Probing fixed 148 vars, tightened 0 bounds.
Probing time = 0.04 sec. (58.19 ticks)
Tried aggregator 1 time.
MIP Presolve eliminated 11 rows and 148 columns.
MIP Presolve modified 168 coefficients.
Reduced MIP has 5713 rows, 1192 columns, and 166934 nonzeros.
Reduced MIP has 1182 binaries, 0 generals, 0 SOSs, and 0 indicators.
Presolve time = 0.05 sec. (130.86 ticks)
Probing time = 0.01 sec. (15.00 ticks)
Tried aggregator 1 time.
Detecting symmetries...
MIP Presolve modified 2 coefficients.
Reduced MIP has 5713 rows, 1192 columns, and 166934 nonzeros.
Reduced MIP has 1182 binaries, 0 generals, 0 SOSs, and 0 indicators.
Presolve time = 0.04 sec. (92.40 ticks)
Probing time = 0.01 sec. (14.93 ticks)
Clique table members: 83754.
MIP emphasis: optimality.
MIP search method: dynamic search.
Parallel mode: deterministic, using up to 20 threads.
Root relaxation solution time = 0.18 sec. (268.52 ticks)

        Nodes                                         Cuts/
   Node  Left     Objective  IInf  Best Integer    Best Bound    ItCnt     Gap

*     0+    0                          156.3740      -10.0000           106.39%
*     0+    0                          115.0449      -10.0000           108.69%
      0     0       41.3132   161      115.0449       41.3132     1221   64.09%
*     0+    0                           53.0075       41.3132            22.06%
      0     0       42.3320   193       53.0075      Cuts: 42     2201   20.14%
      0     0       42.4011   200       53.0075       Cuts: 9     2278   20.01%
      0     0       42.4579   207       53.0075      Cuts: 10     2344   19.90%
      0     0       42.4837   215       53.0075       Cuts: 7     2395   19.85%
      0     0       42.5684   201       53.0075      Cuts: 11     2497   19.69%
Detecting symmetries...
      0     0       42.5857   206       53.0075       Cuts: 7     2543   19.66%
      0     0       42.6037   201       53.0075       Cuts: 4     2587   19.63%
      0     0       42.6139   213       53.0075       Cuts: 5     2614   19.61%
      0     0       42.6200   217       53.0075       Cuts: 4     2631   19.60%
      0     0       42.6579   210       53.0075      Cuts: 10     2681   19.52%
      0     0       42.6770   196       53.0075       Cuts: 9     2724   19.49%
      0     0       43.0672   191       53.0075       Cuts: 8     2908   18.75%
      0     0       43.1678   205       53.0075      Cuts: 10     3007   18.56%
      0     0       43.3146   215       53.0075      Cuts: 13     3128   18.29%
      0     0       43.3998   215       53.0075       Cuts: 8     3225   18.13%
      0     0       43.4059   220       53.0075   ZeroHalf: 5     3245   18.11%
      0     0       43.4076   220       53.0075   ZeroHalf: 5     3258   18.11%
Detecting symmetries...
      0     2       43.4076   218       53.0075       43.4076     3258   18.11%
Elapsed time = 2.62 sec. (5213.64 ticks, tree = 0.02 MB, solutions = 3)
      4     5       52.2758   270       53.0075       43.4189     4195   18.09%
     16     6       49.9290   112       53.0075       48.3009     5187    8.88%
*    46    18      integral     0       52.1722       48.6863     8460    6.68%
    196    33        cutoff             52.1722       49.8008    17586    4.55%
*   264    32      integral     0       51.5887       49.8240    16722    3.42%
    539    19       51.4424    85       51.5887       51.4424    35990    0.28%

Cover cuts applied:  9
Implied bound cuts applied:  34
Mixed integer rounding cuts applied:  4
Zero-half cuts applied:  32
Gomory fractional cuts applied:  1

Root node processing (before b&c):
  Real time             =    2.58 sec. (5154.22 ticks)
Parallel b&c, 20 threads:
  Real time             =    1.24 sec. (1301.28 ticks)
  Sync time (average)   =    0.76 sec.
  Wait time (average)   =    0.00 sec.
                          ------------
Total (root+branch&cut) =    3.82 sec. (6455.50 ticks)
Truck arcs:
0 7
1 4
2 3
3 11
4 2
5 1
7 5
51.5887
In write mode
