Instance name: /home/cuong/CLionProjects/uMV-FSTSP/rand_generated_instances_3p_settings/v15
Write arg val: 1

drone speed: 1 miles/minute
uav non-eligible customer: 1 10 12 
Printing tau:
0 5.07205 6.94996 12.9076 6.90455 17.2774 17.6341 14.5852 11.6558 14.133 4.15763 0 
5.07205 0 1.8779 7.83559 5.83163 22.3495 22.7062 19.6572 16.7278 16.3361 9.22968 5.07205 
6.94996 1.8779 0 7.79033 6.24323 24.2274 24.5841 21.5351 18.6058 16.7476 11.1076 6.94996 
12.9076 7.83559 7.79033 0 6.0031 30.1851 30.5418 27.4928 24.5634 13.687 17.0653 12.9076 
6.90455 5.83163 6.24323 6.0031 0 24.182 24.5387 21.4897 18.5603 10.5044 11.0622 6.90455 
17.2774 22.3495 24.2274 30.1851 24.182 0 3.05582 7.1706 8.9525 16.498 13.1198 17.2774 
17.6341 22.7062 24.5841 30.5418 24.5387 3.05582 0 4.11478 5.97834 16.8547 13.4765 17.6341 
14.5852 19.6572 21.5351 27.4928 21.4897 7.1706 4.11478 0 2.92937 13.8058 10.4275 14.5852 
11.6558 16.7278 18.6058 24.5634 18.5603 8.9525 5.97834 2.92937 0 10.8764 11.7213 11.6558 
14.133 16.3361 16.7476 13.687 10.5044 16.498 16.8547 13.8058 10.8764 0 16.807 14.133 
4.15763 9.22968 11.1076 17.0653 11.0622 13.1198 13.4765 10.4275 11.7213 16.807 0 4.15763 
0 0 0 0 0 0 0 0 0 0 0 0 
Printing tau_prime:
0 1.9551 2.62532 4.91674 2.7577 6.10858 6.33333 5.761 5.21669 5.00435 1.74772 0 
1.9551 0 0.679699 3.8053 2.16119 7.94339 8.24797 7.71409 7.12733 6.135 3.26743 1.9551 
2.62532 0.679699 0 3.46741 2.20737 8.61907 8.92759 8.37688 7.76349 6.52137 3.92718 2.62532 
4.91674 3.8053 3.46741 0 2.19177 10.8222 10.8219 9.74822 8.7917 5.78326 6.64117 4.91674 
2.7577 2.16119 2.20737 2.19177 0 8.64042 8.67738 7.7058 6.83601 4.60144 4.50131 2.7577 
6.10858 7.94339 8.61907 10.8222 8.64042 0 1.08773 2.70799 3.73748 7.65879 4.74071 6.10858 
6.33333 8.24797 8.92759 10.8219 8.67738 1.08773 0 1.81065 2.96882 7.11245 5.19064 6.33333 
5.761 7.71409 8.37688 9.74822 7.7058 2.70799 1.81065 0 1.21225 5.45165 5.09319 5.761 
5.21669 7.12733 7.76349 8.7917 6.83601 3.73748 2.96882 1.21225 0 4.24501 4.91948 5.21669 
5.00435 6.135 6.52137 5.78326 4.60144 7.65879 7.11245 5.45165 4.24501 0 6.06101 5.00435 
1.74772 3.26743 3.92718 6.64117 4.50131 4.74071 5.19064 5.09319 4.91948 6.06101 0 1.74772 
0 0 0 0 0 0 0 0 0 0 0 0 
Printing number of nodes: 11

Version identifier: 22.1.1.0 | 2022-11-28 | 9160aff4d
CPXPARAM_ClockType                               0
CPXPARAM_Emphasis_MIP                            2
CPXPARAM_MIP_Tolerances_Integrality              0
Tried aggregator 2 times.
MIP Presolve eliminated 895 rows and 681 columns.
MIP Presolve modified 1705 coefficients.
Aggregator did 2 substitutions.
Reduced MIP has 5377 rows, 1032 columns, and 152293 nonzeros.
Reduced MIP has 1024 binaries, 0 generals, 0 SOSs, and 0 indicators.
Presolve time = 0.08 sec. (264.48 ticks)
Found incumbent of value 221.071080 after 0.14 sec. (375.68 ticks)
Probing fixed 86 vars, tightened 0 bounds.
Probing changed sense of 32 constraints.
Probing time = 0.04 sec. (42.03 ticks)
Tried aggregator 1 time.
MIP Presolve eliminated 47 rows and 118 columns.
MIP Presolve modified 26 coefficients.
Reduced MIP has 5330 rows, 914 columns, and 151721 nonzeros.
Reduced MIP has 906 binaries, 0 generals, 0 SOSs, and 0 indicators.
Presolve time = 0.07 sec. (172.69 ticks)
Probing time = 0.01 sec. (14.14 ticks)
Tried aggregator 1 time.
Detecting symmetries...
Reduced MIP has 5330 rows, 914 columns, and 151721 nonzeros.
Reduced MIP has 906 binaries, 0 generals, 0 SOSs, and 0 indicators.
Presolve time = 0.03 sec. (82.59 ticks)
Probing time = 0.01 sec. (13.80 ticks)
Clique table members: 75450.
MIP emphasis: optimality.
MIP search method: dynamic search.
Parallel mode: deterministic, using up to 20 threads.
Root relaxation solution time = 0.20 sec. (222.42 ticks)

        Nodes                                         Cuts/
   Node  Left     Objective  IInf  Best Integer    Best Bound    ItCnt     Gap

*     0+    0                          221.0711        0.3153            99.86%
*     0+    0                           95.6252        0.3153            99.67%
      0     0       43.9262   140       95.6252       43.9262      951   54.06%
*     0+    0                           63.9514       43.9262            31.31%
      0     0       44.6175   141       63.9514      Cuts: 71     1647   30.23%
      0     0       44.6575   164       63.9514      Cuts: 17     1800   30.17%
      0     0       44.7161   174       63.9514      Cuts: 17     1906   30.08%
      0     0       44.9165   156       63.9514       Cuts: 9     2084   29.76%
      0     0       45.0212   167       63.9514       Cuts: 8     2163   29.60%
Detecting symmetries...
      0     0       45.0480   175       63.9514       Cuts: 8     2209   29.56%
      0     0       45.0599   167       63.9514       Cuts: 5     2228   29.54%
      0     0       45.0731   170       63.9514       Cuts: 2     2252   29.52%
      0     0       45.1244   171       63.9514       Cuts: 6     2309   29.44%
      0     0       45.1631   192       63.9514       Cuts: 5     2369   29.38%
      0     0       45.1763   189       63.9514       Cuts: 2     2397   29.36%
      0     0       45.2652   181       63.9514       Cuts: 6     2480   29.22%
      0     0       45.3619   198       63.9514       Cuts: 8     2560   29.07%
      0     0       45.4229   188       63.9514       Cuts: 5     2643   28.97%
      0     0       45.4300   191       63.9514       Cuts: 3     2692   28.96%
      0     0       45.4316   202       63.9514   Impl Bds: 1     2703   28.96%
      0     0       45.4371   194       63.9514   ZeroHalf: 2     2716   28.95%
Detecting symmetries...
      0     2       45.4371   194       63.9514       45.4371     2716   28.95%
Elapsed time = 1.67 sec. (3506.05 ticks, tree = 0.02 MB, solutions = 3)
*     9+    2                           62.2440       45.4371            27.00%
     12     5       56.1773    44       62.2440       45.4371     3518   27.00%
*    17+    4                           62.0072       45.5369            26.56%
*    17+    6                           59.8786       45.5369            23.95%
*    44+   11                           59.8492       45.5369            23.91%
*    47+    7                           57.9941       45.5369            21.48%
*   130    57      integral     0       57.3941       46.1628    12240   19.57%
    161    61       56.1773    53       57.3941       46.1628    13374   19.57%
*   163+   72                           56.8571       46.1628            18.81%
*   176+   71                           56.2571       46.1628            17.94%
*   256    27      integral     0       56.1773       46.1628    28524   17.83%
    308    25       48.5766   248       56.1773       48.2210    37455   14.16%
    433    48       52.1250    55       56.1773       48.3191    43384   13.99%
*   438    78      integral     0       55.5580       48.3191    50501   13.03%
*   576+   73                           55.1371       50.0751             9.18%
    713    60       53.0546    94       55.1371       51.3209    69408    6.92%
*   766    60      integral     0       53.9203       51.3488    77489    4.77%
   1032    36        cutoff             53.9203       52.0702    90235    3.43%
*  1033+   19                           53.9203       52.0702             3.43%
   1072    16       52.0702    55       53.9203       52.0702   102520    3.43%
   1228    11        cutoff             53.9203       52.0702   110688    3.43%

Clique cuts applied:  3
Cover cuts applied:  11
Implied bound cuts applied:  70
Flow cuts applied:  3
Mixed integer rounding cuts applied:  6
Zero-half cuts applied:  29
Lift and project cuts applied:  1
Gomory fractional cuts applied:  1

Root node processing (before b&c):
  Real time             =    1.64 sec. (3457.18 ticks)
Parallel b&c, 20 threads:
  Real time             =    2.57 sec. (2282.38 ticks)
  Sync time (average)   =    1.29 sec.
  Wait time (average)   =    0.00 sec.
                          ------------
Total (root+branch&cut) =    4.21 sec. (5739.56 ticks)
Truck arcs:
0 2
1 10
2 1
7 8
8 11
10 7
53.9203
In write mode
