Instance name: /home/cuong/CLionProjects/uMV-FSTSP/rand_generated_instances_3p_settings/v16
Write arg val: 1

drone speed: 1 miles/minute
uav non-eligible customer: 1 12 
Printing tau:
0 2.43286 3.50988 4.69059 3.63786 17.3868 23.2881 25.0498 16.8091 20.6419 14.0843 0 
2.43286 0 4.42107 5.60178 3.70995 18.298 24.1993 25.961 17.7203 21.5531 16.4399 2.43286 
3.50988 4.42107 0 3.16569 0.711121 13.8769 19.7782 21.54 13.2992 17.1321 17.3813 3.50988 
4.69059 5.60178 3.16569 0 3.42929 12.6962 18.5975 20.3592 12.1185 15.9514 14.2156 4.69059 
3.63786 3.70995 0.711121 3.42929 0 14.5881 20.4893 22.2511 14.0104 17.8432 17.6449 3.63786 
17.3868 18.298 13.8769 12.6962 14.5881 0 6.15538 7.66303 1.17542 9.86098 14.097 17.3868 
23.2881 24.1993 19.7782 18.5975 20.4893 6.15538 0 8.02209 7.3308 3.7056 9.20374 23.2881 
25.0498 25.961 21.54 20.3592 22.2511 7.66303 8.02209 0 8.24072 11.7277 15.9637 25.0498 
16.8091 17.7203 13.2992 12.1185 14.0104 1.17542 7.3308 8.24072 0 11.0364 15.2724 16.8091 
20.6419 21.5531 17.1321 15.9514 17.8432 9.86098 3.7056 11.7277 11.0364 0 6.55761 20.6419 
14.0843 16.4399 17.3813 14.2156 17.6449 14.097 9.20374 15.9637 15.2724 6.55761 0 14.0843 
0 0 0 0 0 0 0 0 0 0 0 0 
Printing tau_prime:
0 0.918497 1.72137 1.66001 1.62277 6.14725 8.50826 8.88343 5.95974 8.07436 7.02287 0 
0.918497 0 1.59813 2.13095 1.37912 6.52214 9.06797 9.18015 6.27866 8.75694 7.86715 0.918497 
1.72137 1.59813 0 1.19455 0.268137 5.04177 7.74826 7.632 4.76074 7.63467 7.19313 1.72137 
1.66001 2.13095 1.19455 0 1.3847 4.48899 6.93928 7.22457 4.30081 6.65242 6.02418 1.66001 
1.62277 1.37912 0.268137 1.3847 0 5.308 8.01534 7.88937 5.02393 7.89127 7.40529 1.62277 
6.14725 6.52214 5.04177 4.48899 5.308 0 3.01483 2.78852 0.463051 3.67142 5.11898 6.14725 
8.50826 9.06797 7.74826 6.93928 8.01534 3.01483 0 2.90383 3.459 1.60987 4.29794 8.50826 
8.88343 9.18015 7.632 7.22457 7.88937 2.78852 2.90383 0 2.92377 4.42956 6.84729 8.88343 
5.95974 6.27866 4.76074 4.30081 5.02393 0.463051 3.459 2.92377 0 4.13057 5.48488 5.95974 
8.07436 8.75694 7.63467 6.65242 7.89127 3.67142 1.60987 4.42956 4.13057 0 2.76012 8.07436 
7.02287 7.86715 7.19313 6.02418 7.40529 5.11898 4.29794 6.84729 5.48488 2.76012 0 7.02287 
0 0 0 0 0 0 0 0 0 0 0 0 
Printing number of nodes: 11

Version identifier: 22.1.1.0 | 2022-11-28 | 9160aff4d
CPXPARAM_ClockType                               0
CPXPARAM_Emphasis_MIP                            2
CPXPARAM_MIP_Tolerances_Integrality              0
Tried aggregator 2 times.
MIP Presolve eliminated 449 rows and 524 columns.
MIP Presolve modified 1829 coefficients.
Aggregator did 2 substitutions.
Reduced MIP has 5679 rows, 1189 columns, and 164581 nonzeros.
Reduced MIP has 1180 binaries, 0 generals, 0 SOSs, and 0 indicators.
Presolve time = 0.07 sec. (206.20 ticks)
Found incumbent of value 152.270180 after 0.13 sec. (324.79 ticks)
Probing fixed 131 vars, tightened 0 bounds.
Probing changed sense of 18 constraints.
Probing time = 0.04 sec. (50.16 ticks)
Tried aggregator 1 time.
MIP Presolve eliminated 31 rows and 149 columns.
MIP Presolve modified 60 coefficients.
Reduced MIP has 5648 rows, 1040 columns, and 163859 nonzeros.
Reduced MIP has 1031 binaries, 0 generals, 0 SOSs, and 0 indicators.
Presolve time = 0.07 sec. (184.19 ticks)
Probing time = 0.03 sec. (14.76 ticks)
Tried aggregator 1 time.
Detecting symmetries...
Reduced MIP has 5648 rows, 1040 columns, and 163859 nonzeros.
Reduced MIP has 1031 binaries, 0 generals, 0 SOSs, and 0 indicators.
Presolve time = 0.03 sec. (89.47 ticks)
Probing time = 0.01 sec. (14.53 ticks)
Clique table members: 82046.
MIP emphasis: optimality.
MIP search method: dynamic search.
Parallel mode: deterministic, using up to 20 threads.
Root relaxation solution time = 0.18 sec. (275.66 ticks)

        Nodes                                         Cuts/
   Node  Left     Objective  IInf  Best Integer    Best Bound    ItCnt     Gap

*     0+    0                          152.2702       -4.1343           102.72%
      0     0       37.8440   144      152.2702       37.8440     1281   75.15%
*     0+    0                           55.8164       37.8440            32.20%
      0     0       38.3354   181       55.8164      Cuts: 68     1913   27.07%
*     0+    0                           54.8314       40.7067            25.76%
      0     0       38.6121   167       54.8314      Cuts: 15     2144   25.76%
      0     0       38.7558   183       54.8314      Cuts: 19     2321   25.76%
      0     0       38.7847   194       54.8314       Cuts: 8     2376   25.76%
Detecting symmetries...
      0     2       38.7847   194       54.8314       45.5933     2376   16.85%
Elapsed time = 1.89 sec. (3959.82 ticks, tree = 0.02 MB, solutions = 3)
     12     3       41.4505   163       54.8314       45.5933     2728   16.85%
     56    15       48.9680   187       54.8314       46.3881     7439   15.40%
*   214   100      integral     0       54.2296       46.7441    13993   13.80%
    265   105    infeasible             54.2296       46.7441    15256   13.80%
    606   194       47.8217   172       54.2296       46.9366    22891   13.45%
    828   312        cutoff             54.2296       47.2342    36530   12.90%
   1032   403       51.3833   149       54.2296       47.2342    46834   12.90%
   1315   460       52.1163   190       54.2296       47.6831    58316   12.07%
   1611   535       50.1796    77       54.2296       48.6114    73257   10.36%
   1862   500    infeasible             54.2296       48.9616    82509    9.71%
*  2699     5      integral     0       53.8539       53.6129   112524    0.45%
   2705     3        cutoff             53.8539       53.6129   116212    0.45%
Elapsed time = 5.91 sec. (7089.47 ticks, tree = 0.02 MB, solutions = 6)

Clique cuts applied:  8
Cover cuts applied:  38
Implied bound cuts applied:  22
Flow cuts applied:  2
Mixed integer rounding cuts applied:  1
Zero-half cuts applied:  16
Gomory fractional cuts applied:  1

Root node processing (before b&c):
  Real time             =    1.84 sec. (3918.62 ticks)
Parallel b&c, 20 threads:
  Real time             =    4.24 sec. (3498.65 ticks)
  Sync time (average)   =    2.21 sec.
  Wait time (average)   =    0.00 sec.
                          ------------
Total (root+branch&cut) =    6.08 sec. (7417.27 ticks)
Truck arcs:
0 1
1 4
2 3
3 9
4 2
9 10
10 11
53.8539
In write mode
