Instance name: /home/cuong/CLionProjects/uMV-FSTSP/rand_generated_instances_3p_settings/v17
Write arg val: 1

drone speed: 1 miles/minute
uav non-eligible customer: 6 7 12 
Printing tau:
0 6.92801 5.69268 10.9064 4.80804 13.272 19.4831 8.65561 3.60495 8.96738 10.0271 0 
6.92801 0 12.6207 17.8344 11.7361 19.4203 25.6314 14.8039 4.81877 15.1157 16.9551 6.92801 
5.69268 12.6207 0 5.21369 2.29992 18.0144 24.2255 13.398 9.29763 13.7098 5.72944 5.69268 
10.9064 17.8344 5.21369 0 6.09832 19.8976 26.1087 15.2812 14.5113 15.593 7.61261 10.9064 
4.80804 11.7361 2.29992 6.09832 0 15.7145 21.9256 11.0981 8.413 11.4099 5.21903 4.80804 
13.272 19.4203 18.0144 19.8976 15.7145 0 6.21107 4.65458 14.6016 4.30466 12.285 13.272 
19.4831 25.6314 24.2255 26.1087 21.9256 6.21107 0 10.8275 20.8126 10.5157 18.4961 19.4831 
8.65561 14.8039 13.398 15.2812 11.0981 4.65458 10.8275 0 9.98514 1.60946 7.66857 8.65561 
3.60495 4.81877 9.29763 14.5113 8.413 14.6016 20.8126 9.98514 0 10.2969 13.632 3.60495 
8.96738 15.1157 13.7098 15.593 11.4099 4.30466 10.5157 1.60946 10.2969 0 7.98034 8.96738 
10.0271 16.9551 5.72944 7.61261 5.21903 12.285 18.4961 7.66857 13.632 7.98034 0 10.0271 
0 0 0 0 0 0 0 0 0 0 0 0 
Printing tau_prime:
0 3.27488 2.61956 4.51175 1.90667 4.70528 7.29507 3.65244 1.35846 3.47589 3.56224 0 
3.27488 0 4.48969 6.30766 4.35126 7.4142 10.2789 6.86564 2.06952 6.60077 6.50373 3.27488 
2.61956 4.48969 0 1.95988 0.871221 6.58297 8.57385 4.73695 3.50167 4.88266 2.54002 2.61956 
4.51175 6.30766 1.95988 0 2.61457 7.86092 9.34464 5.71462 5.46153 6.02521 2.70936 4.51175 
1.90667 4.35126 0.871221 2.61457 0 5.71799 7.78359 3.93476 3.00036 4.04336 2.20794 1.90667 
4.70528 7.4142 6.58297 7.86092 5.71799 0 3.00663 2.31777 5.41147 1.86423 5.39309 4.70528 
7.29507 10.2789 8.57385 9.34464 7.78359 3.00663 0 3.84979 8.22569 3.84412 6.63853 7.29507 
3.65244 6.86564 4.73695 5.71462 3.93476 2.31777 3.84979 0 4.81094 0.579607 3.12367 3.65244 
1.35846 2.06952 3.50167 5.46153 3.00036 5.41147 8.22569 4.81094 0 4.53208 4.88875 1.35846 
3.47589 6.60077 4.88266 6.02521 4.04336 1.86423 3.84412 0.579607 4.53208 0 3.52936 3.47589 
3.56224 6.50373 2.54002 2.70936 2.20794 5.39309 6.63853 3.12367 4.88875 3.52936 0 3.56224 
0 0 0 0 0 0 0 0 0 0 0 0 
Printing number of nodes: 11

Version identifier: 22.1.1.0 | 2022-11-28 | 9160aff4d
CPXPARAM_ClockType                               0
CPXPARAM_Emphasis_MIP                            2
CPXPARAM_MIP_Tolerances_Integrality              0
Tried aggregator 2 times.
MIP Presolve eliminated 883 rows and 586 columns.
MIP Presolve modified 1898 coefficients.
Aggregator did 2 substitutions.
Reduced MIP has 5389 rows, 1127 columns, and 152792 nonzeros.
Reduced MIP has 1119 binaries, 0 generals, 0 SOSs, and 0 indicators.
Presolve time = 0.07 sec. (196.61 ticks)
Found incumbent of value 146.119620 after 0.12 sec. (304.92 ticks)
Probing fixed 129 vars, tightened 0 bounds.
Probing changed sense of 32 constraints.
Probing time = 0.04 sec. (46.68 ticks)
Tried aggregator 1 time.
MIP Presolve eliminated 48 rows and 161 columns.
MIP Presolve modified 54 coefficients.
Reduced MIP has 5341 rows, 966 columns, and 152004 nonzeros.
Reduced MIP has 958 binaries, 0 generals, 0 SOSs, and 0 indicators.
Presolve time = 0.07 sec. (170.64 ticks)
Probing time = 0.03 sec. (14.54 ticks)
Tried aggregator 1 time.
Detecting symmetries...
Reduced MIP has 5341 rows, 966 columns, and 152004 nonzeros.
Reduced MIP has 958 binaries, 0 generals, 0 SOSs, and 0 indicators.
Presolve time = 0.03 sec. (82.83 ticks)
Probing time = 0.01 sec. (14.37 ticks)
Clique table members: 76341.
MIP emphasis: optimality.
MIP search method: dynamic search.
Parallel mode: deterministic, using up to 20 threads.
Root relaxation solution time = 0.10 sec. (152.42 ticks)

        Nodes                                         Cuts/
   Node  Left     Objective  IInf  Best Integer    Best Bound    ItCnt     Gap

*     0+    0                          146.1196      -10.0000           106.84%
      0     0       51.6171   109      146.1196       51.6171     1217   64.67%
*     0+    0                           75.6296       51.6171            31.75%
*     0+    0                           55.7617       51.6171             7.43%
      0     0       52.9007    76       55.7617      Cuts: 31     2476    5.13%
      0     0       52.9007    89       55.7617      Cuts: 13     2587    5.13%
*     0+    0                           55.0444       52.9007             3.89%
      0     0       52.9007    73       55.0444       Cuts: 4     2712    3.89%
Detecting symmetries...

Repeating presolve.
Tried aggregator 1 time.
MIP Presolve eliminated 1393 rows and 308 columns.
MIP Presolve modified 2905 coefficients.
Reduced MIP has 3948 rows, 658 columns, and 69922 nonzeros.
Reduced MIP has 650 binaries, 0 generals, 0 SOSs, and 0 indicators.
Presolve time = 0.18 sec. (775.07 ticks)
Probing time = 0.01 sec. (9.29 ticks)
Tried aggregator 1 time.
Detecting symmetries...
MIP Presolve eliminated 35 rows and 0 columns.
MIP Presolve modified 6 coefficients.
Reduced MIP has 3913 rows, 658 columns, and 69527 nonzeros.
Reduced MIP has 650 binaries, 0 generals, 0 SOSs, and 0 indicators.
Presolve time = 0.04 sec. (141.56 ticks)
Represolve time = 0.23 sec. (940.83 ticks)
Probing time = 0.00 sec. (9.41 ticks)
Clique table members: 20279.
MIP emphasis: optimality.
MIP search method: dynamic search.
Parallel mode: deterministic, using up to 20 threads.
Root relaxation solution time = 0.07 sec. (117.64 ticks)

        Nodes                                         Cuts/
   Node  Left     Objective  IInf  Best Integer    Best Bound    ItCnt     Gap

*     0+    0                           55.0444       52.9007             3.89%
      0     0       52.9007    89       55.0444       52.9007     3970    3.89%
      0     0       52.9007    81       55.0444       Cuts: 4     4092    3.89%
      0     0       52.9007    95       55.0444       Cuts: 9     4213    3.89%
      0     0       52.9007    91       55.0444       Cuts: 2     4372    3.89%
      0     0       52.9007    91       55.0444      Cuts: 15     4461    3.89%
Detecting symmetries...
      0     2       52.9007    91       55.0444       52.9007     4461    3.89%
Elapsed time = 1.92 sec. (4074.45 ticks, tree = 0.02 MB, solutions = 4)
*    13+    4                           55.0063       52.9007             3.83%
     52    27        cutoff             55.0063       52.9007    11539    3.83%
    309    24        cutoff             55.0063       52.9007    26112    3.83%
    535     9        cutoff             55.0063       52.9444    45490    3.75%

GUB cover cuts applied:  2
Cover cuts applied:  34
Mixed integer rounding cuts applied:  8
Zero-half cuts applied:  19
Lift and project cuts applied:  1
Gomory fractional cuts applied:  5

Root node processing (before b&c):
  Real time             =    1.83 sec. (4060.27 ticks)
Parallel b&c, 20 threads:
  Real time             =    0.77 sec. (813.14 ticks)
  Sync time (average)   =    0.40 sec.
  Wait time (average)   =    0.00 sec.
                          ------------
Total (root+branch&cut) =    2.61 sec. (4873.41 ticks)
Truck arcs:
0 9
4 11
5 6
6 7
7 10
9 5
10 4
55.0063
In write mode
