Instance name: /home/cuong/CLionProjects/uMV-FSTSP/rand_generated_instances_3p_settings/v20
Write arg val: 1

drone speed: 1 miles/minute
uav non-eligible customer: 7 10 12 
Printing tau:
0 4.04399 8.74836 4.38778 8.63955 14.8331 24.6143 22.0561 24.1065 6.10196 14.5555 0 
4.04399 0 12.4064 1.73295 4.98151 11.175 20.9563 18.3981 20.4485 2.05797 10.8975 4.04399 
8.74836 12.4064 0 13.1361 17.3879 23.5814 33.3627 30.8045 32.8549 13.1215 23.3039 8.74836 
4.38778 1.73295 13.1361 0 4.25177 10.4453 20.2266 17.6683 19.7187 3.79092 10.1677 4.38778 
8.63955 4.98151 17.3879 4.25177 0 6.19351 15.9748 13.4165 15.467 4.26641 5.91595 8.63955 
14.8331 11.175 23.5814 10.4453 6.19351 0 9.78127 7.22304 9.27347 10.4599 9.05462 14.8331 
24.6143 20.9563 33.3627 20.2266 15.9748 9.78127 0 2.55823 5.36003 20.2412 10.0588 24.6143 
22.0561 18.3981 30.8045 17.6683 13.4165 7.22304 2.55823 0 5.67813 17.683 9.36627 22.0561 
24.1065 20.4485 32.8549 19.7187 15.467 9.27347 5.36003 5.67813 0 19.7334 9.55102 24.1065 
6.10196 2.05797 13.1215 3.79092 4.26641 10.4599 20.2412 17.683 19.7334 0 10.1824 6.10196 
14.5555 10.8975 23.3039 10.1677 5.91595 9.05462 10.0588 9.36627 9.55102 10.1824 0 14.5555 
0 0 0 0 0 0 0 0 0 0 0 0 
Printing tau_prime:
0 1.92792 3.41346 1.75334 3.33604 6.01788 9.18869 8.37758 8.58791 2.6542 5.1522 0 
1.92792 0 4.38635 0.664796 1.76345 4.23395 7.5634 6.70632 7.23937 0.770277 4.20294 1.92792 
3.41346 4.38635 0 4.68644 6.14841 8.47252 11.8912 11.0105 11.6225 4.69369 8.41141 3.41346 
1.75334 0.664796 4.68644 0 1.59199 4.2655 7.4623 6.63779 6.97567 1.3403 3.74976 1.75334 
3.33604 1.76345 6.14841 1.59199 0 2.71817 5.87242 5.04589 5.47592 1.71503 2.62786 3.33604 
6.01788 4.23395 8.47252 4.2655 2.71817 0 3.4582 2.55611 3.78808 3.78248 3.2028 6.01788 
9.18869 7.5634 11.8912 7.4623 5.87242 3.4582 0 0.911438 1.90354 7.20004 4.78343 9.18869 
8.37758 6.70632 11.0105 6.63779 5.04589 2.55611 0.911438 0 2.1344 6.31696 4.24243 8.37758 
8.58791 7.23937 11.6225 6.97567 5.47592 3.78808 1.90354 2.1344 0 7.06346 3.61981 8.58791 
2.6542 0.770277 4.69369 1.3403 1.71503 3.78248 7.20004 6.31696 7.06346 0 4.33055 2.6542 
5.1522 4.20294 8.41141 3.74976 2.62786 3.2028 4.78343 4.24243 3.61981 4.33055 0 5.1522 
0 0 0 0 0 0 0 0 0 0 0 0 
Printing number of nodes: 11

Version identifier: 22.1.1.0 | 2022-11-28 | 9160aff4d
CPXPARAM_ClockType                               0
CPXPARAM_Emphasis_MIP                            2
CPXPARAM_MIP_Tolerances_Integrality              0
Tried aggregator 2 times.
MIP Presolve eliminated 896 rows and 681 columns.
MIP Presolve modified 1770 coefficients.
Aggregator did 2 substitutions.
Reduced MIP has 5376 rows, 1032 columns, and 152273 nonzeros.
Reduced MIP has 1024 binaries, 0 generals, 0 SOSs, and 0 indicators.
Presolve time = 0.08 sec. (278.33 ticks)
Found incumbent of value 185.207790 after 0.13 sec. (386.33 ticks)
Probing fixed 104 vars, tightened 0 bounds.
Probing changed sense of 32 constraints.
Probing time = 0.03 sec. (42.71 ticks)
Tried aggregator 1 time.
MIP Presolve eliminated 48 rows and 136 columns.
MIP Presolve modified 16 coefficients.
Reduced MIP has 5328 rows, 896 columns, and 151611 nonzeros.
Reduced MIP has 888 binaries, 0 generals, 0 SOSs, and 0 indicators.
Presolve time = 0.05 sec. (120.79 ticks)
Probing time = 0.01 sec. (13.82 ticks)
Tried aggregator 1 time.
Detecting symmetries...
Reduced MIP has 5328 rows, 896 columns, and 151611 nonzeros.
Reduced MIP has 888 binaries, 0 generals, 0 SOSs, and 0 indicators.
Presolve time = 0.03 sec. (82.45 ticks)
Probing time = 0.01 sec. (13.83 ticks)
Clique table members: 76706.
MIP emphasis: optimality.
MIP search method: dynamic search.
Parallel mode: deterministic, using up to 20 threads.
Root relaxation solution time = 0.06 sec. (95.94 ticks)

        Nodes                                         Cuts/
   Node  Left     Objective  IInf  Best Integer    Best Bound    ItCnt     Gap

*     0+    0                          185.2078      -10.0000           105.40%
      0     0       52.7067     6      185.2078       52.7067      771   71.54%
*     0+    0                           56.4625       52.7067             6.65%
      0     0       52.7067    52       56.4625       Cuts: 5      822    6.65%
*     0+    0                           52.7067       52.7067             0.00%
      0     0        cutoff             52.7067       52.7067      822    0.00%
Elapsed time = 0.55 sec. (1286.69 ticks, tree = 0.01 MB, solutions = 3)

Gomory fractional cuts applied:  1

Root node processing (before b&c):
  Real time             =    0.56 sec. (1287.24 ticks)
Parallel b&c, 20 threads:
  Real time             =    0.00 sec. (0.00 ticks)
  Sync time (average)   =    0.00 sec.
  Wait time (average)   =    0.00 sec.
                          ------------
Total (root+branch&cut) =    0.56 sec. (1287.24 ticks)
Truck arcs:
0 3
1 11
3 4
4 10
5 9
7 5
9 1
10 7
52.7067
In write mode
