Instance name: /home/cuong/CLionProjects/uMV-FSTSP/rand_generated_instances_3p_settings/v28
Write arg val: 1

drone speed: 1 miles/minute
uav non-eligible customer: 7 12 
Printing tau:
0 0.262864 4.74855 4.54755 8.10702 17.0759 17.3025 21.9999 11.0172 13.8511 4.33388 0 
0.262864 0 4.48569 4.28469 8.04782 16.813 17.0396 21.737 11.0764 13.9103 4.07102 0.262864 
4.74855 4.48569 0 1.43804 8.49529 12.3273 12.5539 17.2513 10.6289 13.4628 2.93973 4.74855 
4.54755 4.28469 1.43804 0 9.93334 12.5283 12.7549 17.4523 9.1909 12.0247 4.37777 4.54755 
8.10702 8.04782 8.49529 9.93334 0 19.0812 19.3078 24.0052 19.1242 21.9581 6.33919 8.10702 
17.0759 16.813 12.3273 12.5283 19.0812 0 6.48881 4.92404 15.8423 18.6762 12.742 17.0759 
17.3025 17.0396 12.5539 12.7549 19.3078 6.48881 0 4.69743 9.95503 12.1874 12.9686 17.3025 
21.9999 21.737 17.2513 17.4523 24.0052 4.92404 4.69743 0 14.6525 15.699 17.666 21.9999 
11.0172 11.0764 10.6289 9.1909 19.1242 15.8423 9.95503 14.6525 0 2.83385 13.5687 11.0172 
13.8511 13.9103 13.4628 12.0247 21.9581 18.6762 12.1874 15.699 2.83385 0 16.4025 13.8511 
4.33388 4.07102 2.93973 4.37777 6.33919 12.742 12.9686 17.666 13.5687 16.4025 0 4.33388 
0 0 0 0 0 0 0 0 0 0 0 0 
Printing tau_prime:
0 0.0952643 1.68447 1.73262 2.95265 6.27362 6.14556 7.79819 4.68193 5.37997 1.77808 0 
0.0952643 0 1.5938 1.65506 2.95618 6.1785 6.05513 7.70401 4.64863 5.36135 1.68762 0.0952643 
1.68447 1.5938 0 0.513368 3.83707 4.7321 4.46133 6.13888 3.8686 4.79135 1.04964 1.68447 
1.73262 1.65506 0.513368 0 4.2073 5.01498 4.50991 6.28682 3.39691 4.29634 1.54962 1.73262 
2.95265 2.95618 3.83707 4.2073 0 6.84527 7.65063 8.79518 7.5267 8.30022 2.98014 2.95265 
6.27362 6.1785 4.7321 5.01498 6.84527 0 2.29554 2.08481 6.57287 7.62316 4.57613 6.27362 
6.14556 6.05513 4.46133 4.50991 7.65063 2.29554 0 2.01844 4.82948 5.80482 4.8212 6.14556 
7.79819 7.70401 6.13888 6.28682 8.79518 2.08481 2.01844 0 6.83196 7.78303 6.2553 7.79819 
4.68193 4.64863 3.8686 3.39691 7.5267 6.57287 4.82948 6.83196 0 1.06806 4.91414 4.68193 
5.37997 5.36135 4.79135 4.29634 8.30022 7.62316 5.80482 7.78303 1.06806 0 5.84071 5.37997 
1.77808 1.68762 1.04964 1.54962 2.98014 4.57613 4.8212 6.2553 4.91414 5.84071 0 1.77808 
0 0 0 0 0 0 0 0 0 0 0 0 
Printing number of nodes: 11

Version identifier: 22.1.1.0 | 2022-11-28 | 9160aff4d
CPXPARAM_ClockType                               0
CPXPARAM_Emphasis_MIP                            2
CPXPARAM_MIP_Tolerances_Integrality              0
Tried aggregator 1 time.
MIP Presolve eliminated 441 rows and 445 columns.
MIP Presolve modified 1680 coefficients.
Reduced MIP has 5689 rows, 1270 columns, and 165005 nonzeros.
Reduced MIP has 1261 binaries, 0 generals, 0 SOSs, and 0 indicators.
Presolve time = 0.05 sec. (160.99 ticks)
Found incumbent of value 142.359634 after 0.11 sec. (280.79 ticks)
Probing fixed 150 vars, tightened 0 bounds.
Probing changed sense of 18 constraints.
Probing time = 0.04 sec. (54.23 ticks)
Tried aggregator 1 time.
MIP Presolve eliminated 31 rows and 168 columns.
MIP Presolve modified 116 coefficients.
Reduced MIP has 5658 rows, 1102 columns, and 164182 nonzeros.
Reduced MIP has 1093 binaries, 0 generals, 0 SOSs, and 0 indicators.
Presolve time = 0.07 sec. (185.02 ticks)
Probing time = 0.01 sec. (14.77 ticks)
Tried aggregator 1 time.
Detecting symmetries...
Reduced MIP has 5658 rows, 1102 columns, and 164182 nonzeros.
Reduced MIP has 1093 binaries, 0 generals, 0 SOSs, and 0 indicators.
Presolve time = 0.04 sec. (89.89 ticks)
Probing time = 0.01 sec. (14.77 ticks)
Clique table members: 82465.
MIP emphasis: optimality.
MIP search method: dynamic search.
Parallel mode: deterministic, using up to 20 threads.
Root relaxation solution time = 0.07 sec. (117.11 ticks)

        Nodes                                         Cuts/
   Node  Left     Objective  IInf  Best Integer    Best Bound    ItCnt     Gap

*     0+    0                          142.3596       -9.0000           106.32%
      0     0       50.2368    55      142.3596       50.2368      993   64.71%
*     0+    0                           62.3179       50.2368            19.39%
      0     0       50.2368    82       62.3179   Flowcuts: 1     1089   19.39%
*     0+    0                           54.4007       50.2368             7.65%
*     0+    0                           53.8018       50.2368             6.63%
      0     0       50.2368    63       53.8018       Cuts: 2     1278    6.63%
*     0+    0                           52.8492       50.2368             4.94%
*     0+    0                           51.8358       50.2368             3.08%
Detecting symmetries...

Repeating presolve.
Tried aggregator 2 times.
MIP Presolve eliminated 5115 rows and 613 columns.
MIP Presolve modified 1326 coefficients.
Aggregator did 4 substitutions.
Reduced MIP has 539 rows, 485 columns, and 5208 nonzeros.
Reduced MIP has 478 binaries, 0 generals, 0 SOSs, and 0 indicators.
Presolve time = 0.02 sec. (56.28 ticks)
Probing fixed 10 vars, tightened 0 bounds.
Probing changed sense of 48 constraints.
Probing time = 0.01 sec. (15.55 ticks)
Tried aggregator 1 time.
MIP Presolve eliminated 92 rows and 56 columns.
MIP Presolve modified 86 coefficients.
Reduced MIP has 447 rows, 429 columns, and 4415 nonzeros.
Reduced MIP has 422 binaries, 0 generals, 0 SOSs, and 0 indicators.
Presolve time = 0.00 sec. (6.36 ticks)
Probing time = 0.00 sec. (3.10 ticks)
Tried aggregator 1 time.
Detecting symmetries...
Reduced MIP has 447 rows, 429 columns, and 4415 nonzeros.
Reduced MIP has 422 binaries, 0 generals, 0 SOSs, and 0 indicators.
Presolve time = 0.00 sec. (3.23 ticks)
Represolve time = 0.05 sec. (90.75 ticks)
Probing time = 0.00 sec. (3.10 ticks)
Clique table members: 6826.
MIP emphasis: optimality.
MIP search method: dynamic search.
Parallel mode: deterministic, using up to 20 threads.
Root relaxation solution time = 0.01 sec. (10.14 ticks)

        Nodes                                         Cuts/
   Node  Left     Objective  IInf  Best Integer    Best Bound    ItCnt     Gap

*     0+    0                           51.8358       50.2368             3.08%
      0     0       50.2368    59       51.8358       50.2368     1733    3.08%
      0     0       50.2368    16       51.8358       Cuts: 3     1736    3.08%
*     0+    0                           51.0410       50.2368             1.58%
      0     0       50.2368    45       51.0410       Cuts: 3     1789    1.58%
*     0+    0                           51.0410       50.2368             1.58%
Detecting symmetries...
      0     2       50.2368    23       51.0410       50.2368     1789    1.58%
Elapsed time = 1.15 sec. (2085.75 ticks, tree = 0.02 MB, solutions = 8)

Cover cuts applied:  182
Mixed integer rounding cuts applied:  1
Zero-half cuts applied:  3
Gomory fractional cuts applied:  1

Root node processing (before b&c):
  Real time             =    1.15 sec. (2085.62 ticks)
Parallel b&c, 20 threads:
  Real time             =    0.11 sec. (93.62 ticks)
  Sync time (average)   =    0.05 sec.
  Wait time (average)   =    0.00 sec.
                          ------------
Total (root+branch&cut) =    1.26 sec. (2179.24 ticks)
Truck arcs:
0 1
1 3
2 5
3 2
5 7
6 10
7 6
10 11
51.041
In write mode
