Instance name: /home/cuong/CLionProjects/uMV-FSTSP/rand_generated_instances_3p_settings/v29
Write arg val: 1

drone speed: 1 miles/minute
uav non-eligible customer: 7 10 12 
Printing tau:
0 4.70769 6.48579 3.11232 7.65153 13.0611 9.20551 16.0494 20.3406 8.99456 16.702 0 
4.70769 0 10.2253 7.82001 11.3911 17.7688 13.9132 20.7571 25.0483 4.28687 21.4097 4.70769 
6.48579 10.2253 0 9.37475 2.94915 19.3235 15.4679 22.3118 26.6031 7.17246 22.9644 6.48579 
3.11232 7.82001 9.37475 0 6.4256 9.94876 6.09319 12.9371 17.2283 12.1069 13.5897 3.11232 
7.65153 11.3911 2.94915 6.4256 0 16.3744 12.5188 19.3627 23.6539 8.33821 20.0153 7.65153 
13.0611 17.7688 19.3235 9.94876 16.3744 0 3.85557 5.59315 7.27955 22.0556 8.42096 13.0611 
9.20551 13.9132 15.4679 6.09319 12.5188 3.85557 0 7.31798 11.1351 18.2001 7.4965 9.20551 
16.0494 20.7571 22.3118 12.9371 19.3627 5.59315 7.31798 0 6.70419 25.044 14.0141 16.0494 
20.3406 25.0483 26.6031 17.2283 23.6539 7.27955 11.1351 6.70419 0 29.3352 7.30992 20.3406 
8.99456 4.28687 7.17246 12.1069 8.33821 22.0556 18.2001 25.044 29.3352 0 25.6966 8.99456 
16.702 21.4097 22.9644 13.5897 20.0153 8.42096 7.4965 14.0141 7.30992 25.6966 0 16.702 
0 0 0 0 0 0 0 0 0 0 0 0 
Printing tau_prime:
0 2.12563 3.18754 1.5152 2.94796 5.30262 3.81829 7.29456 7.52449 3.18931 5.91668 0 
2.12563 0 3.65674 3.6375 4.05741 7.40946 5.93393 9.42014 9.53568 1.86068 7.62902 2.12563 
3.18754 3.65674 0 3.54286 1.12119 6.83908 5.47677 8.21434 9.40594 2.71359 8.54498 3.18754 
1.5152 3.6375 3.54286 0 2.81577 3.8498 2.35647 5.78525 6.20286 4.46898 5.00798 1.5152 
2.94796 4.05741 1.12119 2.81577 0 5.79005 4.48242 7.09886 8.37735 3.56726 7.7161 2.94796 
5.30262 7.40946 6.83908 3.8498 5.79005 0 1.49334 2.24203 2.60351 8.30209 3.24363 5.30262 
3.81829 5.93393 5.47677 2.35647 4.48242 1.49334 0 3.54245 3.94284 6.81325 3.5538 3.81829 
7.29456 9.42014 8.21434 5.78525 7.09886 2.24203 3.54245 0 2.81427 10.0845 4.96011 7.29456 
7.52449 9.53568 9.40594 6.20286 8.37735 2.60351 3.94284 2.81427 0 10.6585 2.88692 7.52449 
3.18931 1.86068 2.71359 4.46898 3.56726 8.30209 6.81325 10.0845 10.6585 0 9.08601 3.18931 
5.91668 7.62902 8.54498 5.00798 7.7161 3.24363 3.5538 4.96011 2.88692 9.08601 0 5.91668 
0 0 0 0 0 0 0 0 0 0 0 0 
Printing number of nodes: 11

Version identifier: 22.1.1.0 | 2022-11-28 | 9160aff4d
CPXPARAM_ClockType                               0
CPXPARAM_Emphasis_MIP                            2
CPXPARAM_MIP_Tolerances_Integrality              0
Tried aggregator 2 times.
MIP Presolve eliminated 897 rows and 692 columns.
MIP Presolve modified 1641 coefficients.
Aggregator did 2 substitutions.
Reduced MIP has 5375 rows, 1021 columns, and 152243 nonzeros.
Reduced MIP has 1013 binaries, 0 generals, 0 SOSs, and 0 indicators.
Presolve time = 0.07 sec. (195.54 ticks)
Found incumbent of value 185.560900 after 0.12 sec. (304.04 ticks)
Probing fixed 113 vars, tightened 0 bounds.
Probing changed sense of 32 constraints.
Probing time = 0.05 sec. (41.16 ticks)
Tried aggregator 1 time.
MIP Presolve eliminated 48 rows and 145 columns.
MIP Presolve modified 96 coefficients.
Reduced MIP has 5327 rows, 876 columns, and 151538 nonzeros.
Reduced MIP has 868 binaries, 0 generals, 0 SOSs, and 0 indicators.
Presolve time = 0.06 sec. (172.95 ticks)
Probing time = 0.01 sec. (13.73 ticks)
Tried aggregator 1 time.
Detecting symmetries...
Reduced MIP has 5327 rows, 876 columns, and 151538 nonzeros.
Reduced MIP has 868 binaries, 0 generals, 0 SOSs, and 0 indicators.
Presolve time = 0.03 sec. (82.53 ticks)
Probing time = 0.01 sec. (13.67 ticks)
Clique table members: 76481.
MIP emphasis: optimality.
MIP search method: dynamic search.
Parallel mode: deterministic, using up to 20 threads.
Root relaxation solution time = 0.06 sec. (115.65 ticks)

        Nodes                                         Cuts/
   Node  Left     Objective  IInf  Best Integer    Best Bound    ItCnt     Gap

*     0+    0                          185.5609      -10.0000           105.39%
*     0+    0                          165.9310      -10.0000           106.03%
      0     0       55.7655    79      165.9310       55.7655      995   66.39%
*     0+    0                           75.4998       55.7655            26.14%
*     0+    0                           69.3044       55.7655            19.54%
      0     0       55.7655    98       69.3044      Cuts: 14     1278   19.54%
*     0+    0                           67.8766       55.7655            17.84%
      0     0       55.7655    61       67.8766       Cuts: 2     1541   17.84%
*     0+    0                           65.7121       55.7655            15.14%
      0     0       55.7655    90       65.7121      Cuts: 21     1891   15.14%
*     0+    0                           59.6213       55.7655             6.47%
      0     0  -1.00000e+75     0       59.6213       55.7655     1891    6.47%
Detecting symmetries...

Repeating presolve.
Tried aggregator 2 times.
MIP Presolve eliminated 4813 rows and 367 columns.
MIP Presolve modified 2539 coefficients.
Aggregator did 5 substitutions.
Reduced MIP has 509 rows, 504 columns, and 4621 nonzeros.
Reduced MIP has 496 binaries, 0 generals, 0 SOSs, and 0 indicators.
Presolve time = 0.09 sec. (345.17 ticks)
Probing fixed 2 vars, tightened 0 bounds.
Probing changed sense of 27 constraints.
Probing time = 0.01 sec. (15.71 ticks)
Tried aggregator 1 time.
MIP Presolve eliminated 73 rows and 30 columns.
MIP Presolve modified 185 coefficients.
Reduced MIP has 436 rows, 474 columns, and 3857 nonzeros.
Reduced MIP has 466 binaries, 0 generals, 0 SOSs, and 0 indicators.
Presolve time = 0.00 sec. (4.71 ticks)
Probing time = 0.00 sec. (3.10 ticks)
Tried aggregator 1 time.
Detecting symmetries...
Reduced MIP has 436 rows, 474 columns, and 3857 nonzeros.
Reduced MIP has 466 binaries, 0 generals, 0 SOSs, and 0 indicators.
Presolve time = 0.00 sec. (2.67 ticks)
Represolve time = 0.12 sec. (381.78 ticks)
Probing time = 0.00 sec. (3.10 ticks)
Clique table members: 14627.
MIP emphasis: optimality.
MIP search method: dynamic search.
Parallel mode: deterministic, using up to 20 threads.
Root relaxation solution time = 0.01 sec. (13.14 ticks)

        Nodes                                         Cuts/
   Node  Left     Objective  IInf  Best Integer    Best Bound    ItCnt     Gap

*     0+    0                           59.6213       55.7655             6.47%
      0     0       55.7655    88       59.6213       55.7655     2401    6.47%
      0     0       55.7655    73       59.6213       Cuts: 7     2618    6.47%
      0     0       55.7655   100       59.6213      Cuts: 24     2740    6.47%
      0     0       55.7655    91       59.6213       Cuts: 8     2811    6.47%
      0     0       55.7655    99       59.6213      Cuts: 15     2946    6.47%
*     0+    0                           58.3167       55.7655             4.37%
Detecting symmetries...
      0     2       55.7655    94       58.3167       55.7655     2946    4.37%
Elapsed time = 1.12 sec. (2117.44 ticks, tree = 0.02 MB, solutions = 8)

Clique cuts applied:  17
Cover cuts applied:  92
Implied bound cuts applied:  13
Flow cuts applied:  1
Mixed integer rounding cuts applied:  5
Zero-half cuts applied:  12
Lift and project cuts applied:  1

Root node processing (before b&c):
  Real time             =    1.11 sec. (2117.23 ticks)
Parallel b&c, 20 threads:
  Real time             =    0.42 sec. (159.28 ticks)
  Sync time (average)   =    0.32 sec.
  Wait time (average)   =    0.00 sec.
                          ------------
Total (root+branch&cut) =    1.53 sec. (2276.51 ticks)
Truck arcs:
0 3
3 5
5 7
6 11
7 8
8 10
10 6
58.3167
In write mode
