Instance name: /home/cuong/CLionProjects/uMV-FSTSP/rand_generated_instances_3p_settings/v32
Write arg val: 1

drone speed: 1 miles/minute
uav non-eligible customer: 12 
Printing tau:
0 5.25982 0.578328 4.5756 0.743261 16.9309 27.5126 16.7949 9.28985 12.8105 26.0109 0 
5.25982 0 5.83815 3.14253 6.00308 11.6711 22.2527 11.5351 14.5256 7.55067 20.751 5.25982 
0.578328 5.83815 0 4.0062 0.164934 17.5092 28.0909 17.3732 9.85925 13.3888 26.5892 0.578328 
4.5756 3.14253 4.0062 0 4.14176 14.8136 25.3953 14.6776 13.8655 10.6932 23.8936 4.5756 
0.743261 6.00308 0.164934 4.14176 0 17.6742 28.2558 17.5382 9.7237 13.5538 26.7541 0.743261 
16.9309 11.6711 17.5092 14.8136 17.6742 0 10.5817 4.40316 10.5019 5.2425 9.07995 16.9309 
27.5126 22.2527 28.0909 25.3953 28.2558 10.5817 0 10.7177 21.0835 14.7021 2.24317 27.5126 
16.7949 11.5351 17.3732 14.6776 17.5382 4.40316 10.7177 0 14.316 3.9844 9.21597 16.7949 
9.28985 14.5256 9.85925 13.8655 9.7237 10.5019 21.0835 14.316 0 15.1553 19.5818 9.28985 
12.8105 7.55067 13.3888 10.6932 13.5538 5.2425 14.7021 3.9844 15.1553 0 13.2004 12.8105 
26.0109 20.751 26.5892 23.8936 26.7541 9.07995 2.24317 9.21597 19.5818 13.2004 0 26.0109 
0 0 0 0 0 0 0 0 0 0 0 0 
Printing tau_prime:
0 2.6239 0.28694 1.78252 0.304274 5.99003 9.76798 6.19809 3.99427 4.98137 9.19676 0 
2.6239 0 2.64241 1.1353 2.71788 4.43694 7.92577 4.07894 5.15218 2.67883 7.54292 2.6239 
0.28694 2.64241 0 1.70719 0.0754796 6.19048 9.95562 6.34125 4.2765 5.09054 9.40125 0.28694 
1.78252 1.1353 1.70719 0 1.77964 5.42064 9.00786 5.19176 5.13374 3.80802 8.58309 1.78252 
0.304274 2.71788 0.0754796 1.77964 0 6.24912 10.0172 6.40972 4.27188 5.16245 9.45916 0.304274 
5.99003 4.43694 6.19048 5.42064 6.24912 0 3.80102 1.55749 5.1058 2.35748 3.21254 5.99003 
9.76798 7.92577 9.95562 9.00786 10.0172 3.80102 0 3.89123 8.54445 5.3306 0.954393 9.76798 
6.19809 4.07894 6.34125 5.19176 6.40972 1.55749 3.89123 0 6.24899 1.43961 3.66505 6.19809 
3.99427 5.15218 4.2765 5.13374 4.27188 5.1058 8.54445 6.24899 0 5.81385 7.70575 3.99427 
4.98137 2.67883 5.09054 3.80802 5.16245 2.35748 5.3306 1.43961 5.81385 0 5.06764 4.98137 
9.19676 7.54292 9.40125 8.58309 9.45916 3.21254 0.954393 3.66505 7.70575 5.06764 0 9.19676 
0 0 0 0 0 0 0 0 0 0 0 0 
Printing number of nodes: 11

Version identifier: 22.1.1.0 | 2022-11-28 | 9160aff4d
CPXPARAM_ClockType                               0
CPXPARAM_Emphasis_MIP                            2
CPXPARAM_MIP_Tolerances_Integrality              0
Tried aggregator 1 time.
MIP Presolve eliminated 267 rows and 430 columns.
MIP Presolve modified 1849 coefficients.
Reduced MIP has 5719 rows, 1285 columns, and 167431 nonzeros.
Reduced MIP has 1275 binaries, 0 generals, 0 SOSs, and 0 indicators.
Presolve time = 0.05 sec. (132.53 ticks)
Found incumbent of value 136.944274 after 0.12 sec. (276.59 ticks)
Probing fixed 141 vars, tightened 0 bounds.
Probing time = 0.04 sec. (54.99 ticks)
Tried aggregator 1 time.
MIP Presolve eliminated 11 rows and 141 columns.
MIP Presolve modified 111 coefficients.
Reduced MIP has 5708 rows, 1144 columns, and 166716 nonzeros.
Reduced MIP has 1134 binaries, 0 generals, 0 SOSs, and 0 indicators.
Presolve time = 0.05 sec. (128.07 ticks)
Probing time = 0.01 sec. (14.68 ticks)
Tried aggregator 1 time.
Detecting symmetries...
MIP Presolve modified 5 coefficients.
Reduced MIP has 5708 rows, 1144 columns, and 166716 nonzeros.
Reduced MIP has 1134 binaries, 0 generals, 0 SOSs, and 0 indicators.
Presolve time = 0.04 sec. (92.30 ticks)
Probing time = 0.01 sec. (14.76 ticks)
Clique table members: 84555.
MIP emphasis: optimality.
MIP search method: dynamic search.
Parallel mode: deterministic, using up to 20 threads.
Root relaxation solution time = 0.20 sec. (274.67 ticks)

        Nodes                                         Cuts/
   Node  Left     Objective  IInf  Best Integer    Best Bound    ItCnt     Gap

*     0+    0                          136.9443      -10.0000           107.30%
*     0+    0                          126.9021      -10.0000           107.88%
      0     0       34.9854   155      126.9021       34.9854     1251   72.43%
*     0+    0                           61.3952       34.9854            43.02%
      0     0       36.2564   190       61.3952      Cuts: 49     1933   40.95%
      0     0       36.3395   198       61.3952      Cuts: 17     2099   40.81%
      0     0       36.3784   226       61.3952      Cuts: 11     2191   40.75%
*     0+    0                           59.5343       36.3784            38.90%
      0     0       36.3956   225       59.5343      Cuts: 10     2256   38.67%
      0     0       36.4086   220       59.5343      Cuts: 10     2304   38.67%
Detecting symmetries...
      0     0       36.4265   237       59.5343       Cuts: 7     2369   38.67%
      0     0       36.4378   232       59.5343       Cuts: 6     2430   38.67%
      0     0       36.4520   227       59.5343       Cuts: 7     2500   38.67%
      0     0       36.4708   221       59.5343       Cuts: 6     2561   38.67%
      0     0       36.4828   225       59.5343       Cuts: 4     2626   38.67%
      0     0       36.4925   223       59.5343       Cuts: 4     2669   38.67%
      0     0       36.5060   220       59.5343       Cuts: 5     2728   38.67%
      0     0       36.5253   224       59.5343       Cuts: 7     2798   38.65%
      0     0       36.5496   231       59.5343       Cuts: 6     2853   38.61%
      0     0       36.5711   232       59.5343       Cuts: 7     2900   38.57%
      0     0       36.5797   233       59.5343      Cuts: 10     2944   38.56%
      0     0       36.5912   248       59.5343       Cuts: 7     2985   38.54%
      0     0       36.5992   238       59.5343       Cuts: 7     3026   38.52%
      0     0       36.6153   231       59.5343   ZeroHalf: 3     3092   38.50%
      0     0       36.6216   242       59.5343   ZeroHalf: 3     3128   38.49%
*     0+    0                           58.7894       36.6216            37.71%
      0     0       36.6283   248       58.7894       Cuts: 3     3170   37.70%
*     0+    0                           57.7894       36.6283            36.62%
      0     0  -1.00000e+75     0       57.7894       36.6283     3170   36.62%
*     0+    0                           54.6141       36.6283            32.93%
*     0+    0                           52.6141       36.7876            30.08%
      0     0  -1.00000e+75     0       52.6141       36.7876     3170   30.08%
Detecting symmetries...
      0     2       36.6283   248       52.6141       36.7876     3170   30.08%
Elapsed time = 2.57 sec. (5583.45 ticks, tree = 0.02 MB, solutions = 8)
      6     4       37.8974   231       52.6141       37.7265     4107   28.30%
     13     3       43.3575    84       52.6141       37.7265     4585   28.30%
*    25+    2                           51.1605       37.7948            26.13%
*    29+    6                           50.1397       37.7948            24.62%
     30    13       44.3249    97       50.1397       37.7948     8581   24.62%
*    44+   12                           46.8967       37.7948            19.41%
    106    24       45.8967    35       46.8967       39.6166    15178   15.52%
*   158    51      integral     0       46.6407       41.3075    27162   11.43%
    172    49        cutoff             46.6407       41.3075    26884   11.43%
*   188    49      integral     0       45.8967       43.3572    27358    5.53%
    372    25        cutoff             45.8967       43.3575    45392    5.53%
    552    11        cutoff             45.8967       43.3736    60037    5.50%
    657    10        cutoff             45.8967       44.7516    70153    2.49%
    710    12        cutoff             45.8967       45.1128    75479    1.71%

Cover cuts applied:  12
Implied bound cuts applied:  27
Mixed integer rounding cuts applied:  14
Zero-half cuts applied:  30
Gomory fractional cuts applied:  1

Root node processing (before b&c):
  Real time             =    2.54 sec. (5521.99 ticks)
Parallel b&c, 20 threads:
  Real time             =    2.26 sec. (2352.67 ticks)
  Sync time (average)   =    1.36 sec.
  Wait time (average)   =    0.00 sec.
                          ------------
Total (root+branch&cut) =    4.79 sec. (7874.66 ticks)
Truck arcs:
0 1
1 9
2 11
3 4
4 2
5 3
7 5
9 7
45.8967
In write mode
