Instance name: /home/cuong/CLionProjects/uMV-FSTSP/rand_generated_instances_3p_settings/v36
Write arg val: 1

drone speed: 1 miles/minute
uav non-eligible customer: 12 
Printing tau:
0 8.3051 3.47164 8.19473 10.0205 14.2346 14.8999 17.1904 10.2764 9.91954 13.325 0 
8.3051 0 5.0375 2.6781 4.09097 21.89 22.5554 24.8458 18.5815 7.41543 21.6301 8.3051 
3.47164 5.0375 0 4.92712 6.54889 17.7063 18.3716 20.662 13.544 6.65194 16.5926 3.47164 
8.19473 2.6781 4.92712 0 5.04321 19.2119 19.8773 22.1677 18.4711 4.73733 21.5198 8.19473 
10.0205 4.09097 6.54889 5.04321 0 24.2551 24.9205 27.2109 19.0862 9.78055 17.5392 10.0205 
14.2346 21.89 17.7063 19.2119 24.2551 0 1.8886 4.55106 12.2943 14.4746 15.3429 14.2346 
14.8999 22.5554 18.3716 19.8773 24.9205 1.8886 0 6.43967 10.4057 15.1399 13.4543 14.8999 
17.1904 24.8458 20.662 22.1677 27.2109 4.55106 6.43967 0 16.8454 17.4303 19.894 17.1904 
10.2764 18.5815 13.544 18.4711 19.0862 12.2943 10.4057 16.8454 0 20.1959 5.37958 10.2764 
9.91954 7.41543 6.65194 4.73733 9.78055 14.4746 15.1399 17.4303 20.1959 0 23.2446 9.91954 
13.325 21.6301 16.5926 21.5198 17.5392 15.3429 13.4543 19.894 5.37958 23.2446 0 13.325 
0 0 0 0 0 0 0 0 0 0 0 0 
Printing tau_prime:
0 3.99343 1.68558 3.38982 3.84334 5.08302 5.26812 6.50635 4.84498 3.50811 4.88804 0 
3.99343 0 2.31518 0.947656 1.6707 8.05219 8.48224 8.80573 8.83789 2.68317 8.6349 3.99343 
1.68558 2.31518 0 1.82152 2.33944 6.27568 6.58942 7.39778 6.52518 2.61467 6.38894 1.68558 
3.38982 0.947656 1.82152 0 2.27154 7.13487 7.58416 7.85851 8.20356 1.78246 8.20178 3.38982 
3.84334 1.6707 2.33944 2.27154 0 8.61057 8.92829 9.65646 8.47244 4.00329 7.86998 3.84334 
5.08302 8.05219 6.27568 7.13487 8.61057 0 0.707944 1.91861 4.71525 5.83041 6.58291 5.08302 
5.26812 8.48224 6.58942 7.58416 8.92829 0.707944 0 2.41649 4.21779 6.37442 6.19244 5.26812 
6.50635 8.80573 7.39778 7.85851 9.65646 1.91861 2.41649 0 6.61228 6.27538 8.50101 6.50635 
4.84498 8.83789 6.52518 8.20356 8.47244 4.71525 4.21779 6.61228 0 7.86186 2.18615 4.84498 
3.50811 2.68317 2.61467 1.78246 4.00329 5.83041 6.37442 6.27538 7.86186 0 8.3346 3.50811 
4.88804 8.6349 6.38894 8.20178 7.86998 6.58291 6.19244 8.50101 2.18615 8.3346 0 4.88804 
0 0 0 0 0 0 0 0 0 0 0 0 
Printing number of nodes: 11

Version identifier: 22.1.1.0 | 2022-11-28 | 9160aff4d
CPXPARAM_ClockType                               0
CPXPARAM_Emphasis_MIP                            2
CPXPARAM_MIP_Tolerances_Integrality              0
Tried aggregator 1 time.
MIP Presolve eliminated 277 rows and 511 columns.
MIP Presolve modified 1966 coefficients.
Reduced MIP has 5709 rows, 1204 columns, and 166952 nonzeros.
Reduced MIP has 1194 binaries, 0 generals, 0 SOSs, and 0 indicators.
Presolve time = 0.11 sec. (367.40 ticks)
Found incumbent of value 212.591240 after 0.17 sec. (494.25 ticks)
Probing fixed 120 vars, tightened 0 bounds.
Probing time = 0.04 sec. (49.96 ticks)
Tried aggregator 1 time.
Detecting symmetries...
MIP Presolve eliminated 11 rows and 120 columns.
MIP Presolve modified 37 coefficients.
Reduced MIP has 5698 rows, 1084 columns, and 166364 nonzeros.
Reduced MIP has 1074 binaries, 0 generals, 0 SOSs, and 0 indicators.
Presolve time = 0.04 sec. (125.01 ticks)
Probing time = 0.01 sec. (14.76 ticks)
Clique table members: 83702.
MIP emphasis: optimality.
MIP search method: dynamic search.
Parallel mode: deterministic, using up to 20 threads.
Root relaxation solution time = 0.20 sec. (289.69 ticks)

        Nodes                                         Cuts/
   Node  Left     Objective  IInf  Best Integer    Best Bound    ItCnt     Gap

*     0+    0                          212.5912      -10.0000           104.70%
*     0+    0                          129.5072      -10.0000           107.72%
      0     0       42.7667   174      129.5072       42.7667     1395   66.98%
*     0+    0                           65.7408       42.7667            34.95%
      0     0       43.6726   190       65.7408      Cuts: 74     2370   33.57%
      0     0       43.8328   200       65.7408      Cuts: 20     2663   33.32%
      0     0       44.0437   212       65.7408      Cuts: 17     2813   33.00%
      0     0       44.1194   220       65.7408       Cuts: 9     2903   32.89%
      0     0       44.1679   220       65.7408      Cuts: 10     2994   32.82%
Detecting symmetries...
      0     0       44.2115   222       65.7408       Cuts: 6     3094   32.75%
      0     0       44.2401   230       65.7408       Cuts: 6     3175   32.71%
      0     0       44.2575   242       65.7408       Cuts: 7     3232   32.68%
      0     0       44.3243   247       65.7408      Cuts: 13     3359   32.58%
      0     0       44.3598   243       65.7408       Cuts: 8     3448   32.52%
      0     0       44.3721   259       65.7408       Cuts: 7     3491   32.50%
      0     0       44.4100   242       65.7408       Cuts: 9     3585   32.45%
      0     0       44.5000   247       65.7408       Cuts: 7     3742   32.31%
      0     0       44.5031   255       65.7408       Cuts: 2     3767   32.31%
*     0+    0                           59.2019       44.5031            24.83%
      0     0       44.6840   233       59.2019       Cuts: 5     3988   24.52%
*     0+    0                           55.8457       44.6840            19.99%
      0     0  -1.00000e+75     0       55.8457       44.6840     3988   19.99%
      0     0       44.7172   238       55.8457       Cuts: 7     4035   19.93%
      0     0       44.8077   233       55.8457       Cuts: 6     4171   19.77%
      0     0       44.9208   234       55.8457      Cuts: 14     4271   19.56%
      0     0       44.9469   242       55.8457       Cuts: 9     4329   19.52%
      0     0       44.9716   242       55.8457       Cuts: 3     4363   19.47%
      0     0       44.9716   242       55.8457   Flowcuts: 1     4364   19.47%
Detecting symmetries...
      0     2       44.9716   235       55.8457       46.1492     4364   17.36%
Elapsed time = 2.57 sec. (5896.31 ticks, tree = 0.02 MB, solutions = 5)
      3     4       49.0742   186       55.8457       46.1492     5217   17.36%
     21    10       54.8557   122       55.8457       50.9225     9036    8.82%
    103    17        cutoff             55.8457       51.1260    18925    8.45%
    165    19       54.2505    39       55.8457       51.1260    28170    8.45%
    253    21       54.1877    40       55.8457       52.6380    41183    5.74%
    555    54        cutoff             55.8457       52.9304    57984    5.22%
    914    38        cutoff             55.8457       53.3992    82022    4.38%
   1173    18       54.3681   130       55.8457       53.8314   101079    3.61%

Clique cuts applied:  8
Cover cuts applied:  11
Implied bound cuts applied:  106
Flow cuts applied:  3
Mixed integer rounding cuts applied:  9
Zero-half cuts applied:  34
Gomory fractional cuts applied:  1

Root node processing (before b&c):
  Real time             =    2.52 sec. (5821.15 ticks)
Parallel b&c, 20 threads:
  Real time             =    2.58 sec. (2207.53 ticks)
  Sync time (average)   =    1.36 sec.
  Wait time (average)   =    0.00 sec.
                          ------------
Total (root+branch&cut) =    5.10 sec. (8028.67 ticks)
Truck arcs:
0 6
2 11
3 2
5 9
6 5
9 3
55.8457
In write mode
