Instance name: /home/cuong/CLionProjects/uMV-FSTSP/rand_generated_instances_3p_settings/v37
Write arg val: 1

drone speed: 1 miles/minute
uav non-eligible customer: 5 12 
Printing tau:
0 7.14924 8.55524 5.39305 12.5619 23.3921 13.3582 22.3991 13.046 10.6845 9.47354 0 
7.14924 0 3.35125 1.75619 7.02677 30.5413 20.5074 29.5484 20.1953 17.8338 12.9777 7.14924 
8.55524 3.35125 0 3.65653 4.00668 27.1901 17.1562 26.1971 16.844 16.1968 9.62646 8.55524 
5.39305 1.75619 3.65653 0 7.66322 28.7851 18.7512 27.7922 18.4391 16.0776 11.2215 5.39305 
12.5619 7.02677 4.00668 7.66322 0 26.3679 16.334 25.375 19.7411 20.2035 8.80433 12.5619 
23.3921 30.5413 27.1901 28.7851 26.3679 0 10.0339 3.9281 17.2895 17.7518 17.5636 23.3921 
13.3582 20.5074 17.1562 18.7512 16.334 10.0339 0 9.04095 11.3095 11.7718 7.52971 13.3582 
22.3991 29.5484 26.1971 27.7922 25.375 3.9281 9.04095 0 13.3614 13.8237 16.5707 22.3991 
13.046 20.1953 16.844 18.4391 19.7411 17.2895 11.3095 13.3614 0 2.3615 16.6527 13.046 
10.6845 17.8338 16.1968 16.0776 20.2035 17.7518 11.7718 13.8237 2.3615 0 17.1151 10.6845 
9.47354 12.9777 9.62646 11.2215 8.80433 17.5636 7.52971 16.5707 16.6527 17.1151 0 9.47354 
0 0 0 0 0 0 0 0 0 0 0 0 
Printing tau_prime:
0 3.19667 3.3094 2.5759 4.56423 9.00976 4.94343 8.21538 5.26474 4.64425 3.93254 0 
3.19667 0 1.59498 0.660424 2.88948 10.9185 7.26746 10.4494 8.4373 7.83956 4.79494 3.19667 
3.3094 1.59498 0 1.41043 1.44609 9.62885 6.26413 9.3 8.14934 7.6818 3.41892 3.3094 
2.5759 0.660424 1.41043 0 2.84094 10.3425 6.63512 9.83649 7.79323 7.20891 4.28444 2.5759 
4.56423 2.88948 1.44609 2.84094 0 9.36268 6.49898 9.25062 8.98897 8.62255 3.29876 4.56423 
9.00976 10.9185 9.62885 10.3425 9.36268 0 4.12976 1.43248 7.1236 7.71856 6.21375 9.00976 
4.94343 7.26746 6.26413 6.63512 6.49898 4.12976 0 3.27775 4.00002 4.26797 3.26434 4.94343 
8.21538 10.4494 9.3 9.83649 9.25062 1.43248 3.27775 0 5.76635 6.40632 5.97306 8.21538 
5.26474 8.4373 8.14934 7.79323 8.98897 7.1236 4.00002 5.76635 0 0.85077 6.41684 5.26474 
4.64425 7.83956 7.6818 7.20891 8.62255 7.71856 4.26797 6.40632 0.85077 0 6.28995 4.64425 
3.93254 4.79494 3.41892 4.28444 3.29876 6.21375 3.26434 5.97306 6.41684 6.28995 0 3.93254 
0 0 0 0 0 0 0 0 0 0 0 0 
Printing number of nodes: 11

Version identifier: 22.1.1.0 | 2022-11-28 | 9160aff4d
CPXPARAM_ClockType                               0
CPXPARAM_Emphasis_MIP                            2
CPXPARAM_MIP_Tolerances_Integrality              0
Tried aggregator 1 time.
MIP Presolve eliminated 457 rows and 577 columns.
MIP Presolve modified 2043 coefficients.
Reduced MIP has 5673 rows, 1138 columns, and 164254 nonzeros.
Reduced MIP has 1129 binaries, 0 generals, 0 SOSs, and 0 indicators.
Presolve time = 0.07 sec. (233.73 ticks)
Found incumbent of value 201.018380 after 0.13 sec. (349.20 ticks)
Probing fixed 124 vars, tightened 0 bounds.
Probing changed sense of 18 constraints.
Probing time = 0.04 sec. (48.74 ticks)
Tried aggregator 1 time.
MIP Presolve eliminated 31 rows and 142 columns.
MIP Presolve modified 110 coefficients.
Reduced MIP has 5642 rows, 996 columns, and 163569 nonzeros.
Reduced MIP has 987 binaries, 0 generals, 0 SOSs, and 0 indicators.
Presolve time = 0.07 sec. (186.44 ticks)
Probing time = 0.01 sec. (14.82 ticks)
Tried aggregator 1 time.
Detecting symmetries...
Reduced MIP has 5642 rows, 996 columns, and 163569 nonzeros.
Reduced MIP has 987 binaries, 0 generals, 0 SOSs, and 0 indicators.
Presolve time = 0.03 sec. (89.17 ticks)
Probing time = 0.01 sec. (14.77 ticks)
Clique table members: 82534.
MIP emphasis: optimality.
MIP search method: dynamic search.
Parallel mode: deterministic, using up to 20 threads.
Root relaxation solution time = 0.15 sec. (204.45 ticks)

        Nodes                                         Cuts/
   Node  Left     Objective  IInf  Best Integer    Best Bound    ItCnt     Gap

*     0+    0                          201.0184       -9.0000           104.48%
      0     0       63.1039   130      201.0184       63.1039     1612   68.61%
*     0+    0                           69.5501       63.1039             9.27%
      0     0       63.5265   160       69.5501      Cuts: 70     2215    8.66%
      0     0       63.5291   151       69.5501      Cuts: 24     2494    8.66%
      0     0       63.5384   158       69.5501      Cuts: 14     2566    8.64%
*     0+    0                           69.3047       63.5384             8.32%
      0     0       63.5451   157       69.3047      Cuts: 14     2645    8.31%
      0     0       63.5479   162       69.3047      Cuts: 11     2713    8.31%
Detecting symmetries...
      0     0       63.5492   183       69.3047       Cuts: 3     2736    8.30%
*     0+    0                           68.2512       63.5492             6.89%
      0     0  -1.00000e+75     0       68.2512       63.5492     2736    6.89%
Detecting symmetries...
      0     2       63.5492   166       68.2512       64.1282     2736    6.04%
Elapsed time = 1.82 sec. (4000.55 ticks, tree = 0.02 MB, solutions = 4)
      4     6       65.2295   134       68.2512       64.1282     3757    6.04%
*    23+   10                           67.8312       64.1282             5.46%
*    39+    9                           65.2131       64.1282             1.66%
     60    29        cutoff             65.2131       64.1282     8182    1.66%
*   115    25      integral     0       64.8613       64.1282    10488    1.13%
*   185+   19                           64.8613       64.1282             1.13%
    215    12        cutoff             64.8613       64.1282    15534    1.13%
    313    10       64.3726    30       64.8613       64.3726    17418    0.75%
    460     9        cutoff             64.8613       64.3727    22441    0.75%

Clique cuts applied:  15
Cover cuts applied:  25
Implied bound cuts applied:  27
Mixed integer rounding cuts applied:  4
Zero-half cuts applied:  12
Gomory fractional cuts applied:  2

Root node processing (before b&c):
  Real time             =    1.79 sec. (3962.72 ticks)
Parallel b&c, 20 threads:
  Real time             =    1.36 sec. (1336.93 ticks)
  Sync time (average)   =    0.93 sec.
  Wait time (average)   =    0.00 sec.
                          ------------
Total (root+branch&cut) =    3.15 sec. (5299.65 ticks)
Truck arcs:
0 10
5 7
6 5
7 8
8 9
9 11
10 6
64.8613
In write mode
