Instance name: /home/cuong/CLionProjects/uMV-FSTSP/rand_generated_instances_3p_settings/v44
Write arg val: 1

drone speed: 1 miles/minute
uav non-eligible customer: 3 5 12 
Printing tau:
0 8.2114 10.0624 1.73193 7.80827 21.3969 17.5203 13.2743 7.78963 11.5819 10.3034 0 
8.2114 0 3.54873 7.69985 10.1456 27.8243 23.9477 19.7017 0.940647 19.7933 18.5148 8.2114 
10.0624 3.54873 0 8.33045 11.9965 24.2756 20.399 16.1529 4.48937 21.6443 20.3658 10.0624 
1.73193 7.69985 8.33045 0 9.08071 20.1245 16.2478 12.0018 8.64049 13.3138 12.0353 1.73193 
7.80827 10.1456 11.9965 9.08071 0 29.2052 25.3286 21.0825 9.7238 16.2013 12.4794 7.80827 
21.3969 27.8243 24.2756 20.1245 29.2052 0 3.87661 8.12264 28.765 17.604 16.7257 21.3969 
17.5203 23.9477 20.399 16.2478 25.3286 3.87661 0 4.3111 24.8883 18.0775 16.799 17.5203 
13.2743 19.7017 16.1529 12.0018 21.0825 8.12264 4.3111 0 20.6423 13.7664 12.4879 13.2743 
7.78963 0.940647 4.48937 8.64049 9.7238 28.765 24.8883 20.6423 0 19.3715 18.093 7.78963 
11.5819 19.7933 21.6443 13.3138 16.2013 17.604 18.0775 13.7664 19.3715 0 3.72181 11.5819 
10.3034 18.5148 20.3658 12.0353 12.4794 16.7257 16.799 12.4879 18.093 3.72181 0 10.3034 
0 0 0 0 0 0 0 0 0 0 0 0 
Printing tau_prime:
0 3.68678 3.70031 0.759826 2.84408 7.85885 6.60637 4.75628 3.79089 5.05696 3.99969 0 
3.68678 0 1.41508 3.55793 3.62007 9.86778 8.48849 7.28422 0.364469 8.74227 7.63198 3.68678 
3.70031 1.41508 0 3.29067 4.58555 8.70077 7.32154 6.35392 1.77904 8.6279 7.67924 3.70031 
0.759826 3.55793 3.29067 0 3.46229 7.27495 5.98628 4.2463 3.73085 5.33807 4.42155 0.759826 
2.84408 3.62007 4.58555 3.46229 0 10.7019 9.43793 7.5947 3.4414 6.6667 5.3125 2.84408 
7.85885 9.86778 8.70077 7.27495 10.7019 0 1.38078 3.17617 10.1891 7.7379 8.2634 7.85885 
6.60637 8.48849 7.32154 5.98628 9.43793 1.38078 0 2.13934 8.81124 7.1598 7.47751 6.60637 
4.75628 7.28422 6.35392 4.2463 7.5947 3.17617 2.13934 0 7.56243 5.16405 5.36144 4.75628 
3.79089 0.364469 1.77904 3.73085 3.4414 10.1891 8.81124 7.56243 0 8.8294 7.6836 3.79089 
5.05696 8.74227 8.6279 5.33807 6.6667 7.7379 7.1598 5.16405 8.8294 0 1.39133 5.05696 
3.99969 7.63198 7.67924 4.42155 5.3125 8.2634 7.47751 5.36144 7.6836 1.39133 0 3.99969 
0 0 0 0 0 0 0 0 0 0 0 0 
Printing number of nodes: 11

Version identifier: 22.1.1.0 | 2022-11-28 | 9160aff4d
CPXPARAM_ClockType                               0
CPXPARAM_Emphasis_MIP                            2
CPXPARAM_MIP_Tolerances_Integrality              0
Tried aggregator 2 times.
MIP Presolve eliminated 902 rows and 731 columns.
MIP Presolve modified 1435 coefficients.
Aggregator did 2 substitutions.
Reduced MIP has 5370 rows, 982 columns, and 152025 nonzeros.
Reduced MIP has 974 binaries, 0 generals, 0 SOSs, and 0 indicators.
Presolve time = 0.09 sec. (319.04 ticks)
Found incumbent of value 213.729330 after 0.14 sec. (423.98 ticks)
Probing fixed 96 vars, tightened 0 bounds.
Probing changed sense of 32 constraints.
Probing time = 0.03 sec. (38.96 ticks)
Tried aggregator 1 time.
MIP Presolve eliminated 49 rows and 128 columns.
MIP Presolve modified 45 coefficients.
Reduced MIP has 5321 rows, 854 columns, and 151402 nonzeros.
Reduced MIP has 846 binaries, 0 generals, 0 SOSs, and 0 indicators.
Presolve time = 0.06 sec. (170.94 ticks)
Probing time = 0.01 sec. (14.19 ticks)
Tried aggregator 1 time.
Detecting symmetries...
MIP Presolve modified 1 coefficients.
Reduced MIP has 5321 rows, 854 columns, and 151402 nonzeros.
Reduced MIP has 846 binaries, 0 generals, 0 SOSs, and 0 indicators.
Presolve time = 0.03 sec. (82.31 ticks)
Probing time = 0.01 sec. (13.95 ticks)
Clique table members: 76495.
MIP emphasis: optimality.
MIP search method: dynamic search.
Parallel mode: deterministic, using up to 20 threads.
Root relaxation solution time = 0.12 sec. (184.35 ticks)

        Nodes                                         Cuts/
   Node  Left     Objective  IInf  Best Integer    Best Bound    ItCnt     Gap

*     0+    0                          213.7293       -4.5361           102.12%
*     0+    0                          148.9047       -4.5361           103.05%
      0     0       56.6101   107      148.9047       56.6101     1580   61.98%
*     0+    0                           90.5924       56.6101            37.51%
      0     0       57.0613   144       90.5924      Cuts: 80     2012   37.01%
*     0+    0                           64.2506       57.0613            11.19%
      0     0       57.0897   163       64.2506      Cuts: 37     2097   11.15%
      0     0       57.1470   154       64.2506      Cuts: 26     2219   11.06%
      0     0       57.1720   157       64.2506      Cuts: 15     2308   11.02%
      0     0       57.1849   145       64.2506      Cuts: 13     2361   11.00%
Detecting symmetries...
      0     0       57.1880   149       64.2506       Cuts: 4     2383   10.99%
      0     0       57.1940   168       64.2506       Cuts: 6     2414   10.98%
      0     0       57.2078   173       64.2506      Cuts: 15     2497   10.96%
      0     0       57.2252   191       64.2506      Cuts: 12     2558   10.93%
      0     0       57.2469   197       64.2506       Cuts: 6     2627   10.90%
      0     0       57.2598   196       64.2506       Cuts: 9     2655   10.88%
      0     0       57.2778   189       64.2506      Cuts: 10     2688   10.85%
      0     0       57.3369   181       64.2506      Cuts: 22     2795   10.76%
      0     0       57.3733   159       64.2506       Cuts: 8     2843   10.70%
      0     0       57.4137   189       64.2506      Cuts: 11     2885   10.64%
      0     0       57.4639   183       64.2506       Cuts: 5     2971   10.56%
      0     0       57.4851   185       64.2506      Cuts: 14     3013   10.53%
      0     0       57.4857   188       64.2506       Cuts: 4     3024   10.53%
Detecting symmetries...
      0     2       57.4857   188       64.2506       57.4857     3024   10.53%
Elapsed time = 1.33 sec. (2918.81 ticks, tree = 0.02 MB, solutions = 4)
*     4+    2                           63.7355       57.4857             9.81%
     22    17       58.7351   186       63.7355       57.5570     4428    9.69%
    181    40       60.7132   159       63.7355       57.9666    17301    9.05%
    343    77       62.7746    68       63.7355       60.2553    29733    5.46%
    673   122        cutoff             63.7355       60.5506    49444    5.00%
   1049   130        cutoff             63.7355       60.5507    67726    5.00%
*  1085   107      integral     0       63.4109       60.5507    69999    4.51%
   1206    15        cutoff             63.4109       61.9038    80349    2.38%

Clique cuts applied:  38
Cover cuts applied:  24
Implied bound cuts applied:  115
Mixed integer rounding cuts applied:  11
Zero-half cuts applied:  25
Gomory fractional cuts applied:  1

Root node processing (before b&c):
  Real time             =    1.30 sec. (2877.16 ticks)
Parallel b&c, 20 threads:
  Real time             =    2.21 sec. (1701.43 ticks)
  Sync time (average)   =    1.07 sec.
  Wait time (average)   =    0.00 sec.
                          ------------
Total (root+branch&cut) =    3.51 sec. (4578.59 ticks)
Truck arcs:
0 8
1 2
2 7
3 11
5 6
6 3
7 5
8 1
63.4109
In write mode
