Instance name: /home/cuong/CLionProjects/uMV-FSTSP/rand_generated_instances_3p_settings/v46
Write arg val: 1

drone speed: 1 miles/minute
uav non-eligible customer: 10 12 
Printing tau:
0 4.20109 2.39016 3.6287 5.66187 24.2631 21.5603 21.5551 25.8628 4.83285 6.83183 0 
4.20109 0 5.08112 0.624757 3.37174 25.4187 22.716 22.7107 27.0184 9.03394 5.6762 4.20109 
2.39016 5.08112 0 4.50873 6.5419 26.6532 23.9505 23.9453 28.2529 3.95282 4.44167 2.39016 
3.6287 0.624757 4.50873 0 2.74698 24.7939 22.0912 22.086 26.3936 8.46155 6.30096 3.6287 
5.66187 3.37174 6.5419 2.74698 0 22.0469 19.3442 19.339 23.6467 10.4947 9.04794 5.66187 
24.2631 25.4187 26.6532 24.7939 22.0469 0 2.70273 2.70795 4.41427 26.3277 31.0949 24.2631 
21.5603 22.716 23.9505 22.0912 19.3442 2.70273 0 1.26289 4.55501 23.625 28.3922 21.5603 
21.5551 22.7107 23.9453 22.086 19.339 2.70795 1.26289 0 5.81791 23.6198 28.3869 21.5551 
25.8628 27.0184 28.2529 26.3936 23.6467 4.41427 4.55501 5.81791 0 27.9275 32.6946 25.8628 
4.83285 9.03394 3.95282 8.46155 10.4947 26.3277 23.625 23.6198 27.9275 0 5.33356 4.83285 
6.83183 5.6762 4.44167 6.30096 9.04794 31.0949 28.3922 28.3869 32.6946 5.33356 0 6.83183 
0 0 0 0 0 0 0 0 0 0 0 0 
Printing tau_prime:
0 1.54048 0.900507 1.2966 2.14965 8.72356 7.79613 7.90007 9.14391 1.85807 2.42189 0 
1.54048 0 1.84871 0.299572 1.29916 8.98742 8.0327 8.05157 9.66347 3.21011 2.39562 1.54048 
0.900507 1.84871 0 1.7243 2.82874 9.61229 8.68857 8.79758 9.99456 1.40226 1.64449 0.900507 
1.2966 0.299572 1.7243 0 1.20829 8.77119 7.81836 7.84931 9.41601 3.04036 2.48713 1.2966 
2.14965 1.29916 2.82874 1.20829 0 7.80589 6.84903 6.83783 8.59095 4.00725 3.68278 2.14965 
8.72356 8.98742 9.61229 8.77119 7.80589 0 0.956855 1.07838 1.66 9.87394 11.0835 8.72356 
7.79613 8.0327 8.68857 7.81836 6.84903 0.956855 0 0.446504 2.21527 8.99715 10.1435 7.79613 
7.90007 8.05157 8.79758 7.84931 6.83783 1.07838 0.446504 0 2.5594 9.17079 10.2154 7.90007 
9.14391 9.66347 9.99456 9.41601 8.59095 1.66 2.21527 2.5594 0 10.0248 11.5603 9.14391 
1.85807 3.21011 1.40226 3.04036 4.00725 9.87394 8.99715 9.17079 10.0248 0 2.52914 1.85807 
2.42189 2.39562 1.64449 2.48713 3.68278 11.0835 10.1435 10.2154 11.5603 2.52914 0 2.42189 
0 0 0 0 0 0 0 0 0 0 0 0 
Printing number of nodes: 11

Version identifier: 22.1.1.0 | 2022-11-28 | 9160aff4d
CPXPARAM_ClockType                               0
CPXPARAM_Emphasis_MIP                            2
CPXPARAM_MIP_Tolerances_Integrality              0
Tried aggregator 2 times.
MIP Presolve eliminated 483 rows and 813 columns.
MIP Presolve modified 1301 coefficients.
Aggregator did 2 substitutions.
Reduced MIP has 5645 rows, 900 columns, and 163115 nonzeros.
Reduced MIP has 891 binaries, 0 generals, 0 SOSs, and 0 indicators.
Presolve time = 0.06 sec. (174.00 ticks)
Probing fixed 84 vars, tightened 0 bounds.
Probing changed sense of 18 constraints.
Probing time = 0.03 sec. (35.33 ticks)
Tried aggregator 1 time.
MIP Presolve eliminated 53 rows and 120 columns.
MIP Presolve modified 32 coefficients.
Reduced MIP has 5592 rows, 780 columns, and 162512 nonzeros.
Reduced MIP has 771 binaries, 0 generals, 0 SOSs, and 0 indicators.
Presolve time = 0.07 sec. (183.64 ticks)
Probing time = 0.01 sec. (12.44 ticks)
Tried aggregator 1 time.
Detecting symmetries...
Reduced MIP has 5592 rows, 780 columns, and 162512 nonzeros.
Reduced MIP has 771 binaries, 0 generals, 0 SOSs, and 0 indicators.
Presolve time = 0.03 sec. (87.52 ticks)
Probing time = 0.01 sec. (12.33 ticks)
Clique table members: 82619.
MIP emphasis: optimality.
MIP search method: dynamic search.
Parallel mode: deterministic, using up to 20 threads.
Root relaxation solution time = 0.14 sec. (167.37 ticks)

        Nodes                                         Cuts/
   Node  Left     Objective  IInf  Best Integer    Best Bound    ItCnt     Gap

*     0+    0                          212.6298      -10.0000           104.70%
      0     0       44.6751   114      212.6298       44.6751     1485   78.99%
*     0+    0                           65.1897       44.6751            31.47%
      0     0       45.9796   119       65.1897      Cuts: 48     1762   29.47%
      0     0       46.7771   128       65.1897      Cuts: 37     1942   28.24%
      0     0       47.1594   128       65.1897      Cuts: 24     2030   27.66%
      0     0       47.4344   121       65.1897      Cuts: 27     2274   27.24%
      0     0       47.4883   106       65.1897      Cuts: 22     2397   27.15%
Detecting symmetries...
      0     0       47.6016   133       65.1897      Cuts: 27     2424   26.98%
      0     0       47.6604   129       65.1897      Cuts: 16     2469   26.89%
      0     0       47.8036   147       65.1897      Cuts: 19     2519   26.67%
      0     0       47.8036   145       65.1897       Cuts: 7     2531   26.67%
      0     0       47.8201   133       65.1897   ZeroHalf: 1     2544    4.20%
      0     0       47.8448   142       65.1897      Cuts: 13     2561    4.20%
      0     0        cutoff             65.1897       65.1897     2561    0.00%
Elapsed time = 1.69 sec. (3719.20 ticks, tree = 0.01 MB, solutions = 2)

Clique cuts applied:  36
Implied bound cuts applied:  1
Flow cuts applied:  1
Zero-half cuts applied:  10
Gomory fractional cuts applied:  2

Root node processing (before b&c):
  Real time             =    1.69 sec. (3719.74 ticks)
Parallel b&c, 20 threads:
  Real time             =    0.00 sec. (0.00 ticks)
  Sync time (average)   =    0.00 sec.
  Wait time (average)   =    0.00 sec.
                          ------------
Total (root+branch&cut) =    1.69 sec. (3719.74 ticks)
Truck arcs:
0 2
1 3
2 10
3 4
4 7
5 6
6 11
7 5
10 1
65.1897
In write mode
