Instance name: /home/cuong/CLionProjects/uMV-FSTSP/rand_generated_instances_3p_settings/v5
Write arg val: 1

drone speed: 1 miles/minute
uav non-eligible customer: 3 12 
Printing tau:
0 3.85999 3.6065 7.94238 5.4877 19.4668 24.6664 13.0622 9.39213 15.5046 18.5755 0 
3.85999 0 6.3963 11.3047 1.6277 16.1045 21.3041 9.69993 8.63415 11.6446 15.2132 3.85999 
3.6065 6.3963 0 4.90838 7.09366 22.5008 27.7004 16.0962 12.4261 11.8981 21.6095 3.6065 
7.94238 11.3047 4.90838 0 12.002 27.4092 32.6088 21.0046 17.3345 11.0179 26.5179 7.94238 
5.4877 1.6277 7.09366 12.002 0 15.4071 20.6068 9.00257 10.2619 10.0169 14.5159 5.4877 
19.4668 16.1045 22.5008 27.4092 15.4071 0 5.19963 6.40458 16.2203 16.3913 0.89129 19.4668 
24.6664 21.3041 27.7004 32.6088 20.6068 5.19963 0 11.6042 15.2743 21.591 6.09092 24.6664 
13.0622 9.69993 16.0962 21.0046 9.00257 6.40458 11.6042 0 10.8909 9.98675 5.68789 13.0622 
9.39213 8.63415 12.4261 17.3345 10.2619 16.2203 15.2743 10.8909 0 20.2788 16.5788 9.39213 
15.5046 11.6446 11.8981 11.0179 10.0169 16.3913 21.591 9.98675 20.2788 0 15.5 15.5046 
18.5755 15.2132 21.6095 26.5179 14.5159 0.89129 6.09092 5.68789 16.5788 15.5 0 18.5755 
0 0 0 0 0 0 0 0 0 0 0 0 
Printing tau_prime:
0 1.80985 1.66628 3.67051 2.41339 7.98413 9.3083 5.09947 3.72499 5.58852 7.78138 0 
1.80985 0 2.26321 4.11978 0.626072 6.29389 7.76555 3.52104 3.72336 4.11825 6.06794 1.80985 
1.66628 2.26321 0 2.04861 2.59468 8.42426 9.99157 5.75966 5.29911 4.72878 8.17145 1.66628 
3.67051 4.11978 2.04861 0 4.26445 9.83567 11.5633 7.42897 7.3469 4.98955 9.54857 3.67051 
2.41339 0.626072 2.59468 4.26445 0 5.84041 7.40316 3.19065 4.08872 3.55857 5.59703 2.41339 
7.98413 6.29389 8.42426 9.83567 5.84041 0 2.0019 2.94578 6.7509 5.97021 0.339657 7.98413 
9.3083 7.76555 9.99157 11.5633 7.40316 2.0019 0 4.24547 7.32042 7.95189 2.34147 9.3083 
5.09947 3.52104 5.75966 7.42897 3.19065 2.94578 4.24547 0 4.06328 4.84597 2.80064 5.09947 
3.72499 3.72336 5.29911 7.3469 4.08872 6.7509 7.32042 4.06328 0 7.50941 6.70067 3.72499 
5.58852 4.11825 4.72878 4.98955 3.55857 5.97021 7.95189 4.84597 7.50941 0 5.63406 5.58852 
7.78138 6.06794 8.17145 9.54857 5.59703 0.339657 2.34147 2.80064 6.70067 5.63406 0 7.78138 
0 0 0 0 0 0 0 0 0 0 0 0 
Printing number of nodes: 11

Version identifier: 22.1.1.0 | 2022-11-28 | 9160aff4d
CPXPARAM_ClockType                               0
CPXPARAM_Emphasis_MIP                            2
CPXPARAM_MIP_Tolerances_Integrality              0
Tried aggregator 2 times.
MIP Presolve eliminated 455 rows and 569 columns.
MIP Presolve modified 1892 coefficients.
Aggregator did 2 substitutions.
Reduced MIP has 5673 rows, 1144 columns, and 164322 nonzeros.
Reduced MIP has 1135 binaries, 0 generals, 0 SOSs, and 0 indicators.
Presolve time = 0.09 sec. (327.06 ticks)
Found incumbent of value 203.826330 after 0.15 sec. (445.57 ticks)
Probing fixed 114 vars, tightened 0 bounds.
Probing changed sense of 18 constraints.
Probing time = 0.04 sec. (49.77 ticks)
Tried aggregator 1 time.
MIP Presolve eliminated 31 rows and 132 columns.
Reduced MIP has 5642 rows, 1012 columns, and 163679 nonzeros.
Reduced MIP has 1003 binaries, 0 generals, 0 SOSs, and 0 indicators.
Presolve time = 0.05 sec. (129.55 ticks)
Probing time = 0.01 sec. (14.41 ticks)
Tried aggregator 1 time.
Detecting symmetries...
Reduced MIP has 5642 rows, 1012 columns, and 163679 nonzeros.
Reduced MIP has 1003 binaries, 0 generals, 0 SOSs, and 0 indicators.
Presolve time = 0.04 sec. (89.38 ticks)
Probing time = 0.01 sec. (14.51 ticks)
Clique table members: 82456.
MIP emphasis: optimality.
MIP search method: dynamic search.
Parallel mode: deterministic, using up to 20 threads.
Root relaxation solution time = 0.19 sec. (255.90 ticks)

        Nodes                                         Cuts/
   Node  Left     Objective  IInf  Best Integer    Best Bound    ItCnt     Gap

*     0+    0                          203.8263      -10.0000           104.91%
      0     0       44.6405   163      203.8263       44.6405     1204   78.10%
*     0+    0                           65.2366       44.6405            31.57%
      0     0       44.8989   187       65.2366      Cuts: 75     1848   27.33%
      0     0       44.9713   213       65.2366      Cuts: 22     2065   27.33%
*     0+    0                           63.4073       49.3286            22.20%
      0     0  -1.00000e+75     0       63.4073       49.3286     2065   22.20%
Detecting symmetries...
      0     2       44.9738   216       63.4073       49.3286     2065   22.20%
Elapsed time = 1.66 sec. (3334.66 ticks, tree = 0.02 MB, solutions = 3)
      1     3       59.8189    28       63.4073       49.3286     2929   22.20%
      5     5       45.1555   195       63.4073       49.3286     4179   22.20%
*    12+    7                           60.8189       49.3286            18.89%
*    19    13      integral     0       59.8189       49.3286     8193   17.54%
     34    18       60.2915    36       59.8189       49.3286     8351   17.54%
     37     8       47.9363   139       59.8189       49.3286     6152   17.54%
     39     3       48.5885   129       59.8189       49.3286    12798   17.54%
     62    15       56.5801   114       59.8189       50.0453    16253   16.34%
*    64+   14                           55.3530       50.6659             8.47%
    383    22        cutoff             55.3530       51.0098    28510    7.85%
    549    13        cutoff             55.3530       52.8658    35327    4.49%

Clique cuts applied:  2
Cover cuts applied:  13
Implied bound cuts applied:  6
Flow cuts applied:  3
Mixed integer rounding cuts applied:  4
Zero-half cuts applied:  18
Gomory fractional cuts applied:  1

Root node processing (before b&c):
  Real time             =    1.44 sec. (3300.06 ticks)
Parallel b&c, 20 threads:
  Real time             =    1.70 sec. (2217.87 ticks)
  Sync time (average)   =    1.14 sec.
  Wait time (average)   =    0.00 sec.
                          ------------
Total (root+branch&cut) =    3.14 sec. (5517.93 ticks)
Truck arcs:
0 1
1 4
2 11
3 2
4 7
7 9
9 3
55.353
In write mode
