Instance name: /home/cuong/CLionProjects/uMV-FSTSP/rand_generated_instances_3p_settings/v51
Write arg val: 1

drone speed: 1 miles/minute
uav non-eligible customer: 6 8 12 
Printing tau:
0 4.09898 7.78909 3.27949 2.30918 21.6123 16.9074 15.7407 7.14057 4.69927 12.391 0 
4.09898 0 4.01008 2.94602 5.76685 19.1591 14.4542 13.2875 4.0772 8.79824 8.29206 4.09898 
7.78909 4.01008 0 6.63613 9.45696 15.149 10.4441 9.27737 0.648515 12.4884 4.92067 7.78909 
3.27949 2.94602 6.63613 0 5.58867 18.3328 13.6279 12.4612 5.98761 5.85222 11.2381 3.27949 
2.30918 5.76685 9.45696 5.58867 0 23.9215 19.2166 18.0499 8.8396 3.68147 14.0589 2.30918 
21.6123 19.1591 15.149 18.3328 23.9215 0 4.70491 5.87163 15.0819 20.24 20.0697 21.6123 
16.9074 14.4542 10.4441 13.6279 19.2166 4.70491 0 2.72516 10.377 15.8853 15.3648 16.9074 
15.7407 13.2875 9.27737 12.4612 18.0499 5.87163 2.72516 0 9.21026 14.3684 14.198 15.7407 
7.14057 4.0772 0.648515 5.98761 8.8396 15.0819 10.377 9.21026 0 11.8398 5.25047 7.14057 
4.69927 8.79824 12.4884 5.85222 3.68147 20.24 15.8853 14.3684 11.8398 0 17.0903 4.69927 
12.391 8.29206 4.92067 11.2381 14.0589 20.0697 15.3648 14.198 5.25047 17.0903 0 12.391 
0 0 0 0 0 0 0 0 0 0 0 0 
Printing tau_prime:
0 1.68893 3.57848 1.22904 1.00711 8.50188 7.16753 6.31818 3.42115 1.73083 4.41471 0 
1.68893 0 1.92671 1.08177 2.64426 7.14669 5.69155 4.94448 1.79843 3.13404 2.94931 1.68893 
3.57848 1.92671 0 2.60228 4.56057 5.44379 3.88295 3.28864 0.230509 4.76809 2.38199 3.57848 
1.22904 1.08177 2.60228 0 2.21332 7.28245 5.98313 5.10743 2.40884 2.17618 4.02043 1.22904 
1.00711 2.64426 4.56057 2.21332 0 9.49575 8.17389 7.3177 4.41202 1.68607 5.15375 1.00711 
8.50188 7.14669 5.44379 7.28245 9.49575 0 1.67888 2.20264 5.46629 8.95822 7.12571 8.50188 
7.16753 5.69155 3.88295 5.98313 8.17389 1.67888 0 1.04808 3.93776 7.85559 5.44894 7.16753 
6.31818 4.94448 3.28864 5.10743 7.3177 2.20264 1.04808 0 3.28961 6.88876 5.20853 6.31818 
3.42115 1.79843 0.230509 2.40884 4.41202 5.46629 3.93776 3.28961 0 4.56602 2.5604 3.42115 
1.73083 3.13404 4.76809 2.17618 1.68607 8.95822 7.85559 6.88876 4.56602 0 6.04264 1.73083 
4.41471 2.94931 2.38199 4.02043 5.15375 7.12571 5.44894 5.20853 2.5604 6.04264 0 4.41471 
0 0 0 0 0 0 0 0 0 0 0 0 
Printing number of nodes: 11

Version identifier: 22.1.1.0 | 2022-11-28 | 9160aff4d
CPXPARAM_ClockType                               0
CPXPARAM_Emphasis_MIP                            2
CPXPARAM_MIP_Tolerances_Integrality              0
Tried aggregator 2 times.
MIP Presolve eliminated 879 rows and 552 columns.
MIP Presolve modified 1774 coefficients.
Aggregator did 2 substitutions.
Reduced MIP has 5393 rows, 1161 columns, and 152972 nonzeros.
Reduced MIP has 1153 binaries, 0 generals, 0 SOSs, and 0 indicators.
Presolve time = 0.08 sec. (196.83 ticks)
Found incumbent of value 105.552945 after 0.13 sec. (305.72 ticks)
Probing fixed 129 vars, tightened 0 bounds.
Probing changed sense of 32 constraints.
Probing time = 0.04 sec. (47.32 ticks)
Tried aggregator 1 time.
MIP Presolve eliminated 48 rows and 161 columns.
MIP Presolve modified 58 coefficients.
Reduced MIP has 5345 rows, 1000 columns, and 152188 nonzeros.
Reduced MIP has 992 binaries, 0 generals, 0 SOSs, and 0 indicators.
Presolve time = 0.07 sec. (173.46 ticks)
Probing time = 0.01 sec. (14.36 ticks)
Tried aggregator 1 time.
Detecting symmetries...
Reduced MIP has 5345 rows, 1000 columns, and 152188 nonzeros.
Reduced MIP has 992 binaries, 0 generals, 0 SOSs, and 0 indicators.
Presolve time = 0.03 sec. (83.20 ticks)
Probing time = 0.01 sec. (13.93 ticks)
Clique table members: 75659.
MIP emphasis: optimality.
MIP search method: dynamic search.
Parallel mode: deterministic, using up to 20 threads.
Root relaxation solution time = 0.05 sec. (107.26 ticks)

        Nodes                                         Cuts/
   Node  Left     Objective  IInf  Best Integer    Best Bound    ItCnt     Gap

*     0+    0                          105.5529      -10.0000           109.47%
      0     0       44.6004    66      105.5529       44.6004      930   57.75%
*     0+    0                           56.7775       44.6004            21.45%
*     0+    0                           56.6196       44.6004            21.23%
*     0+    0                           48.7982       44.6004             8.60%
*     0+    0                           44.6004       44.6004             0.00%
      0     0        cutoff             44.6004       44.6004      930    0.00%
Elapsed time = 0.64 sec. (1484.00 ticks, tree = 0.01 MB, solutions = 5)

Root node processing (before b&c):
  Real time             =    0.64 sec. (1484.54 ticks)
Parallel b&c, 20 threads:
  Real time             =    0.00 sec. (0.00 ticks)
  Sync time (average)   =    0.00 sec.
  Wait time (average)   =    0.00 sec.
                          ------------
Total (root+branch&cut) =    0.64 sec. (1484.54 ticks)
Truck arcs:
0 1
1 2
2 8
3 11
6 3
7 6
8 7
44.6004
In write mode
