Instance name: /home/cuong/CLionProjects/uMV-FSTSP/rand_generated_instances_3p_settings/v56
Write arg val: 1

drone speed: 1 miles/minute
uav non-eligible customer: 3 6 12 
Printing tau:
0 2.37041 7.57253 13.0318 7.74773 22.5969 26.0305 25.9412 16.4657 13.796 21.3015 0 
2.37041 0 9.94295 10.9008 5.61668 20.4659 23.8995 23.8102 14.0953 11.665 19.1704 2.37041 
7.57253 9.94295 0 9.39123 13.741 16.1416 19.5751 19.4858 24.0382 7.34062 14.8461 7.57253 
13.0318 10.9008 9.39123 0 5.28408 9.56513 12.9987 12.9094 14.647 3.29038 8.26965 13.0318 
7.74773 5.61668 13.741 5.28408 0 14.8492 18.2828 18.1935 10.2972 7.64014 13.5537 7.74773 
22.5969 20.4659 16.1416 9.56513 14.8492 0 7.73835 6.9393 15.1625 8.80093 1.29548 22.5969 
26.0305 23.8995 19.5751 12.9987 18.2828 7.73835 0 14.6777 22.9008 12.2345 8.91811 26.0305 
25.9412 23.8102 19.4858 12.9094 18.1935 6.9393 14.6777 0 11.0616 12.1452 5.75954 25.9412 
16.4657 14.0953 24.0382 14.647 10.2972 15.1625 22.9008 11.0616 0 17.9374 13.9827 16.4657 
13.796 11.665 7.34062 3.29038 7.64014 8.80093 12.2345 12.1452 17.9374 0 7.50546 13.796 
21.3015 19.1704 14.8461 8.26965 13.5537 1.29548 8.91811 5.75954 13.9827 7.50546 0 21.3015 
0 0 0 0 0 0 0 0 0 0 0 0 
Printing tau_prime:
0 1.12695 3.51808 4.65209 3.50138 8.0025 9.48024 9.62345 7.84636 4.9053 7.5822 0 
1.12695 0 3.83344 3.85893 2.39719 7.24562 9.00502 8.6704 6.71941 4.34213 6.77788 1.12695 
3.51808 3.83344 0 4.05346 4.87962 6.51276 6.93253 8.87281 9.00558 3.37463 6.33955 3.51808 
4.65209 3.85893 4.05346 0 2.41976 3.38669 5.44395 5.09802 5.21954 1.19429 2.93318 4.65209 
3.50138 2.39719 4.87962 2.41976 0 5.5246 7.85105 6.47404 4.42856 3.44517 4.96597 3.50138 
8.0025 7.24562 6.51276 3.38669 5.5246 0 2.99315 2.72347 6.01516 3.2626 0.619486 8.0025 
9.48024 9.00502 6.93253 5.44395 7.85105 2.99315 0 5.18943 9.00548 4.66797 3.56891 9.48024 
9.62345 8.6704 8.87281 5.09802 6.47404 2.72347 5.18943 0 4.87313 5.49854 2.61485 9.62345 
7.84636 6.71941 9.00558 5.21954 4.42856 6.01516 9.00548 4.87313 0 6.35338 5.44008 7.84636 
4.9053 4.34213 3.37463 1.19429 3.44517 3.2626 4.66797 5.49854 6.35338 0 2.9994 4.9053 
7.5822 6.77788 6.33955 2.93318 4.96597 0.619486 3.56891 2.61485 5.44008 2.9994 0 7.5822 
0 0 0 0 0 0 0 0 0 0 0 0 
Printing number of nodes: 11

Version identifier: 22.1.1.0 | 2022-11-28 | 9160aff4d
CPXPARAM_ClockType                               0
CPXPARAM_Emphasis_MIP                            2
CPXPARAM_MIP_Tolerances_Integrality              0
Tried aggregator 2 times.
MIP Presolve eliminated 892 rows and 659 columns.
MIP Presolve modified 1688 coefficients.
Aggregator did 2 substitutions.
Reduced MIP has 5380 rows, 1054 columns, and 152419 nonzeros.
Reduced MIP has 1046 binaries, 0 generals, 0 SOSs, and 0 indicators.
Presolve time = 0.08 sec. (259.79 ticks)
Found incumbent of value 178.881430 after 0.13 sec. (368.50 ticks)
Probing fixed 106 vars, tightened 0 bounds.
Probing changed sense of 32 constraints.
Probing time = 0.03 sec. (44.41 ticks)
Tried aggregator 1 time.
MIP Presolve eliminated 47 rows and 138 columns.
MIP Presolve modified 26 coefficients.
Reduced MIP has 5333 rows, 916 columns, and 151743 nonzeros.
Reduced MIP has 908 binaries, 0 generals, 0 SOSs, and 0 indicators.
Presolve time = 0.07 sec. (172.08 ticks)
Probing time = 0.01 sec. (14.36 ticks)
Tried aggregator 1 time.
Detecting symmetries...
Reduced MIP has 5333 rows, 916 columns, and 151743 nonzeros.
Reduced MIP has 908 binaries, 0 generals, 0 SOSs, and 0 indicators.
Presolve time = 0.03 sec. (82.70 ticks)
Probing time = 0.01 sec. (14.18 ticks)
Clique table members: 75714.
MIP emphasis: optimality.
MIP search method: dynamic search.
Parallel mode: deterministic, using up to 20 threads.
Root relaxation solution time = 0.04 sec. (69.15 ticks)

        Nodes                                         Cuts/
   Node  Left     Objective  IInf  Best Integer    Best Bound    ItCnt     Gap

*     0+    0                          178.8814      -10.0000           105.59%
      0     0       60.4175    67      178.8814       60.4175      548   66.22%
*     0+    0                           78.2442       60.4175            22.78%
*     0+    0                           60.4175       60.4175             0.00%
      0     0        cutoff             60.4175       60.4175      548    0.00%
Elapsed time = 0.51 sec. (1206.03 ticks, tree = 0.01 MB, solutions = 3)

Root node processing (before b&c):
  Real time             =    0.51 sec. (1206.57 ticks)
Parallel b&c, 20 threads:
  Real time             =    0.00 sec. (0.00 ticks)
  Sync time (average)   =    0.00 sec.
  Wait time (average)   =    0.00 sec.
                          ------------
Total (root+branch&cut) =    0.51 sec. (1206.57 ticks)
Truck arcs:
0 1
1 4
2 11
3 6
4 3
6 9
9 2
60.4175
In write mode
