Instance name: /home/cuong/CLionProjects/uMV-FSTSP/rand_generated_instances_3p_settings/v6
Write arg val: 1

drone speed: 1 miles/minute
uav non-eligible customer: 9 12 
Printing tau:
0 1.73144 7.16114 1.26984 1.2438 29.2161 30.042 22.9302 14.3633 18.9062 19.4733 0 
1.73144 0 7.24901 0.461601 2.97524 29.3039 30.1299 23.0181 14.4512 18.994 19.5611 1.73144 
7.16114 7.24901 0 7.15049 6.61775 22.0549 22.8809 15.7691 7.20216 13.9467 12.3121 7.16114 
1.26984 0.461601 7.15049 0 2.51364 29.2054 30.0314 22.9196 14.3526 18.8955 19.4626 1.26984 
1.2438 2.97524 6.61775 2.51364 0 28.6727 29.4986 22.3868 13.8199 18.3628 18.9299 1.2438 
29.2161 29.3039 22.0549 29.2054 28.6727 0 7.82917 7.01376 14.8528 13.2265 9.7428 29.2161 
30.042 30.1299 22.8809 30.0314 29.4986 7.82917 0 7.11178 15.6787 21.0557 10.5687 30.042 
22.9302 23.0181 15.7691 22.9196 22.3868 7.01376 7.11178 0 8.56692 20.2403 6.67594 22.9302 
14.3633 14.4512 7.20216 14.3526 13.8199 14.8528 15.6787 8.56692 0 12.7233 5.10996 14.3633 
18.9062 18.994 13.9467 18.8955 18.3628 13.2265 21.0557 20.2403 12.7233 0 13.5643 18.9062 
19.4733 19.5611 12.3121 19.4626 18.9299 9.7428 10.5687 6.67594 5.10996 13.5643 0 19.4733 
0 0 0 0 0 0 0 0 0 0 0 0 
Printing tau_prime:
0 0.612946 2.73211 0.448973 0.479883 10.4086 10.725 8.19515 5.2837 8.95398 6.98219 0 
0.612946 0 2.59623 0.166877 1.07532 10.3821 10.8573 8.33709 5.17901 8.58317 6.93772 0.612946 
2.73211 2.59623 0 2.59326 2.76133 7.80175 8.47107 6.00284 2.58282 6.44647 4.35509 2.73211 
0.448973 0.166877 2.59326 0 0.908446 10.3592 10.7927 8.26904 5.17403 8.65885 6.91791 0.448973 
0.479883 1.07532 2.76133 0.908446 0 10.2824 10.4818 7.95121 5.24214 9.11458 6.8817 0.479883 
10.4086 10.3821 7.80175 10.3592 10.2824 0 2.78339 3.32988 5.25426 5.9291 3.44667 10.4086 
10.725 10.8573 8.47107 10.7927 10.4818 2.78339 0 2.53087 6.27745 8.42131 4.5801 10.725 
8.19515 8.33709 6.00284 8.26904 7.95121 3.32988 2.53087 0 4.02954 7.29607 2.65798 8.19515 
5.2837 5.17901 2.58282 5.17403 5.24214 5.25426 6.27745 4.02954 0 4.7765 1.83095 5.2837 
8.95398 8.58317 6.44647 8.65885 9.11458 5.9291 8.42131 7.29607 4.7765 0 4.7999 8.95398 
6.98219 6.93772 4.35509 6.91791 6.8817 3.44667 4.5801 2.65798 1.83095 4.7999 0 6.98219 
0 0 0 0 0 0 0 0 0 0 0 0 
Printing number of nodes: 11

Version identifier: 22.1.1.0 | 2022-11-28 | 9160aff4d
CPXPARAM_ClockType                               0
CPXPARAM_Emphasis_MIP                            2
CPXPARAM_MIP_Tolerances_Integrality              0
Tried aggregator 2 times.
MIP Presolve eliminated 465 rows and 667 columns.
MIP Presolve modified 1694 coefficients.
Aggregator did 2 substitutions.
Reduced MIP has 5663 rows, 1046 columns, and 163868 nonzeros.
Reduced MIP has 1037 binaries, 0 generals, 0 SOSs, and 0 indicators.
Presolve time = 0.07 sec. (204.21 ticks)
Found incumbent of value 219.657010 after 0.13 sec. (329.75 ticks)
Probing fixed 110 vars, tightened 0 bounds.
Probing changed sense of 18 constraints.
Probing time = 0.10 sec. (44.25 ticks)
Tried aggregator 1 time.
MIP Presolve eliminated 31 rows and 128 columns.
MIP Presolve modified 92 coefficients.
Reduced MIP has 5632 rows, 918 columns, and 163246 nonzeros.
Reduced MIP has 909 binaries, 0 generals, 0 SOSs, and 0 indicators.
Presolve time = 0.07 sec. (180.01 ticks)
Probing time = 0.01 sec. (14.47 ticks)
Tried aggregator 1 time.
Detecting symmetries...
Reduced MIP has 5632 rows, 918 columns, and 163246 nonzeros.
Reduced MIP has 909 binaries, 0 generals, 0 SOSs, and 0 indicators.
Presolve time = 0.04 sec. (88.59 ticks)
Probing time = 0.01 sec. (14.26 ticks)
Clique table members: 82681.
MIP emphasis: optimality.
MIP search method: dynamic search.
Parallel mode: deterministic, using up to 20 threads.
Root relaxation solution time = 0.17 sec. (199.03 ticks)

        Nodes                                         Cuts/
   Node  Left     Objective  IInf  Best Integer    Best Bound    ItCnt     Gap

*     0+    0                          219.6570      -10.0000           104.55%
      0     0       55.0055   122      219.6570       55.0055     1614   74.96%
*     0+    0                           60.4634       55.0055             9.03%
      0     0       56.0128   158       60.4634     Cuts: 112     2187    7.36%
      0     0       56.1095   137       60.4634      Cuts: 43     2417    7.20%
      0     0       56.1215   139       60.4634      Cuts: 20     2470    7.18%
      0     0       56.1371   146       60.4634      Cuts: 14     2518    7.16%
      0     0       56.1516   160       60.4634      Cuts: 16     2551    7.13%
Detecting symmetries...
      0     0       56.1657   149       60.4634       Cuts: 7     2604    7.11%
      0     0       56.1899   160       60.4634       Cuts: 7     2652    7.07%
      0     0       56.1972   159       60.4634    MIRcuts: 2     2676    7.06%
      0     0       56.2019   162       60.4634       Cuts: 8     2697    7.05%
      0     0       56.2044   159       60.4634       Cuts: 4     2711    7.04%
*     0+    0                           59.4634       56.2044             5.48%
      0     0  -1.00000e+75     0       59.4634       56.2044     2711    5.48%
Detecting symmetries...
      0     2       56.2044   159       59.4634       56.2044     2711    5.48%
Elapsed time = 1.68 sec. (3759.04 ticks, tree = 0.02 MB, solutions = 3)
     41    12        cutoff             59.4634       56.4631     5822    5.05%
    190    12       58.2747    93       59.4634       58.0024    12848    2.46%

Clique cuts applied:  54
Cover cuts applied:  7
Implied bound cuts applied:  51
Mixed integer rounding cuts applied:  6
Zero-half cuts applied:  8
Gomory fractional cuts applied:  2

Root node processing (before b&c):
  Real time             =    1.65 sec. (3722.01 ticks)
Parallel b&c, 20 threads:
  Real time             =    0.61 sec. (753.81 ticks)
  Sync time (average)   =    0.39 sec.
  Wait time (average)   =    0.00 sec.
                          ------------
Total (root+branch&cut) =    2.25 sec. (4475.82 ticks)
Truck arcs:
0 4
1 3
2 8
3 11
4 2
8 10
9 1
10 9
59.4634
In write mode
