Instance name: /home/cuong/CLionProjects/uMV-FSTSP/rand_generated_instances_3p_settings/v60
Write arg val: 1

drone speed: 1 miles/minute
uav non-eligible customer: 7 12 
Printing tau:
0 3.27145 1.83476 7.84134 6.7 15.3377 19.734 22.6912 13.8567 1.85811 13.2516 0 
3.27145 0 3.12673 5.08778 3.42855 15.7465 20.1428 23.1 14.2655 3.69129 9.98017 3.27145 
1.83476 3.12673 0 7.69662 6.55528 13.503 17.8993 20.8565 12.022 3.69287 13.1069 1.83476 
7.84134 5.08778 7.69662 0 1.97719 20.8343 25.2306 28.1878 19.3533 8.26119 6.97494 7.84134 
6.7 3.42855 6.55528 1.97719 0 18.8571 23.2534 26.2106 17.3761 7.11985 6.55162 6.7 
15.3377 15.7465 13.503 20.8343 18.8571 0 4.39632 7.35352 5.61553 17.1958 13.8593 15.3377 
19.734 20.1428 17.8993 25.2306 23.2534 4.39632 0 4.72608 5.8773 21.5922 18.2557 19.734 
22.6912 23.1 20.8565 28.1878 26.2106 7.35352 4.72608 0 8.83449 24.5494 21.2129 22.6912 
13.8567 14.2655 12.022 19.3533 17.3761 5.61553 5.8773 8.83449 0 15.7149 12.3784 13.8567 
1.85811 3.69129 3.69287 8.26119 7.11985 17.1958 21.5922 24.5494 15.7149 0 13.6715 1.85811 
13.2516 9.98017 13.1069 6.97494 6.55162 13.8593 18.2557 21.2129 12.3784 13.6715 0 13.2516 
0 0 0 0 0 0 0 0 0 0 0 0 
Printing tau_prime:
0 1.16563 0.650701 3.38561 2.67572 6.29081 7.56825 8.12115 5.04474 0.673503 4.71422 0 
1.16563 0 1.3606 2.41789 1.63672 5.92653 7.33963 8.16776 5.04384 1.40206 3.59105 1.16563 
0.650701 1.3606 0 3.75809 2.99246 5.7128 6.95341 7.47256 4.40383 1.3208 4.6357 0.650701 
3.38561 2.41789 3.75809 0 0.80715 7.37779 8.9218 10.0798 7.01999 3.1915 3.12091 3.38561 
2.67572 1.63672 2.99246 0.80715 0 6.71722 8.24062 9.33276 6.25294 2.58486 2.91336 2.67572 
6.29081 5.92653 5.7128 7.37779 6.71722 0 1.57533 3.23631 2.05327 6.93537 5.12339 6.29081 
7.56825 7.33963 6.95341 8.9218 8.24062 1.57533 0 1.97107 2.70322 8.23223 6.68809 7.56825 
8.12115 8.16776 7.47256 10.0798 9.33276 3.23631 1.97107 0 3.124 8.79329 8.24435 8.12115 
5.04474 5.04384 4.40383 7.01999 6.25294 2.05327 2.70322 3.124 0 5.71814 5.59244 5.04474 
0.673503 1.40206 1.3208 3.1915 2.58486 6.93537 8.23223 8.79329 5.71814 0 4.97545 0.673503 
4.71422 3.59105 4.6357 3.12091 2.91336 5.12339 6.68809 8.24435 5.59244 4.97545 0 4.71422 
0 0 0 0 0 0 0 0 0 0 0 0 
Printing number of nodes: 11

Version identifier: 22.1.1.0 | 2022-11-28 | 9160aff4d
CPXPARAM_ClockType                               0
CPXPARAM_Emphasis_MIP                            2
CPXPARAM_MIP_Tolerances_Integrality              0
Tried aggregator 1 time.
MIP Presolve eliminated 458 rows and 572 columns.
MIP Presolve modified 1876 coefficients.
Reduced MIP has 5672 rows, 1143 columns, and 164284 nonzeros.
Reduced MIP has 1134 binaries, 0 generals, 0 SOSs, and 0 indicators.
Presolve time = 0.08 sec. (274.58 ticks)
Found incumbent of value 138.108000 after 0.14 sec. (398.39 ticks)
Probing fixed 131 vars, tightened 0 bounds.
Probing changed sense of 18 constraints.
Probing time = 0.04 sec. (48.12 ticks)
Tried aggregator 1 time.
MIP Presolve eliminated 31 rows and 149 columns.
MIP Presolve modified 70 coefficients.
Reduced MIP has 5641 rows, 994 columns, and 163560 nonzeros.
Reduced MIP has 985 binaries, 0 generals, 0 SOSs, and 0 indicators.
Presolve time = 0.07 sec. (182.21 ticks)
Probing time = 0.01 sec. (14.79 ticks)
Tried aggregator 1 time.
Detecting symmetries...
Reduced MIP has 5641 rows, 994 columns, and 163560 nonzeros.
Reduced MIP has 985 binaries, 0 generals, 0 SOSs, and 0 indicators.
Presolve time = 0.04 sec. (89.22 ticks)
Probing time = 0.01 sec. (14.65 ticks)
Clique table members: 82861.
MIP emphasis: optimality.
MIP search method: dynamic search.
Parallel mode: deterministic, using up to 20 threads.
Root relaxation solution time = 0.11 sec. (169.06 ticks)

        Nodes                                         Cuts/
   Node  Left     Objective  IInf  Best Integer    Best Bound    ItCnt     Gap

*     0+    0                          138.1080       -9.0000           106.52%
      0     0       56.1514    95      138.1080       56.1514     1314   59.34%
      0     0       56.1514    89      138.1080      Fract: 3     1635   59.34%
*     0+    0                           65.1807       56.1514            13.85%
      0     0       56.1514    98       65.1807       Cuts: 8     1931   13.85%
      0     0       56.1513    97       65.1807       Cuts: 2     2219   13.85%
*     0+    0                           64.9272       56.1514            13.52%
*     0+    0                           63.7261       56.1514            11.89%
Detecting symmetries...
      0     2       56.1513    97       63.7261       56.1514     2219   11.89%
Elapsed time = 1.03 sec. (2187.88 ticks, tree = 0.02 MB, solutions = 4)
*     6     6      integral     0       57.8316       56.1514     3198    2.91%
     14     7       56.1767    91       57.8316       56.1514     3976    2.91%
     81    11       56.2492    97       57.8316       56.1514    10039    2.91%
    138     6       56.4088   172       57.8316       56.1514    13578    2.91%

Clique cuts applied:  2
Cover cuts applied:  2
Implied bound cuts applied:  21
Flow cuts applied:  1
Zero-half cuts applied:  3

Root node processing (before b&c):
  Real time             =    1.00 sec. (2164.76 ticks)
Parallel b&c, 20 threads:
  Real time             =    0.67 sec. (812.49 ticks)
  Sync time (average)   =    0.51 sec.
  Wait time (average)   =    0.00 sec.
                          ------------
Total (root+branch&cut) =    1.68 sec. (2977.24 ticks)
Truck arcs:
0 1
1 5
2 11
5 6
6 7
7 8
8 2
57.8316
In write mode
