Instance name: /home/cuong/CLionProjects/uMV-FSTSP/rand_generated_instances_3p_settings/v63
Write arg val: 1

drone speed: 1 miles/minute
uav non-eligible customer: 1 4 12 
Printing tau:
0 9.70616 11.28 5.06074 7.1198 16.3094 20.1677 14.8722 7.26908 7.09727 7.33027 0 
9.70616 0 7.4311 7.34267 2.7806 24.2458 28.1041 22.8086 8.98308 15.0337 15.0086 9.70616 
11.28 7.4311 0 6.21929 6.12421 27.5894 31.4477 26.1522 12.3267 18.3773 18.3522 11.28 
5.06074 7.34267 6.21929 0 4.7563 21.3701 25.2284 19.9329 6.10739 12.158 12.1329 5.06074 
7.1198 2.7806 6.12421 4.7563 0 21.4652 25.3235 20.028 6.20248 12.2531 12.228 7.1198 
16.3094 24.2458 27.5894 21.3701 21.4652 0 4.74151 5.93999 15.2627 9.21213 12.7162 16.3094 
20.1677 28.1041 31.4477 25.2284 25.3235 4.74151 0 5.29548 19.121 13.0704 13.0955 20.1677 
14.8722 22.8086 26.1522 19.9329 20.028 5.93999 5.29548 0 13.8256 7.77493 7.80001 14.8722 
7.26908 8.98308 12.3267 6.10739 6.20248 15.2627 19.121 13.8256 0 7.9721 6.02554 7.26908 
7.09727 15.0337 18.3773 12.158 12.2531 9.21213 13.0704 7.77493 7.9721 0 8.03328 7.09727 
7.33027 15.0086 18.3522 12.1329 12.228 12.7162 13.0955 7.80001 6.02554 8.03328 0 7.33027 
0 0 0 0 0 0 0 0 0 0 0 0 
Printing tau_prime:
0 4.43278 4.0684 1.97475 3.10794 6.07253 7.13399 5.26177 2.59651 2.52154 3.60119 0 
4.43278 0 2.88099 2.78802 1.34262 10.0972 10.5888 8.68904 3.2908 6.46493 5.37242 4.43278 
4.0684 2.88099 0 2.19907 2.76083 10.1234 11.1663 9.26621 4.70223 6.58212 6.73015 4.0684 
1.97475 2.78802 2.19907 0 1.68194 8.03692 8.98277 7.07634 2.76959 4.43312 4.63515 1.97475 
3.10794 1.34262 2.76083 1.68194 0 8.78315 9.36459 7.45177 2.19354 5.13973 4.3239 3.10794 
6.07253 10.0972 10.1234 8.03692 8.78315 0 2.16126 2.1607 7.00983 3.65365 5.55685 6.07253 
7.13399 10.5888 11.1663 8.98277 9.36459 2.16126 0 1.91958 7.3164 4.62113 5.42089 7.13399 
5.26177 8.68904 9.26621 7.07634 7.45177 2.1607 1.91958 0 5.43413 2.78455 3.65304 5.26177 
2.59651 3.2908 4.70223 2.76959 2.19354 7.00983 7.3164 5.43413 0 3.53844 2.13046 2.59651 
2.52154 6.46493 6.58212 4.43312 5.13973 3.65365 4.62113 2.78455 3.53844 0 2.84021 2.52154 
3.60119 5.37242 6.73015 4.63515 4.3239 5.55685 5.42089 3.65304 2.13046 2.84021 0 3.60119 
0 0 0 0 0 0 0 0 0 0 0 0 
Printing number of nodes: 11

Version identifier: 22.1.1.0 | 2022-11-28 | 9160aff4d
CPXPARAM_ClockType                               0
CPXPARAM_Emphasis_MIP                            2
CPXPARAM_MIP_Tolerances_Integrality              0
Tried aggregator 2 times.
MIP Presolve eliminated 896 rows and 683 columns.
MIP Presolve modified 1723 coefficients.
Aggregator did 2 substitutions.
Reduced MIP has 5376 rows, 1030 columns, and 152262 nonzeros.
Reduced MIP has 1022 binaries, 0 generals, 0 SOSs, and 0 indicators.
Presolve time = 0.08 sec. (254.35 ticks)
Found incumbent of value 189.837870 after 0.14 sec. (360.91 ticks)
Probing fixed 104 vars, tightened 0 bounds.
Probing changed sense of 32 constraints.
Probing time = 0.03 sec. (41.46 ticks)
Tried aggregator 1 time.
MIP Presolve eliminated 48 rows and 136 columns.
MIP Presolve modified 26 coefficients.
Reduced MIP has 5328 rows, 894 columns, and 151601 nonzeros.
Reduced MIP has 886 binaries, 0 generals, 0 SOSs, and 0 indicators.
Presolve time = 0.07 sec. (170.46 ticks)
Probing time = 0.01 sec. (13.98 ticks)
Tried aggregator 1 time.
Detecting symmetries...
Reduced MIP has 5328 rows, 894 columns, and 151601 nonzeros.
Reduced MIP has 886 binaries, 0 generals, 0 SOSs, and 0 indicators.
Presolve time = 0.03 sec. (82.44 ticks)
Probing time = 0.01 sec. (14.04 ticks)
Clique table members: 76090.
MIP emphasis: optimality.
MIP search method: dynamic search.
Parallel mode: deterministic, using up to 20 threads.
Root relaxation solution time = 0.15 sec. (208.98 ticks)

        Nodes                                         Cuts/
   Node  Left     Objective  IInf  Best Integer    Best Bound    ItCnt     Gap

*     0+    0                          189.8379      -10.0000           105.27%
      0     0       43.4367   136      189.8379       43.4367      887   77.12%
*     0+    0                           61.8612       43.4367            29.78%
      0     0       44.8933   160       61.8612      Cuts: 64     1449   27.43%
      0     0       44.9230   164       61.8612      Cuts: 16     1526   27.38%
      0     0       44.9706   173       61.8612       Cuts: 9     1635   27.30%
      0     0       44.9866   164       61.8612       Cuts: 7     1669   27.28%
      0     0       45.0048   170       61.8612       Cuts: 8     1731   27.25%
Detecting symmetries...
*     0+    0                           54.3870       45.0048            17.25%
      0     0       45.0151   173       54.3870       Cuts: 8     1762   17.23%
      0     0       45.0260   170       54.3870       Cuts: 3     1818   17.21%
      0     0       45.0558   184       54.3870       Cuts: 9     1898   13.98%
      0     0       45.0620   198       54.3870       Cuts: 7     1920   13.98%
*     0+    0                           53.8109       46.7837            13.06%
Detecting symmetries...
      0     2       45.0620   198       53.8109       46.8187     1920   12.99%
Elapsed time = 2.02 sec. (4576.26 ticks, tree = 0.02 MB, solutions = 4)
      6     3       46.9774   118       53.8109       46.8187     2685   12.99%
*    28+    5                           51.6984       47.0352             9.02%
     73    25        cutoff             51.6984       47.1241     6837    8.85%
    269    95       49.9466    78       51.6984       47.6443    17281    7.84%
    644   146       50.0992    52       51.6984       48.2306    31192    6.71%
   1165   159    infeasible             51.6984       48.8453    52081    5.52%
   1486    19        cutoff             51.6984       50.9435    62295    1.46%

Clique cuts applied:  2
Cover cuts applied:  9
Implied bound cuts applied:  11
Flow cuts applied:  2
Mixed integer rounding cuts applied:  6
Zero-half cuts applied:  19
Gomory fractional cuts applied:  3

Root node processing (before b&c):
  Real time             =    1.99 sec. (4539.98 ticks)
Parallel b&c, 20 threads:
  Real time             =    2.00 sec. (1582.43 ticks)
  Sync time (average)   =    0.91 sec.
  Wait time (average)   =    0.00 sec.
                          ------------
Total (root+branch&cut) =    3.99 sec. (6122.41 ticks)
Truck arcs:
0 9
1 3
3 11
4 1
8 4
9 10
10 8
51.6984
In write mode
