Instance name: /home/cuong/CLionProjects/uMV-FSTSP/rand_generated_instances_3p_settings/v64
Write arg val: 1

drone speed: 1 miles/minute
uav non-eligible customer: 3 8 12 
Printing tau:
0 6.25829 1.15568 8.76999 1.01105 13.0512 16.491 9.65888 15.9832 14.1209 15.6052 0 
6.25829 0 5.91863 2.5117 7.26934 19.3095 22.7492 15.9172 18.2553 20.3792 21.8635 6.25829 
1.15568 5.91863 0 8.43033 1.62162 13.3909 16.8306 9.99855 14.8275 14.4605 15.9449 1.15568 
8.76999 2.5117 8.43033 0 9.78104 21.8212 25.261 18.4289 16.7113 22.8909 24.3752 8.76999 
1.01105 7.26934 1.62162 9.78104 0 12.0402 15.4799 8.64784 16.4491 13.1098 14.5942 1.01105 
13.0512 19.3095 13.3909 21.8212 12.0402 0 6.09724 5.5123 15.9895 3.90944 6.57194 13.0512 
16.491 22.7492 16.8306 25.261 15.4799 6.09724 0 11.6095 22.0867 2.37009 12.6692 16.491 
9.65888 15.9172 9.99855 18.4289 8.64784 5.5123 11.6095 0 10.4772 9.42174 5.94636 9.65888 
15.9832 18.2553 14.8275 16.7113 16.4491 15.9895 22.0867 10.4772 0 19.8989 10.7997 15.9832 
14.1209 20.3792 14.4605 22.8909 13.1098 3.90944 2.37009 9.42174 19.8989 0 10.4814 14.1209 
15.6052 21.8635 15.9449 24.3752 14.5942 6.57194 12.6692 5.94636 10.7997 10.4814 0 15.6052 
0 0 0 0 0 0 0 0 0 0 0 0 
Printing tau_prime:
0 2.35395 0.425878 3.11133 0.393591 4.61431 6.21696 3.93081 5.9008 5.18088 5.98572 0 
2.35395 0 2.41815 1.04238 2.64824 6.87379 8.15635 6.26354 7.54704 7.22852 8.33756 2.35395 
0.425878 2.41815 0 3.05408 0.746162 4.75219 6.48041 3.85513 5.54896 5.41787 5.95302 0.425878 
3.11133 1.04238 3.05408 0 3.45936 7.71919 9.13106 6.8783 7.61218 8.17123 8.99549 3.11133 
0.393591 2.64824 0.746162 3.45936 0 4.25995 5.82463 3.71566 5.96837 4.79281 5.72749 0.393591 
4.61431 6.87379 4.75219 7.71919 4.25995 0 2.47508 2.28838 6.36058 1.433 2.49282 4.61431 
6.21696 8.15635 6.48041 9.13106 5.82463 2.47508 0 4.7626 8.83441 1.14038 4.49016 6.21696 
3.93081 6.26354 3.85513 6.8783 3.71566 2.28838 4.7626 0 4.08239 3.68576 2.13547 3.93081 
5.9008 7.54704 5.54896 7.61218 5.96837 6.36058 8.83441 4.08239 0 7.76807 5.06612 5.9008 
5.18088 7.22852 5.41787 8.17123 4.79281 1.433 1.14038 3.68576 7.76807 0 3.7427 5.18088 
5.98572 8.33756 5.95302 8.99549 5.72749 2.49282 4.49016 2.13547 5.06612 3.7427 0 5.98572 
0 0 0 0 0 0 0 0 0 0 0 0 
Printing number of nodes: 11

Version identifier: 22.1.1.0 | 2022-11-28 | 9160aff4d
CPXPARAM_ClockType                               0
CPXPARAM_Emphasis_MIP                            2
CPXPARAM_MIP_Tolerances_Integrality              0
Tried aggregator 2 times.
MIP Presolve eliminated 887 rows and 613 columns.
MIP Presolve modified 1731 coefficients.
Aggregator did 2 substitutions.
Reduced MIP has 5385 rows, 1100 columns, and 152648 nonzeros.
Reduced MIP has 1092 binaries, 0 generals, 0 SOSs, and 0 indicators.
Presolve time = 0.07 sec. (195.72 ticks)
Probing fixed 124 vars, tightened 0 bounds.
Probing changed sense of 32 constraints.
Probing time = 0.04 sec. (43.73 ticks)
Tried aggregator 1 time.
MIP Presolve eliminated 48 rows and 156 columns.
MIP Presolve modified 14 coefficients.
Reduced MIP has 5337 rows, 944 columns, and 151890 nonzeros.
Reduced MIP has 936 binaries, 0 generals, 0 SOSs, and 0 indicators.
Presolve time = 0.05 sec. (120.62 ticks)
Probing time = 0.01 sec. (13.94 ticks)
Tried aggregator 1 time.
Detecting symmetries...
Reduced MIP has 5337 rows, 944 columns, and 151890 nonzeros.
Reduced MIP has 936 binaries, 0 generals, 0 SOSs, and 0 indicators.
Presolve time = 0.03 sec. (82.70 ticks)
Probing time = 0.01 sec. (13.84 ticks)
Clique table members: 76590.
MIP emphasis: optimality.
MIP search method: dynamic search.
Parallel mode: deterministic, using up to 20 threads.
Root relaxation solution time = 0.11 sec. (167.99 ticks)

        Nodes                                         Cuts/
   Node  Left     Objective  IInf  Best Integer    Best Bound    ItCnt     Gap

*     0+    0                         1433.6410      -10.0000           100.70%
      0     0       52.6174   100     1433.6410       52.6174     1460   96.33%
*     0+    0                           77.7987       52.6174            32.37%
      0     0       53.4334    72       77.7987      Cuts: 76     1718   31.32%
*     0+    0                           70.1713       53.4334            23.85%
      0     0       53.4334    78       70.1713      Cuts: 29     1945   23.85%
*     0+    0                           68.8254       53.4334            22.36%
*     0+    0                           57.4351       53.4334             6.97%
Detecting symmetries...
      0     2       53.4334    60       57.4351       53.4334     1945    6.97%
Elapsed time = 1.09 sec. (1978.29 ticks, tree = 0.02 MB, solutions = 5)
     49    23        cutoff             57.4351       53.4334     5188    6.97%
    208    22       57.2016    63       57.4351       53.4334    13896    6.97%
    321    21       53.4517   109       57.4351       53.4334    10794    6.97%
*   363    14      integral     0       57.4351       53.4603    25847    6.92%
    421     9       53.7657   204       57.4351       53.7760    30624    6.37%

Clique cuts applied:  13
Cover cuts applied:  4
Implied bound cuts applied:  4
Mixed integer rounding cuts applied:  1
Zero-half cuts applied:  4
Lift and project cuts applied:  1
Gomory fractional cuts applied:  1

Root node processing (before b&c):
  Real time             =    0.99 sec. (1958.80 ticks)
Parallel b&c, 20 threads:
  Real time             =    1.25 sec. (1190.22 ticks)
  Sync time (average)   =    0.80 sec.
  Wait time (average)   =    0.00 sec.
                          ------------
Total (root+branch&cut) =    2.24 sec. (3149.02 ticks)
Truck arcs:
0 4
1 3
2 1
3 8
4 2
7 11
8 7
57.4351
In write mode
