Instance name: /home/cuong/CLionProjects/uMV-FSTSP/rand_generated_instances_3p_settings/v66
Write arg val: 1

drone speed: 1 miles/minute
uav non-eligible customer: 3 12 
Printing tau:
0 5.54912 6.72818 4.18893 1.204 19.0751 20.5443 16.374 12.2835 4.87799 24.7475 0 
5.54912 0 2.32813 9.73804 4.34512 14.6751 16.1443 11.9739 7.88341 10.4271 20.3475 5.54912 
6.72818 2.32813 0 7.87958 6.23583 12.347 13.8161 9.64579 5.55528 8.56864 18.0194 6.72818 
4.18893 9.73804 7.87958 0 5.39292 17.1438 18.613 14.4427 10.3522 0.689067 22.8162 4.18893 
1.204 4.34512 6.23583 5.39292 0 18.5828 20.052 15.8816 11.7911 6.08199 24.2552 1.204 
19.0751 14.6751 12.347 17.1438 18.5828 0 7.88027 11.0796 6.79167 17.0247 5.67241 19.0751 
20.5443 16.1443 13.8161 18.613 20.052 7.88027 0 4.17036 8.26086 18.4939 4.20323 20.5443 
16.374 11.9739 9.64579 14.4427 15.8816 11.0796 4.17036 0 6.41608 14.3236 8.37358 16.374 
12.2835 7.88341 5.55528 10.3522 11.7911 6.79167 8.26086 6.41608 0 10.2331 12.4641 12.2835 
4.87799 10.4271 8.56864 0.689067 6.08199 17.0247 18.4939 14.3236 10.2331 0 22.6972 4.87799 
24.7475 20.3475 18.0194 22.8162 24.2552 5.67241 4.20323 8.37358 12.4641 22.6972 0 24.7475 
0 0 0 0 0 0 0 0 0 0 0 0 
Printing tau_prime:
0 2.50383 2.71315 1.63084 0.459894 7.21074 7.26729 5.9479 4.43576 1.87079 8.78216 0 
2.50383 0 1.05321 3.55183 2.0661 5.22186 6.11577 5.38447 2.98155 3.77898 7.29433 2.50383 
2.71315 1.05321 0 3.26147 2.37353 4.53994 5.12146 4.33129 2.00476 3.45151 6.39442 2.71315 
1.63084 3.55183 3.26147 0 1.97339 7.28033 6.69776 5.10756 4.36804 0.247233 8.37113 1.63084 
0.459894 2.0661 2.37353 1.97339 0 6.90549 7.12009 5.89373 4.19603 2.21974 8.58186 0.459894 
7.21074 5.22186 4.53994 7.28033 6.90549 0 2.8341 4.03197 2.91281 7.38369 2.69221 7.21074 
7.26729 6.11577 5.12146 6.69776 7.12009 2.8341 0 1.85835 3.13427 6.70631 1.78563 7.26729 
5.9479 5.38447 4.33129 5.10756 5.89373 4.03197 1.85835 0 2.69022 5.07688 3.64196 5.9479 
4.43576 2.98155 2.00476 4.36804 4.19603 2.91281 3.13427 2.69022 0 4.4715 4.40918 4.43576 
1.87079 3.77898 3.45151 0.247233 2.21974 7.38369 6.70631 5.07688 4.4715 0 8.39926 1.87079 
8.78216 7.29433 6.39442 8.37113 8.58186 2.69221 1.78563 3.64196 4.40918 8.39926 0 8.78216 
0 0 0 0 0 0 0 0 0 0 0 0 
Printing number of nodes: 11

Version identifier: 22.1.1.0 | 2022-11-28 | 9160aff4d
CPXPARAM_ClockType                               0
CPXPARAM_Emphasis_MIP                            2
CPXPARAM_MIP_Tolerances_Integrality              0
Tried aggregator 2 times.
MIP Presolve eliminated 443 rows and 463 columns.
MIP Presolve modified 2155 coefficients.
Aggregator did 2 substitutions.
Reduced MIP has 5685 rows, 1250 columns, and 164884 nonzeros.
Reduced MIP has 1241 binaries, 0 generals, 0 SOSs, and 0 indicators.
Presolve time = 0.08 sec. (205.10 ticks)
Found incumbent of value 145.501810 after 0.14 sec. (323.74 ticks)
Probing fixed 146 vars, tightened 0 bounds.
Probing changed sense of 18 constraints.
Probing time = 0.04 sec. (53.03 ticks)
Tried aggregator 1 time.
MIP Presolve eliminated 31 rows and 164 columns.
MIP Presolve modified 46 coefficients.
Reduced MIP has 5654 rows, 1086 columns, and 164085 nonzeros.
Reduced MIP has 1077 binaries, 0 generals, 0 SOSs, and 0 indicators.
Presolve time = 0.07 sec. (181.04 ticks)
Probing time = 0.01 sec. (14.78 ticks)
Tried aggregator 1 time.
Detecting symmetries...
Reduced MIP has 5654 rows, 1086 columns, and 164085 nonzeros.
Reduced MIP has 1077 binaries, 0 generals, 0 SOSs, and 0 indicators.
Presolve time = 0.04 sec. (89.17 ticks)
Probing time = 0.01 sec. (14.61 ticks)
Clique table members: 82302.
MIP emphasis: optimality.
MIP search method: dynamic search.
Parallel mode: deterministic, using up to 20 threads.
Root relaxation solution time = 0.18 sec. (224.94 ticks)

        Nodes                                         Cuts/
   Node  Left     Objective  IInf  Best Integer    Best Bound    ItCnt     Gap

*     0+    0                          145.5018       -6.5920           104.53%
      0     0       35.0317   151      145.5018       35.0317      902   75.92%
*     0+    0                           52.4764       35.0317            33.24%
      0     0       36.6876   174       52.4764      Cuts: 62     1960   30.09%
      0     0       36.7279   187       52.4764      Cuts: 19     2137   30.01%
      0     0       36.7404   202       52.4764      Cuts: 12     2218   29.99%
      0     0       36.7545   206       52.4764       Cuts: 7     2313   29.96%
      0     0       36.7672   204       52.4764       Cuts: 7     2411   29.94%
Detecting symmetries...
      0     0       36.7700   210       52.4764       Cuts: 7     2449   29.93%
      0     0       36.7767   223       52.4764   ZeroHalf: 8     2481   29.92%
      0     0       36.7810   220       52.4764       Cuts: 4     2516   29.91%
      0     0       36.7927   210       52.4764       Cuts: 5     2579   29.89%
      0     0       36.8570   208       52.4764       Cuts: 8     2704   29.76%
      0     0       36.8665   206       52.4764       Cuts: 5     2738   29.75%
      0     0       36.8675   207       52.4764       Cuts: 6     2757   29.74%
      0     0       36.9093   204       52.4764       Cuts: 7     2881   29.67%
      0     0       37.0083   194       52.4764       Cuts: 9     3123   29.48%
      0     0       37.0326   204       52.4764      Cuts: 10     3290   29.43%
      0     0       37.0374   206       52.4764       Cuts: 5     3329   29.42%
*     0+    0                           49.0654       37.0374            24.51%
      0     0  -1.00000e+75     0       49.0654       37.0374     3329   24.51%
*     0+    0                           48.4366       37.0374            23.53%
Detecting symmetries...
      0     2       37.0374   206       48.4366       39.5036     3329   18.44%
Elapsed time = 2.45 sec. (5457.82 ticks, tree = 0.02 MB, solutions = 4)
      4     3       37.4818   171       48.4366       39.5036     4310   18.44%
     13     3        cutoff             48.4366       39.5036     5938   18.44%
*    25    11      integral     0       48.0653       39.5036     8198   17.81%
     34    11       43.7246    90       48.0653       39.6254     8675   17.56%
*    66    21      integral     0       44.0502       40.1121    12724    8.94%
    103    19       47.1269    39       44.0502       43.7561    12097    0.67%

GUB cover cuts applied:  1
Clique cuts applied:  1
Cover cuts applied:  6
Implied bound cuts applied:  15
Flow cuts applied:  1
Mixed integer rounding cuts applied:  5
Zero-half cuts applied:  20
Gomory fractional cuts applied:  2

Root node processing (before b&c):
  Real time             =    2.41 sec. (5390.22 ticks)
Parallel b&c, 20 threads:
  Real time             =    0.88 sec. (1141.70 ticks)
  Sync time (average)   =    0.65 sec.
  Wait time (average)   =    0.00 sec.
                          ------------
Total (root+branch&cut) =    3.29 sec. (6531.92 ticks)
Truck arcs:
0 4
1 2
2 8
3 11
4 1
7 9
8 7
9 3
44.0502
In write mode
