Instance name: /home/cuong/CLionProjects/uMV-FSTSP/rand_generated_instances_3p_settings/v70
Write arg val: 1

drone speed: 1 miles/minute
uav non-eligible customer: 12 
Printing tau:
0 11.6552 8.25014 9.85801 8.10491 19.637 25.5852 28.6169 10.2178 20.8366 17.9018 0 
11.6552 0 5.39481 3.69864 10.0597 7.98188 13.93 16.9618 9.61786 9.18147 6.24664 11.6552 
8.25014 5.39481 0 1.69617 15.4546 11.3869 17.335 20.3668 15.0127 13.8925 9.65166 8.25014 
9.85801 3.69864 1.69617 0 13.7584 9.77902 15.7271 18.7589 13.3165 12.1963 8.04379 9.85801 
8.10491 10.0597 15.4546 13.7584 0 11.5321 17.4802 20.512 2.11293 12.7317 11.6792 8.10491 
19.637 7.98188 11.3869 9.77902 11.5321 0 8.24385 8.97988 9.41919 4.64863 5.46852 19.637 
25.5852 13.93 17.335 15.7271 17.4802 8.24385 0 3.94309 15.3673 12.8925 7.68336 25.5852 
28.6169 16.9618 20.3668 18.7589 20.512 8.97988 3.94309 0 18.3991 8.94939 10.7151 28.6169 
10.2178 9.61786 15.0127 13.3165 2.11293 9.41919 15.3673 18.3991 0 10.6188 11.2373 10.2178 
20.8366 9.18147 13.8925 12.1963 12.7317 4.64863 12.8925 8.94939 10.6188 0 10.1172 20.8366 
17.9018 6.24664 9.65166 8.04379 11.6792 5.46852 7.68336 10.7151 11.2373 10.1172 0 17.9018 
0 0 0 0 0 0 0 0 0 0 0 0 
Printing tau_prime:
0 4.21895 4.05192 4.12843 3.90409 6.95768 9.37397 10.1735 4.39058 7.66013 6.49945 0 
4.21895 0 2.2555 1.45386 3.77165 3.133 5.16429 5.99901 3.43819 4.4231 2.28153 4.21895 
4.05192 2.2555 0 0.826305 5.46425 5.18544 6.13904 7.40979 5.35318 6.6278 3.66415 4.05192 
4.12843 1.45386 0.826305 0 4.90365 4.36745 5.56583 6.73089 4.70981 5.80173 2.93738 4.12843 
3.90409 3.77165 5.46425 4.90365 0 4.63091 8.01945 8.14887 0.763196 4.53509 5.3896 3.90409 
6.95768 3.133 5.18544 4.36745 4.63091 0 3.59411 3.52021 3.90513 1.69738 2.02842 6.95768 
9.37397 5.16429 6.13904 5.56583 8.01945 3.59411 0 1.75853 7.35279 4.85753 2.88826 9.37397 
10.1735 5.99901 7.40979 6.73089 8.14887 3.52021 1.75853 0 7.41554 4.19262 3.8108 10.1735 
4.39058 3.43819 5.35318 4.70981 0.763196 3.90513 7.35279 7.41554 0 3.77514 4.81301 4.39058 
7.66013 4.4231 6.6278 5.80173 4.53509 1.69738 4.85753 4.19262 3.77514 0 3.72441 7.66013 
6.49945 2.28153 3.66415 2.93738 5.3896 2.02842 2.88826 3.8108 4.81301 3.72441 0 6.49945 
0 0 0 0 0 0 0 0 0 0 0 0 
Printing number of nodes: 11

Version identifier: 22.1.1.0 | 2022-11-28 | 9160aff4d
CPXPARAM_ClockType                               0
CPXPARAM_Emphasis_MIP                            2
CPXPARAM_MIP_Tolerances_Integrality              0
Tried aggregator 1 time.
MIP Presolve eliminated 255 rows and 301 columns.
MIP Presolve modified 2341 coefficients.
Reduced MIP has 5731 rows, 1414 columns, and 168075 nonzeros.
Reduced MIP has 1404 binaries, 0 generals, 0 SOSs, and 0 indicators.
Presolve time = 0.06 sec. (164.57 ticks)
Found incumbent of value 121.061550 after 0.12 sec. (288.52 ticks)
Probing fixed 178 vars, tightened 0 bounds.
Probing time = 0.04 sec. (60.58 ticks)
Tried aggregator 1 time.
MIP Presolve eliminated 10 rows and 178 columns.
MIP Presolve modified 96 coefficients.
Reduced MIP has 5721 rows, 1236 columns, and 167203 nonzeros.
Reduced MIP has 1226 binaries, 0 generals, 0 SOSs, and 0 indicators.
Presolve time = 0.05 sec. (158.83 ticks)
Probing time = 0.01 sec. (15.08 ticks)
Tried aggregator 1 time.
Detecting symmetries...
Reduced MIP has 5721 rows, 1236 columns, and 167203 nonzeros.
Reduced MIP has 1226 binaries, 0 generals, 0 SOSs, and 0 indicators.
Presolve time = 0.04 sec. (92.81 ticks)
Probing time = 0.01 sec. (14.84 ticks)
Clique table members: 83561.
MIP emphasis: optimality.
MIP search method: dynamic search.
Parallel mode: deterministic, using up to 20 threads.
Root relaxation solution time = 0.20 sec. (265.04 ticks)

        Nodes                                         Cuts/
   Node  Left     Objective  IInf  Best Integer    Best Bound    ItCnt     Gap

*     0+    0                          121.0615      -10.0000           108.26%
*     0+    0                          113.2605      -10.0000           108.83%
      0     0       44.4366   194      113.2605       44.4366     1162   60.77%
*     0+    0                           63.3041       44.4366            29.80%
      0     0       44.9164   210       63.3041      Cuts: 62     1742   26.67%
      0     0       45.2741   230       63.3041      Cuts: 16     1979   26.67%
      0     0       45.3114   225       63.3041       Cuts: 8     2055   26.67%
*     0+    0                           59.4558       46.4230            21.92%
      0     0  -1.00000e+75     0       59.4558       46.4230     2055   21.92%
*     0+    0                           53.6404       46.4230            13.46%
      0     0       45.3486   222       53.6404      Cuts: 12     2116   13.46%
*     0+    0                           52.8886       46.4230            12.23%
      0     0       45.3955   222       52.8886   ZeroHalf: 6     2226   11.97%
Detecting symmetries...
*     0+    0                           52.8596       46.5568            11.92%
Detecting symmetries...
      0     2       45.3955   222       52.8596       47.4934     2226   10.15%
Elapsed time = 2.31 sec. (5014.32 ticks, tree = 0.02 MB, solutions = 7)
      9     7       47.5595   221       52.8596       47.4934     3667   10.15%
*    28+    6                           51.7744       47.5712             8.12%
*    34+   10                           51.7744       47.5712             8.12%
*    67+   15                           51.2146       47.5712             7.11%
*   127+   61                           51.1480       47.8860             6.38%
    131    74        cutoff             51.1480       47.8860    14120    6.38%
*   132    81      integral     0       51.0090       47.8860    14855    6.12%
*   160    90      integral     0       50.8905       47.9911    16428    5.70%
    215    96       50.7032    65       50.8905       47.9911    19082    5.70%
*   254+   93                           50.4575       47.9911             4.89%
*   323   125      integral     0       50.2326       48.1731    30068    4.10%
    401    84        cutoff             50.2326       48.2639    36562    3.92%
*   402+  120                           50.1341       48.2639             3.73%
    605    26       49.9971    41       50.1341       48.2691    51768    3.72%
    728    13        cutoff             50.1341       49.9971    65601    0.27%
*   741    13      integral     0       50.0786       49.9971    65703    0.16%

Clique cuts applied:  1
Cover cuts applied:  18
Flow cuts applied:  2
Mixed integer rounding cuts applied:  1
Zero-half cuts applied:  22
Gomory fractional cuts applied:  5

Root node processing (before b&c):
  Real time             =    2.23 sec. (4970.33 ticks)
Parallel b&c, 20 threads:
  Real time             =    1.95 sec. (1616.25 ticks)
  Sync time (average)   =    1.00 sec.
  Wait time (average)   =    0.00 sec.
                          ------------
Total (root+branch&cut) =    4.18 sec. (6586.59 ticks)
Truck arcs:
0 2
1 10
2 3
3 1
4 11
5 8
8 4
10 5
50.0786
In write mode
