Instance name: /home/cuong/CLionProjects/uMV-FSTSP/rand_generated_instances_3p_settings/v71
Write arg val: 1

drone speed: 1 miles/minute
uav non-eligible customer: 6 7 12 
Printing tau:
0 8.27446 11.1654 7.06521 1.61514 20.6668 11.9546 20.4161 19.1529 11.3791 12.101 0 
8.27446 0 5.69067 8.34006 9.70965 28.9413 20.229 28.6906 24.1259 7.95992 8.96496 8.27446 
11.1654 5.69067 0 7.4993 9.55031 28.1005 19.3883 27.8498 23.2851 7.11916 8.1242 11.1654 
7.06521 8.34006 7.4993 0 5.45008 20.6012 11.889 20.3505 15.7858 4.31391 5.03575 7.06521 
1.61514 9.70965 9.55031 5.45008 0 19.2316 10.5194 18.9809 17.5377 9.76399 10.4858 1.61514 
20.6668 28.9413 28.1005 20.6012 19.2316 0 8.71222 2.79681 14.5789 20.9813 19.9763 20.6668 
11.9546 20.229 19.3883 11.889 10.5194 8.71222 0 8.46154 9.21554 12.2691 11.2641 11.9546 
20.4161 28.6906 27.8498 20.3505 18.9809 2.79681 8.46154 0 11.7821 20.7307 19.7256 20.4161 
19.1529 24.1259 23.2851 15.7858 17.5377 14.5789 9.21554 11.7821 0 16.166 15.1609 19.1529 
11.3791 7.95992 7.11916 4.31391 9.76399 20.9813 12.2691 20.7307 16.166 0 1.00504 11.3791 
12.101 8.96496 8.1242 5.03575 10.4858 19.9763 11.2641 19.7256 15.1609 1.00504 0 12.101 
0 0 0 0 0 0 0 0 0 0 0 0 
Printing tau_prime:
0 3.50785 4.74246 2.49804 0.763906 7.48363 5.49616 7.67419 8.78991 4.02466 4.2853 0 
3.50785 0 2.0338 3.00179 3.69415 10.2372 7.324 10.1658 9.80528 3.50395 3.9414 3.50785 
4.74246 2.0338 0 3.02182 4.60795 10.2047 6.86853 9.93738 8.70342 2.51814 2.89132 4.74246 
2.49804 3.00179 3.02182 0 1.9868 7.33669 4.3243 7.1958 7.02943 1.53111 1.79406 2.49804 
0.763906 3.69415 4.60795 1.9868 0 6.8794 4.74232 7.01252 8.02652 3.50708 3.71664 0.763906 
7.48363 10.2372 10.2047 7.33669 6.8794 0 3.61712 0.992785 5.42831 7.79845 7.54742 7.48363 
5.49616 7.324 6.86853 4.3243 4.74232 3.61712 0 3.1262 3.53751 4.36764 4.05525 5.49616 
7.67419 10.1658 9.93738 7.1958 7.01252 0.992785 3.1262 0 4.4673 7.46514 7.17177 7.67419 
8.78991 9.80528 8.70342 7.02943 8.02652 5.42831 3.53751 4.4673 0 6.34202 5.91167 8.78991 
4.02466 3.50395 2.51814 1.53111 3.50708 7.79845 4.36764 7.46514 6.34202 0 0.437487 4.02466 
4.2853 3.9414 2.89132 1.79406 3.71664 7.54742 4.05525 7.17177 5.91167 0.437487 0 4.2853 
0 0 0 0 0 0 0 0 0 0 0 0 
Printing number of nodes: 11

Version identifier: 22.1.1.0 | 2022-11-28 | 9160aff4d
CPXPARAM_ClockType                               0
CPXPARAM_Emphasis_MIP                            2
CPXPARAM_MIP_Tolerances_Integrality              0
Tried aggregator 2 times.
MIP Presolve eliminated 905 rows and 749 columns.
MIP Presolve modified 1439 coefficients.
Aggregator did 3 substitutions.
Reduced MIP has 5366 rows, 963 columns, and 151935 nonzeros.
Reduced MIP has 955 binaries, 0 generals, 0 SOSs, and 0 indicators.
Presolve time = 0.10 sec. (339.70 ticks)
Found incumbent of value 181.318860 after 0.15 sec. (445.35 ticks)
Probing fixed 97 vars, tightened 0 bounds.
Probing changed sense of 32 constraints.
Probing time = 0.03 sec. (38.88 ticks)
Tried aggregator 1 time.
MIP Presolve eliminated 47 rows and 129 columns.
MIP Presolve modified 70 coefficients.
Reduced MIP has 5319 rows, 834 columns, and 151301 nonzeros.
Reduced MIP has 826 binaries, 0 generals, 0 SOSs, and 0 indicators.
Presolve time = 0.06 sec. (168.25 ticks)
Probing time = 0.04 sec. (13.52 ticks)
Tried aggregator 1 time.
Detecting symmetries...
Reduced MIP has 5319 rows, 834 columns, and 151301 nonzeros.
Reduced MIP has 826 binaries, 0 generals, 0 SOSs, and 0 indicators.
Presolve time = 0.03 sec. (82.28 ticks)
Probing time = 0.01 sec. (13.15 ticks)
Clique table members: 77040.
MIP emphasis: optimality.
MIP search method: dynamic search.
Parallel mode: deterministic, using up to 20 threads.
Root relaxation solution time = 0.11 sec. (154.13 ticks)

        Nodes                                         Cuts/
   Node  Left     Objective  IInf  Best Integer    Best Bound    ItCnt     Gap

*     0+    0                          181.3189      -10.0000           105.52%
      0     0       56.1493   117      181.3189       56.1493     1234   69.03%
*     0+    0                          119.9338       56.1493            53.18%
      0     0       56.8716   111      119.9338     Cuts: 115     1795   52.58%
      0     0       56.8760   125      119.9338      Cuts: 34     2110   52.58%
      0     0       56.8901   135      119.9338      Cuts: 14     2156   52.57%
*     0+    0                           61.7533       56.8901             7.88%
      0     0  -1.00000e+75     0       61.7533       56.8901     2156    7.88%
      0     0       56.8939   149       61.7533      Cuts: 35     2211    7.87%
      0     0       56.9013   143       61.7533      Cuts: 10     2254    7.86%
Detecting symmetries...
      0     0       56.9060   151       61.7533      Cuts: 18     2296    7.85%
      0     0       56.9084   148       61.7533       Cuts: 5     2319    7.85%
      0     0       56.9105   155       61.7533       Cuts: 3     2343    7.84%
Detecting symmetries...
      0     2       56.9105   155       61.7533       56.9105     2343    7.84%
Elapsed time = 1.19 sec. (2570.76 ticks, tree = 0.02 MB, solutions = 3)
*    11+    5                           61.2725       56.9709             7.02%
     14     7       57.0744   145       61.2725       56.9709     3818    7.02%
*    17+    2                           61.1676       56.9709             6.86%
*    19+    5                           60.5747       56.9964             5.91%
*    21+    6                           60.5734       56.9964             5.91%
     84     6        cutoff             60.5734       57.2067    12686    5.56%
     96     6        cutoff             60.5734       57.2783    14048    5.44%
*   134    10      integral     0       60.4929       57.7464    18412    4.54%
*   172    17      integral     0       60.1201       58.0171    20996    3.50%
*   182    18      integral     0       59.7058       58.0171    21174    2.83%
    195    16        cutoff             59.7058       58.0171    21941    2.83%

Clique cuts applied:  27
Cover cuts applied:  8
Implied bound cuts applied:  32
Mixed integer rounding cuts applied:  5
Zero-half cuts applied:  18
Gomory fractional cuts applied:  2

Root node processing (before b&c):
  Real time             =    1.16 sec. (2539.34 ticks)
Parallel b&c, 20 threads:
  Real time             =    0.87 sec. (1102.66 ticks)
  Sync time (average)   =    0.61 sec.
  Wait time (average)   =    0.00 sec.
                          ------------
Total (root+branch&cut) =    2.03 sec. (3642.00 ticks)
Truck arcs:
0 3
3 9
4 11
6 7
7 4
9 10
10 6
59.7058
In write mode
