Instance name: /home/cuong/CLionProjects/uMV-FSTSP/rand_generated_instances_3p_settings/v75
Write arg val: 1

drone speed: 1 miles/minute
uav non-eligible customer: 4 12 
Printing tau:
0 8.82907 7.11649 7.52707 3.40366 19.7965 29.0048 21.5773 19.774 24.6992 16.1343 0 
8.82907 0 9.31911 8.14397 5.869 15.2593 24.4677 17.0401 15.2368 15.8702 11.5971 8.82907 
7.11649 9.31911 0 1.17515 3.71283 12.68 21.8883 14.4608 17.7408 25.1893 14.5651 7.11649 
7.52707 8.14397 1.17515 0 4.12341 12.2694 21.4777 14.0502 16.5656 24.0141 13.3899 7.52707 
3.40366 5.869 3.71283 4.12341 0 16.3928 25.6012 18.1736 16.3703 21.7392 12.7306 3.40366 
19.7965 15.2593 12.68 12.2694 16.3928 0 9.20836 6.11687 16.4936 23.9421 13.3179 19.7965 
29.0048 24.4677 21.8883 21.4777 25.6012 9.20836 0 7.42756 16.1593 23.6078 12.9836 29.0048 
21.5773 17.0401 14.4608 14.0502 18.1736 6.11687 7.42756 0 10.3767 17.8252 7.20103 21.5773 
19.774 15.2368 17.7408 16.5656 16.3703 16.4936 16.1593 10.3767 0 7.44853 3.63973 19.774 
24.6992 15.8702 25.1893 24.0141 21.7392 23.9421 23.6078 17.8252 7.44853 0 10.6242 24.6992 
16.1343 11.5971 14.5651 13.3899 12.7306 13.3179 12.9836 7.20103 3.63973 10.6242 0 16.1343 
0 0 0 0 0 0 0 0 0 0 0 0 
Printing tau_prime:
0 3.5096 2.52202 2.67222 1.59479 7.00422 10.262 8.00648 9.27765 10.1119 7.56985 0 
3.5096 0 3.41868 3.06724 2.11335 6.1033 9.07288 6.0641 6.15513 6.61008 4.50018 3.5096 
2.52202 3.41868 0 0.440107 1.79194 4.50468 7.75887 5.73741 7.70509 9.27261 6.05662 2.52202 
2.67222 3.06724 0.440107 0 1.66501 4.33796 7.59489 5.42805 7.2836 8.83318 5.62776 2.67222 
1.59479 2.11335 1.79194 1.66501 0 5.84783 9.07546 6.57265 7.68286 8.61659 5.97506 1.59479 
7.00422 6.1033 4.50468 4.33796 5.84783 0 3.25779 2.25243 5.83137 8.67557 4.88337 7.00422 
10.262 9.07288 7.75887 7.59489 9.07546 3.25779 0 3.32805 6.57962 9.81089 6.4636 10.262 
8.00648 6.0641 5.73741 5.42805 6.57265 2.25243 3.32805 0 3.72371 6.79114 3.19141 8.00648 
9.27765 6.15513 7.70509 7.2836 7.68286 5.83137 6.57962 3.72371 0 3.24305 1.7078 9.27765 
10.1119 6.61008 9.27261 8.83318 8.61659 8.67557 9.81089 6.79114 3.24305 0 3.80478 10.1119 
7.56985 4.50018 6.05662 5.62776 5.97506 4.88337 6.4636 3.19141 1.7078 3.80478 0 7.56985 
0 0 0 0 0 0 0 0 0 0 0 0 
Printing number of nodes: 11

Version identifier: 22.1.1.0 | 2022-11-28 | 9160aff4d
CPXPARAM_ClockType                               0
CPXPARAM_Emphasis_MIP                            2
CPXPARAM_MIP_Tolerances_Integrality              0
Tried aggregator 2 times.
MIP Presolve eliminated 455 rows and 579 columns.
MIP Presolve modified 1794 coefficients.
Aggregator did 2 substitutions.
Reduced MIP has 5673 rows, 1134 columns, and 164303 nonzeros.
Reduced MIP has 1125 binaries, 0 generals, 0 SOSs, and 0 indicators.
Presolve time = 0.07 sec. (204.88 ticks)
Found incumbent of value 206.559400 after 0.13 sec. (323.02 ticks)
Probing fixed 120 vars, tightened 0 bounds.
Probing changed sense of 18 constraints.
Probing time = 0.04 sec. (49.49 ticks)
Tried aggregator 1 time.
MIP Presolve eliminated 31 rows and 138 columns.
MIP Presolve modified 176 coefficients.
Reduced MIP has 5642 rows, 996 columns, and 163628 nonzeros.
Reduced MIP has 987 binaries, 0 generals, 0 SOSs, and 0 indicators.
Presolve time = 0.07 sec. (190.95 ticks)
Probing time = 0.01 sec. (14.69 ticks)
Tried aggregator 1 time.
Detecting symmetries...
Reduced MIP has 5642 rows, 996 columns, and 163628 nonzeros.
Reduced MIP has 987 binaries, 0 generals, 0 SOSs, and 0 indicators.
Presolve time = 0.03 sec. (89.31 ticks)
Probing time = 0.01 sec. (14.58 ticks)
Clique table members: 81844.
MIP emphasis: optimality.
MIP search method: dynamic search.
Parallel mode: deterministic, using up to 20 threads.
Root relaxation solution time = 0.19 sec. (240.23 ticks)

        Nodes                                         Cuts/
   Node  Left     Objective  IInf  Best Integer    Best Bound    ItCnt     Gap

*     0+    0                          206.5594       -2.1927           101.06%
      0     0       46.0109   166      206.5594       46.0109     1051   77.73%
*     0+    0                           66.7461       46.0109            31.07%
      0     0       46.4528   194       66.7461      Cuts: 47     1750   30.40%
*     0+    0                           60.4680       46.4528            23.18%
      0     0       46.4879   195       60.4680       Cuts: 7     1852   23.12%
      0     0       46.6225   189       60.4680       Cuts: 9     2005   22.90%
      0     0       46.6905   196       60.4680      Cuts: 13     2095   22.78%
      0     0       46.7105   204       60.4680       Cuts: 8     2161   22.75%
Detecting symmetries...
      0     0       46.7379   217       60.4680       Cuts: 5     2219   22.71%
      0     0       46.7426   220       60.4680       Cuts: 5     2251   22.70%
      0     0       46.7514   218       60.4680       Cuts: 5     2290   22.68%
      0     0       46.7519   219       60.4680   ZeroHalf: 2     2304   22.68%
      0     0       46.7591   220       60.4680       Cuts: 8     2354   22.67%
      0     0       46.7688   216       60.4680       Cuts: 5     2393   22.66%
      0     0       46.8070   208       60.4680       Cuts: 5     2460   22.59%
      0     0       46.8164   212       60.4680       Cuts: 3     2490   22.58%
      0     0       46.8260   215       60.4680       Cuts: 7     2531   22.56%
      0     0       46.9313   201       60.4680       Cuts: 6     2614   22.39%
      0     0       46.9682   222       60.4680       Cuts: 7     2667   22.33%
      0     0       47.0097   232       60.4680      Cuts: 13     2722   22.26%
      0     0       47.0332   230       60.4680       Cuts: 6     2767   22.22%
      0     0       47.0613   216       60.4680       Cuts: 5     2820   22.17%
      0     0       47.0793   232       60.4680      Cuts: 10     2892   22.14%
      0     0       47.0926   233       60.4680       Cuts: 9     2936   22.12%
      0     0       47.0989   240       60.4680       Cuts: 3     2957   22.11%
*     0+    0                           57.4822       47.0989            18.06%
Detecting symmetries...
      0     2       47.0989   240       57.4822       48.7416     2957   15.21%
Elapsed time = 2.84 sec. (6490.25 ticks, tree = 0.02 MB, solutions = 4)
     10     6       55.4368   209       57.4822       48.7416     3718   15.21%
*    57+    3                           57.0132       48.7416            14.51%
     61    11       56.3807   161       57.0132       48.7416     5948   14.51%
    175    17       56.5964    93       57.0132       49.3668    12900   13.41%
    312    14        cutoff             57.0132       51.7268    22269    9.27%
    401    17        cutoff             57.0132       55.4066    28618    2.82%
    516     4       56.9690    56       57.0132       56.3871    34666    1.10%

Clique cuts applied:  7
Cover cuts applied:  26
Implied bound cuts applied:  28
Flow cuts applied:  1
Mixed integer rounding cuts applied:  6
Zero-half cuts applied:  33

Root node processing (before b&c):
  Real time             =    2.80 sec. (6435.94 ticks)
Parallel b&c, 20 threads:
  Real time             =    1.58 sec. (1614.10 ticks)
  Sync time (average)   =    1.09 sec.
  Wait time (average)   =    0.00 sec.
                          ------------
Total (root+branch&cut) =    4.38 sec. (8050.04 ticks)
Truck arcs:
0 4
2 11
3 2
4 10
5 3
7 5
10 7
57.0132
In write mode
