Instance name: /home/cuong/CLionProjects/uMV-FSTSP/rand_generated_instances_3p_settings/v79
Write arg val: 1

drone speed: 1 miles/minute
uav non-eligible customer: 12 
Printing tau:
0 2.59174 4.69763 4.80418 2.2374 14.8511 22.4718 15.931 14.2462 4.38313 12.7664 0 
2.59174 0 4.67156 4.77811 2.26347 14.8251 22.4457 15.905 14.2202 6.97487 10.1747 2.59174 
4.69763 4.67156 0 0.691464 6.93502 10.1535 17.7741 11.2334 9.54861 6.37738 10.7722 4.69763 
4.80418 4.77811 0.691464 0 7.04158 10.0469 17.6676 11.1268 9.44205 7.06884 10.0807 4.80418 
2.2374 2.26347 6.93502 7.04158 0 17.0885 24.7092 18.1684 16.4836 5.19775 11.9518 2.2374 
14.8511 14.8251 10.1535 10.0469 17.0885 0 7.62065 2.50543 8.00578 13.1072 14.0878 14.8511 
22.4718 22.4457 17.7741 17.6676 24.7092 7.62065 0 6.54075 11.9177 20.7279 17.9998 22.4718 
15.931 15.905 11.2334 11.1268 18.1684 2.50543 6.54075 0 10.5112 14.1871 16.5933 15.931 
14.2462 14.2202 9.54861 9.44205 16.4836 8.00578 11.9177 10.5112 0 12.5023 6.40954 14.2462 
4.38313 6.97487 6.37738 7.06884 5.19775 13.1072 20.7279 14.1871 12.5023 0 17.1495 4.38313 
12.7664 10.1747 10.7722 10.0807 11.9518 14.0878 17.9998 16.5933 6.40954 17.1495 0 12.7664 
0 0 0 0 0 0 0 0 0 0 0 0 
Printing tau_prime:
0 0.916364 1.80433 1.94593 0.841838 5.27141 8.15758 5.79269 5.56367 1.66782 5.29616 0 
0.916364 0 1.6651 1.68964 1.01744 5.42097 8.40418 6.06389 5.23166 2.53968 4.535 0.916364 
1.80433 1.6651 0 0.247355 2.48712 3.77636 6.7838 4.47318 3.7612 2.48484 3.96694 1.80433 
1.94593 1.68964 0.247355 0 2.57597 3.82424 6.84522 4.55824 3.62528 2.72337 3.72183 1.94593 
0.841838 1.01744 2.48712 2.57597 0 6.08872 8.9939 6.62981 6.18631 2.31483 5.52644 0.841838 
5.27141 5.42097 3.77636 3.82424 6.08872 0 3.02856 0.964584 2.83854 4.75885 5.56405 5.27141 
8.15758 8.40418 6.7838 6.84522 8.9939 3.02856 0 2.36537 5.11971 7.33457 8.20197 8.15758 
5.79269 6.06389 4.47318 4.55824 6.62981 0.964584 2.36537 0 3.76371 5.01976 6.5274 5.79269 
5.56367 5.23166 3.7612 3.62528 6.18631 2.83854 5.11971 3.76371 0 5.90335 3.12398 5.56367 
1.66782 2.53968 2.48484 2.72337 2.31483 4.75885 7.33457 5.01976 5.90335 0 6.43456 1.66782 
5.29616 4.535 3.96694 3.72183 5.52644 5.56405 8.20197 6.5274 3.12398 6.43456 0 5.29616 
0 0 0 0 0 0 0 0 0 0 0 0 
Printing number of nodes: 11

Version identifier: 22.1.1.0 | 2022-11-28 | 9160aff4d
CPXPARAM_ClockType                               0
CPXPARAM_Emphasis_MIP                            2
CPXPARAM_MIP_Tolerances_Integrality              0
Tried aggregator 1 time.
MIP Presolve eliminated 251 rows and 272 columns.
MIP Presolve modified 2216 coefficients.
Reduced MIP has 5735 rows, 1443 columns, and 168240 nonzeros.
Reduced MIP has 1433 binaries, 0 generals, 0 SOSs, and 0 indicators.
Presolve time = 0.06 sec. (165.04 ticks)
Found incumbent of value 119.907490 after 0.12 sec. (290.36 ticks)
Probing fixed 169 vars, tightened 0 bounds.
Probing time = 0.05 sec. (62.07 ticks)
Tried aggregator 1 time.
MIP Presolve eliminated 10 rows and 169 columns.
MIP Presolve modified 144 coefficients.
Reduced MIP has 5725 rows, 1274 columns, and 167413 nonzeros.
Reduced MIP has 1264 binaries, 0 generals, 0 SOSs, and 0 indicators.
Presolve time = 0.05 sec. (164.00 ticks)
Probing time = 0.03 sec. (14.90 ticks)
Tried aggregator 1 time.
Detecting symmetries...
Reduced MIP has 5725 rows, 1274 columns, and 167413 nonzeros.
Reduced MIP has 1264 binaries, 0 generals, 0 SOSs, and 0 indicators.
Presolve time = 0.04 sec. (93.17 ticks)
Probing time = 0.01 sec. (14.93 ticks)
Clique table members: 83117.
MIP emphasis: optimality.
MIP search method: dynamic search.
Parallel mode: deterministic, using up to 20 threads.
Root relaxation solution time = 0.20 sec. (269.23 ticks)

        Nodes                                         Cuts/
   Node  Left     Objective  IInf  Best Integer    Best Bound    ItCnt     Gap

*     0+    0                          119.9075      -10.0000           108.34%
*     0+    0                           99.1756      -10.0000           110.08%
      0     0       36.0287   161       99.1756       36.0287     1115   63.67%
*     0+    0                           61.2302       36.0287            41.16%
      0     0       36.8730   135       61.2302      Cuts: 63     2021   39.78%
      0     0       36.9624   163       61.2302      Cuts: 15     2156   39.63%
      0     0       36.9801   157       61.2302      Cuts: 13     2224   39.60%
*     0+    0                           58.4850       36.9801            36.77%
      0     0  -1.00000e+75     0       58.4850       36.9801     2224   36.77%
      0     0       36.9909   179       58.4850      Cuts: 10     2285   36.75%
      0     0       37.0009   180       58.4850       Cuts: 3     2328   36.73%
Detecting symmetries...
      0     0       37.0119   195       58.4850       Cuts: 6     2387   36.72%
      0     0       37.0167   210       58.4850       Cuts: 4     2417   36.71%
      0     0       37.0276   187       58.4850       Cuts: 3     2466   36.69%
      0     0       37.0284   186       58.4850   ZeroHalf: 3     2489   36.69%
      0     0       37.0294   201       58.4850       Cuts: 4     2514   36.69%
*     0+    0                           57.8496       37.0294            35.99%
*     0+    0                           49.3053       37.0294            24.90%
      0     0  -1.00000e+75     0       49.3053       37.0294     2514   24.90%
Detecting symmetries...
      0     2       37.0294   201       49.3053       37.0294     2514   24.90%
Elapsed time = 2.17 sec. (4390.81 ticks, tree = 0.02 MB, solutions = 6)
      4     4       37.3051   246       49.3053       37.0542     3360   24.85%
     10     6       39.7389   151       49.3053       37.2313     5814   24.49%
*    15+    4                           47.6508       37.2313            21.87%
     46    28       44.9148    10       47.6508       40.0422    15451   15.97%
*    49    27      integral     0       44.9148       40.0422    15452   10.85%
*    74    31      integral     0       44.8530       40.0422    19314   10.73%
*    91+   36                           44.8530       40.0738            10.66%
*   125    51      integral     0       44.7623       41.3381    25677    7.65%
    148    32       44.5060    93       44.7623       41.3381    19256    7.65%
    161    49       44.4062    92       44.7623       41.3381    24720    7.65%
    193    10       44.2671   213       44.7623       41.3555    35592    7.61%
    254    14       43.3206   102       44.7623       42.8651    39955    4.24%
    477    22       44.6160    64       44.7623       42.9163    53191    4.12%
    641    19       43.2354   158       44.7623       42.9163    68750    4.12%

Cover cuts applied:  2
Implied bound cuts applied:  16
Mixed integer rounding cuts applied:  2
Zero-half cuts applied:  26
Gomory fractional cuts applied:  6

Root node processing (before b&c):
  Real time             =    2.12 sec. (4337.94 ticks)
Parallel b&c, 20 threads:
  Real time             =    2.78 sec. (2819.41 ticks)
  Sync time (average)   =    1.71 sec.
  Wait time (average)   =    0.00 sec.
                          ------------
Total (root+branch&cut) =    4.90 sec. (7157.36 ticks)
Truck arcs:
0 2
1 4
2 7
3 1
4 11
5 3
7 5
44.7623
In write mode
