Instance name: /home/cuong/CLionProjects/uMV-FSTSP/rand_generated_instances_3p_settings/v91
Write arg val: 1

drone speed: 1 miles/minute
uav non-eligible customer: 7 12 
Printing tau:
0 1.31785 6.59887 3.07231 0.837568 27.048 21.8063 13.1024 14.2065 10.7522 22.6705 0 
1.31785 0 7.91672 2.37501 2.15541 26.3507 21.109 12.4051 15.5243 12.0701 23.9884 1.31785 
6.59887 7.91672 0 6.10929 5.76131 22.8701 17.6284 8.92458 7.60758 4.15337 16.0716 6.59887 
3.07231 2.37501 6.10929 0 3.77813 23.9757 18.734 10.0301 13.7169 10.2627 22.1809 3.07231 
0.837568 2.15541 5.76131 3.77813 0 27.7538 22.5121 13.8083 13.3689 9.91468 21.8329 0.837568 
27.048 26.3507 22.8701 23.9757 27.7538 0 5.24173 13.9456 17.9135 26.1217 19.4236 27.048 
21.8063 21.109 17.6284 18.734 22.5121 5.24173 0 8.70384 13.3009 20.8799 21.7649 21.8063 
13.1024 12.4051 8.92458 10.0301 13.8083 13.9456 8.70384 0 9.02112 12.1761 17.4852 13.1024 
14.2065 15.5243 7.60758 13.7169 13.3689 17.9135 13.3009 9.02112 0 8.20815 8.46405 14.2065 
10.7522 12.0701 4.15337 10.2627 9.91468 26.1217 20.8799 12.1761 8.20815 0 13.4355 10.7522 
22.6705 23.9884 16.0716 22.1809 21.8329 19.4236 21.7649 17.4852 8.46405 13.4355 0 22.6705 
0 0 0 0 0 0 0 0 0 0 0 0 
Printing tau_prime:
0 0.527133 2.76133 1.09993 0.387249 9.63157 7.71633 4.98199 5.97141 3.81557 9.48825 0 
0.527133 0 3.05755 1.05519 0.909296 9.45513 7.50444 4.952 6.2469 4.26819 9.76064 0.527133 
2.76133 3.05755 0 2.19504 2.67027 8.17221 6.54957 3.19465 3.21021 1.8649 6.72691 2.76133 
1.09993 1.05519 2.19504 0 1.34142 8.53256 6.62509 3.91557 5.30215 3.70688 8.79948 1.09993 
0.387249 0.909296 2.67027 1.34142 0 9.84936 7.95926 5.11824 5.86897 3.55255 9.37891 0.387249 
9.63157 9.45513 8.17221 8.53256 9.84936 0 2.0297 4.97791 7.42468 9.60906 8.20226 9.63157 
7.71633 7.50444 6.54957 6.62509 7.95926 2.0297 0 3.42916 6.49507 8.16187 8.13274 7.71633 
4.98199 4.952 3.19465 3.91557 5.11824 4.97791 3.42916 0 3.48434 4.7335 6.19796 4.98199 
5.97141 6.2469 3.21021 5.30215 5.86897 7.42468 6.49507 3.48434 0 3.14852 3.5172 5.97141 
3.81557 4.26819 1.8649 3.70688 3.55255 9.60906 8.16187 4.7335 3.14852 0 6.34978 3.81557 
9.48825 9.76064 6.72691 8.79948 9.37891 8.20226 8.13274 6.19796 3.5172 6.34978 0 9.48825 
0 0 0 0 0 0 0 0 0 0 0 0 
Printing number of nodes: 11

Version identifier: 22.1.1.0 | 2022-11-28 | 9160aff4d
CPXPARAM_ClockType                               0
CPXPARAM_Emphasis_MIP                            2
CPXPARAM_MIP_Tolerances_Integrality              0
Tried aggregator 2 times.
MIP Presolve eliminated 459 rows and 613 columns.
MIP Presolve modified 1736 coefficients.
Aggregator did 2 substitutions.
Reduced MIP has 5669 rows, 1100 columns, and 164148 nonzeros.
Reduced MIP has 1091 binaries, 0 generals, 0 SOSs, and 0 indicators.
Presolve time = 0.08 sec. (203.96 ticks)
Found incumbent of value 169.798340 after 0.15 sec. (354.82 ticks)
Probing fixed 106 vars, tightened 0 bounds.
Probing changed sense of 18 constraints.
Probing time = 0.04 sec. (48.16 ticks)
Tried aggregator 1 time.
MIP Presolve eliminated 31 rows and 124 columns.
MIP Presolve modified 41 coefficients.
Reduced MIP has 5638 rows, 976 columns, and 163544 nonzeros.
Reduced MIP has 967 binaries, 0 generals, 0 SOSs, and 0 indicators.
Presolve time = 0.07 sec. (183.18 ticks)
Probing time = 0.01 sec. (14.68 ticks)
Tried aggregator 1 time.
Detecting symmetries...
Reduced MIP has 5638 rows, 976 columns, and 163544 nonzeros.
Reduced MIP has 967 binaries, 0 generals, 0 SOSs, and 0 indicators.
Presolve time = 0.04 sec. (88.70 ticks)
Probing time = 0.01 sec. (14.43 ticks)
Clique table members: 82347.
MIP emphasis: optimality.
MIP search method: dynamic search.
Parallel mode: deterministic, using up to 20 threads.
Root relaxation solution time = 0.17 sec. (227.11 ticks)

        Nodes                                         Cuts/
   Node  Left     Objective  IInf  Best Integer    Best Bound    ItCnt     Gap

*     0+    0                          169.7983      -10.0000           105.89%
      0     0       44.0049   107      169.7983       44.0049      963   74.08%
*     0+    0                           84.3715       44.0049            47.84%
*     0+    0                           72.2897       44.0049            39.13%
      0     0       44.6306   124       72.2897      Cuts: 53     1657   38.26%
      0     0       44.6432   116       72.2897      Cuts: 17     1820   38.24%
*     0+    0                           50.0859       44.6432            10.87%
      0     0       44.6888   127       50.0859      Cuts: 11     2035   10.78%
      0     0       44.6976   134       50.0859       Cuts: 8     2090   10.76%
      0     0       44.7369   140       50.0859       Cuts: 5     2170   10.68%
Detecting symmetries...
      0     0       44.7746   129       50.0859       Cuts: 8     2247   10.60%
      0     0       44.7818   130       50.0859       Cuts: 6     2268   10.59%
      0     0       44.7879   132       50.0859       Cuts: 6     2291   10.58%
      0     0       44.8076   124       50.0859       Cuts: 4     2341   10.54%
*     0+    0                           47.3985       44.8076             5.47%
      0     0       44.8077   126       47.3985       Cuts: 2     2345    5.47%
      0     0       44.8088   127       47.3985       Cuts: 4     2353    5.46%
Detecting symmetries...

Repeating presolve.
Tried aggregator 2 times.
MIP Presolve eliminated 665 rows and 308 columns.
MIP Presolve modified 7009 coefficients.
Aggregator did 3 substitutions.
Reduced MIP has 4969 rows, 665 columns, and 99906 nonzeros.
Reduced MIP has 656 binaries, 0 generals, 0 SOSs, and 0 indicators.
Presolve time = 0.18 sec. (850.38 ticks)
Probing fixed 8 vars, tightened 0 bounds.
Probing changed sense of 38 constraints.
Probing time = 0.02 sec. (79.52 ticks)
Tried aggregator 1 time.
MIP Presolve eliminated 85 rows and 46 columns.
MIP Presolve modified 3140 coefficients.
Reduced MIP has 4883 rows, 619 columns, and 97670 nonzeros.
Reduced MIP has 610 binaries, 0 generals, 0 SOSs, and 0 indicators.
Presolve time = 0.04 sec. (143.02 ticks)
Probing time = 0.00 sec. (10.04 ticks)
Tried aggregator 1 time.
Detecting symmetries...
MIP Presolve eliminated 2 rows and 0 columns.
Reduced MIP has 4881 rows, 619 columns, and 97659 nonzeros.
Reduced MIP has 610 binaries, 0 generals, 0 SOSs, and 0 indicators.
Presolve time = 0.03 sec. (78.61 ticks)
Represolve time = 0.30 sec. (1198.11 ticks)
Probing time = 0.00 sec. (10.00 ticks)
Clique table members: 46214.
MIP emphasis: optimality.
MIP search method: dynamic search.
Parallel mode: deterministic, using up to 20 threads.
Root relaxation solution time = 0.13 sec. (151.78 ticks)

        Nodes                                         Cuts/
   Node  Left     Objective  IInf  Best Integer    Best Bound    ItCnt     Gap

*     0+    0                           47.3985       44.8088             5.46%
      0     0       44.8088   121       47.3985       44.8088     3813    5.46%
      0     0       44.8941   115       47.3985       Cuts: 6     3896    5.28%
      0     0       44.9283   122       47.3985       Cuts: 7     3935    5.21%
      0     0       44.9343   113       47.3985       Cuts: 3     3952    5.20%
      0     0       44.9372   122       47.3985       Cuts: 6     3980    5.19%
      0     0       44.9385   124       47.3985    MIRcuts: 1     3995    5.19%
      0     0       44.9387   125       47.3985    MIRcuts: 1     4002    4.28%
      0     0        cutoff             47.3985       47.3985     4002    0.00%
Elapsed time = 2.74 sec. (5686.30 ticks, tree = 0.01 MB, solutions = 5)

Clique cuts applied:  2
Implied bound cuts applied:  11
Mixed integer rounding cuts applied:  4
Zero-half cuts applied:  14
Lift and project cuts applied:  3
Gomory fractional cuts applied:  1

Root node processing (before b&c):
  Real time             =    2.74 sec. (5686.69 ticks)
Parallel b&c, 20 threads:
  Real time             =    0.00 sec. (0.00 ticks)
  Sync time (average)   =    0.00 sec.
  Wait time (average)   =    0.00 sec.
                          ------------
Total (root+branch&cut) =    2.74 sec. (5686.69 ticks)
Truck arcs:
0 1
1 3
2 4
3 7
4 11
7 8
8 9
9 2
47.3985
In write mode
