Instance name: /home/cuong/CLionProjects/uMV-FSTSP/rand_generated_instances_3p_settings/v98
Write arg val: 1

drone speed: 1 miles/minute
uav non-eligible customer: 3 7 12 
Printing tau:
0 5.39748 1.70211 6.93764 5.08454 16.8093 19.8983 19.8587 15.5355 18.6118 8.97724 0 
5.39748 0 4.35397 6.17831 7.6813 22.2068 25.2958 25.2561 20.933 17.8525 14.3747 5.39748 
1.70211 4.35397 0 5.23553 3.38243 17.8528 20.9418 20.9022 16.5791 16.9097 10.0207 1.70211 
6.93764 6.17831 5.23553 0 7.79168 22.3172 25.4062 25.3665 21.0434 11.6742 14.4851 6.93764 
5.08454 7.6813 3.38243 7.79168 0 14.5255 17.6145 17.5748 13.2517 13.5273 6.69341 5.08454 
16.8093 22.2068 17.8528 22.3172 14.5255 0 6.69152 3.04934 11.5038 13.2854 7.83209 16.8093 
19.8983 25.2958 20.9418 25.4062 17.6145 6.69152 0 5.42376 4.81232 16.3744 10.9211 19.8983 
19.8587 25.2561 20.9022 25.3665 17.5748 3.04934 5.42376 0 10.2361 16.3348 10.8814 19.8587 
15.5355 20.933 16.5791 21.0434 13.2517 11.5038 4.81232 10.2361 0 20.0643 6.55831 15.5355 
18.6118 17.8525 16.9097 11.6742 13.5273 13.2854 16.3744 16.3348 20.0643 0 14.2187 18.6118 
8.97724 14.3747 10.0207 14.4851 6.69341 7.83209 10.9211 10.8814 6.55831 14.2187 0 8.97724 
0 0 0 0 0 0 0 0 0 0 0 0 
Printing tau_prime:
0 1.92709 0.705876 3.13184 1.97067 6.92444 7.1347 7.67722 5.5166 6.69717 3.53359 0 
1.92709 0 1.57503 2.18471 3.11668 8.5109 8.99055 9.36924 7.44214 7.05604 5.24209 1.92709 
0.705876 1.57503 0 2.43262 1.6775 6.96808 7.42722 7.80263 5.96675 6.19273 3.66839 0.705876 
3.13184 2.18471 2.43262 0 2.83161 7.96674 9.07107 8.99214 8.00952 5.21846 5.19967 3.13184 
1.97067 3.11668 1.6775 2.83161 0 5.42747 6.25745 6.34978 5.22423 4.80266 2.37907 1.97067 
6.92444 8.5109 6.96808 7.96674 5.42747 0 2.60572 1.16757 4.09208 5.58776 3.41609 6.92444 
7.1347 8.99055 7.42722 9.07107 6.25745 2.60572 0 1.91764 2.29653 7.91158 3.87843 7.1347 
7.67722 9.36924 7.80263 8.99214 6.34978 1.16757 1.91764 0 3.92853 6.73998 4.14852 7.67722 
5.5166 7.44214 5.96675 8.00952 5.22423 4.09208 2.29653 3.92853 0 8.26783 3.10609 5.5166 
6.69717 7.05604 6.19273 5.21846 4.80266 5.58776 7.91158 6.73998 8.26783 0 5.38413 6.69717 
3.53359 5.24209 3.66839 5.19967 2.37907 3.41609 3.87843 4.14852 3.10609 5.38413 0 3.53359 
0 0 0 0 0 0 0 0 0 0 0 0 
Printing number of nodes: 11

Version identifier: 22.1.1.0 | 2022-11-28 | 9160aff4d
CPXPARAM_ClockType                               0
CPXPARAM_Emphasis_MIP                            2
CPXPARAM_MIP_Tolerances_Integrality              0
Tried aggregator 2 times.
MIP Presolve eliminated 893 rows and 664 columns.
MIP Presolve modified 1798 coefficients.
Aggregator did 2 substitutions.
Reduced MIP has 5379 rows, 1049 columns, and 152375 nonzeros.
Reduced MIP has 1041 binaries, 0 generals, 0 SOSs, and 0 indicators.
Presolve time = 0.07 sec. (195.33 ticks)
Found incumbent of value 177.250780 after 0.12 sec. (303.20 ticks)
Probing fixed 117 vars, tightened 0 bounds.
Probing changed sense of 32 constraints.
Probing time = 0.05 sec. (42.51 ticks)
Tried aggregator 1 time.
MIP Presolve eliminated 48 rows and 149 columns.
MIP Presolve modified 94 coefficients.
Reduced MIP has 5331 rows, 900 columns, and 151652 nonzeros.
Reduced MIP has 892 binaries, 0 generals, 0 SOSs, and 0 indicators.
Presolve time = 0.07 sec. (175.12 ticks)
Probing time = 0.01 sec. (14.38 ticks)
Tried aggregator 1 time.
Detecting symmetries...
Reduced MIP has 5331 rows, 900 columns, and 151652 nonzeros.
Reduced MIP has 892 binaries, 0 generals, 0 SOSs, and 0 indicators.
Presolve time = 0.03 sec. (82.44 ticks)
Probing time = 0.01 sec. (14.31 ticks)
Clique table members: 76405.
MIP emphasis: optimality.
MIP search method: dynamic search.
Parallel mode: deterministic, using up to 20 threads.
Root relaxation solution time = 0.04 sec. (74.18 ticks)

        Nodes                                         Cuts/
   Node  Left     Objective  IInf  Best Integer    Best Bound    ItCnt     Gap

*     0+    0                          177.2508      -10.0000           105.64%
      0     0       59.1628    75      177.2508       59.1628      590   66.62%
*     0+    0                           60.9628       59.1628             2.95%
*     0+    0                           59.1628       59.1628             0.00%

Flow cuts applied:  1

Root node processing (before b&c):
  Real time             =    0.49 sec. (1060.80 ticks)
Parallel b&c, 20 threads:
  Real time             =    0.00 sec. (0.00 ticks)
  Sync time (average)   =    0.00 sec.
  Wait time (average)   =    0.00 sec.
                          ------------
Total (root+branch&cut) =    0.49 sec. (1060.80 ticks)
Truck arcs:
0 2
2 3
3 4
4 5
5 7
7 10
10 11
59.1628
In write mode
