Instance name: /home/cuong/CLionProjects/uMV-FSTSP/50_dis_rand_ins/v12
Write arg val: 1

drone speed: 1 miles/minute
uav non-eligible customer: 4 11 
Printing tau:
0 16.0912 57.6649 43.9061 43.0253 47.9445 36.012 65.9837 51.1425 97.7602 83.5259 0 
16.0912 0 73.7561 50.9056 50.0249 54.9441 43.0116 49.8926 49.778 104.76 90.5254 16.0912 
57.6649 73.7561 0 30.1315 40.1156 70.8681 45.6403 123.649 108.807 68.4686 51.0736 57.6649 
43.9061 50.9056 30.1315 0 9.98411 40.7366 15.5089 93.5171 78.6759 53.8541 39.6198 43.9061 
43.0253 50.0249 40.1156 9.98411 0 30.7525 7.0133 83.533 68.6918 54.7349 40.5005 43.0253 
47.9445 54.9441 70.8681 40.7366 30.7525 0 25.2278 52.7805 37.9393 49.8157 35.5813 47.9445 
36.012 43.0116 45.6403 15.5089 7.0133 25.2278 0 78.0083 63.1671 61.7482 47.5138 36.012 
65.9837 49.8926 123.649 93.5171 83.533 52.7805 78.0083 0 14.8412 56.0321 72.575 65.9837 
51.1425 49.778 108.807 78.6759 68.6918 37.9393 63.1671 14.8412 0 54.9818 57.7338 51.1425 
97.7602 104.76 68.4686 53.8541 54.7349 49.8157 61.7482 56.0321 54.9818 0 17.3949 97.7602 
83.5259 90.5254 51.0736 39.6198 40.5005 35.5813 47.5138 72.575 57.7338 17.3949 0 83.5259 
0 0 0 0 0 0 0 0 0 0 0 0 
Printing tau_prime:
0 4.65301 18.0335 13.7422 12.3214 13.1865 10.0674 20.7017 17.6799 26.0804 22.217 0 
4.65301 0 22.6458 17.7769 15.9852 14.5894 13.6257 18.4926 16.1434 27.814 24.7462 4.65301 
18.0335 22.6458 0 8.25663 10.7967 19.0544 12.1022 32.8218 28.907 24.4406 18.4896 18.0335 
13.7422 17.7769 8.25663 0 2.65772 10.8549 4.61448 24.8042 20.8643 17.529 11.8831 13.7422 
12.3214 15.9852 10.7967 2.65772 0 8.25816 2.36739 22.1527 18.2148 16.3454 11.1255 12.3214 
13.1865 14.5894 19.0544 10.8549 8.25816 0 7.40007 14.0923 10.153 13.2247 10.7967 13.1865 
10.0674 13.6257 12.1022 4.61448 2.36739 7.40007 0 20.7405 16.8455 17.4566 12.6811 10.0674 
20.7017 18.4926 32.8218 24.8042 22.1527 14.0923 20.7405 0 3.94521 20.8529 22.2078 20.7017 
17.6799 16.1434 28.907 20.8643 18.2148 10.153 16.8455 3.94521 0 18.0823 18.7379 17.6799 
26.0804 27.814 24.4406 17.529 16.3454 13.2247 17.4566 20.8529 18.0823 0 5.96003 26.0804 
22.217 24.7462 18.4896 11.8831 11.1255 10.7967 12.6811 22.2078 18.7379 5.96003 0 22.217 
0 0 0 0 0 0 0 0 0 0 0 0 
Version identifier: 22.1.1.0 | 2022-11-28 | 9160aff4d
CPXPARAM_MIP_Tolerances_Integrality              0
Tried aggregator 1 time.
MIP Presolve eliminated 1 rows and 12 columns.
MIP Presolve modified 20 coefficients.
Reduced MIP has 122 rows, 120 columns, and 510 nonzeros.
Reduced MIP has 110 binaries, 0 generals, 0 SOSs, and 0 indicators.
Presolve time = 0.00 sec. (0.27 ticks)
Found incumbent of value 630.162700 after 0.00 sec. (0.75 ticks)
Probing time = 0.00 sec. (0.26 ticks)
Cover probing fixed 0 vars, tightened 10 bounds.
Tried aggregator 1 time.
Detecting symmetries...
MIP Presolve eliminated 10 rows and 0 columns.
MIP Presolve modified 180 coefficients.
Reduced MIP has 112 rows, 120 columns, and 490 nonzeros.
Reduced MIP has 110 binaries, 0 generals, 0 SOSs, and 0 indicators.
Presolve time = 0.00 sec. (0.35 ticks)
Probing time = 0.00 sec. (0.26 ticks)
Clique table members: 67.
MIP emphasis: balance optimality and feasibility.
MIP search method: dynamic search.
Parallel mode: deterministic, using up to 20 threads.
Root relaxation solution time = 0.00 sec. (0.20 ticks)

        Nodes                                         Cuts/
   Node  Left     Objective  IInf  Best Integer    Best Bound    ItCnt     Gap

*     0+    0                          630.1627        0.0000           100.00%
      0     0      230.5866    14      630.1627      230.5866       24   63.41%
      0     0      281.8202    18      630.1627      Cuts: 31       48   55.28%
*     0+    0                          436.6197      281.8202            35.45%
      0     0      281.8202    18      436.6197      Cuts: 32       62   35.45%
*     0+    0                          362.8457      281.8202            22.33%
      0     0      281.8202    18      362.8457      Cuts: 34       65   22.33%
*     0+    0                          357.3497      281.8202            21.14%
*     0+    0                          331.4573      281.8202            14.98%
*     0+    0                          325.5122      281.8202            13.42%
*     0+    0                          318.8046      281.8202            11.60%

Clique cuts applied:  4
Implied bound cuts applied:  8
Mixed integer rounding cuts applied:  12
Multi commodity flow cuts applied:  16

Root node processing (before b&c):
  Real time             =    0.03 sec. (8.37 ticks)
Parallel b&c, 20 threads:
  Real time             =    0.00 sec. (0.00 ticks)
  Sync time (average)   =    0.00 sec.
  Wait time (average)   =    0.00 sec.
                          ------------
Total (root+branch&cut) =    0.03 sec. (8.37 ticks)

TSP solution for this instance: 0 1 7 8 9 10 5 6 4 3 2 11 
12
Warmstart X[1][0] == 1
Warmstart X[2][1] == 1
Warmstart X[3][7] == 1
Warmstart X[4][8] == 1
Warmstart X[5][9] == 1
Warmstart X[6][10] == 1
Warmstart X[7][5] == 1
Warmstart X[8][6] == 1
Warmstart X[9][4] == 1
Warmstart X[10][3] == 1
Warmstart X[11][2] == 1
---------------------------------------------
Calculate max stage gap for sortie.... 
Stage gap of 3 with smallest length = 21.0399 violated endurance constraint!
---------------------------------------------
Variable z[1][4] was set to 0.
Variable z[1][5] was set to 0.
Variable z[1][6] was set to 0.
Variable z[1][7] was set to 0.
Variable z[1][8] was set to 0.
Variable z[1][9] was set to 0.
Variable z[1][10] was set to 0.
Variable z[1][11] was set to 0.
Variable z[1][12] was set to 0.
Variable z[2][5] was set to 0.
Variable z[2][6] was set to 0.
Variable z[2][7] was set to 0.
Variable z[2][8] was set to 0.
Variable z[2][9] was set to 0.
Variable z[2][10] was set to 0.
Variable z[2][11] was set to 0.
Variable z[2][12] was set to 0.
Variable z[3][6] was set to 0.
Variable z[3][7] was set to 0.
Variable z[3][8] was set to 0.
Variable z[3][9] was set to 0.
Variable z[3][10] was set to 0.
Variable z[3][11] was set to 0.
Variable z[3][12] was set to 0.
Variable z[4][7] was set to 0.
Variable z[4][8] was set to 0.
Variable z[4][9] was set to 0.
Variable z[4][10] was set to 0.
Variable z[4][11] was set to 0.
Variable z[4][12] was set to 0.
Variable z[5][8] was set to 0.
Variable z[5][9] was set to 0.
Variable z[5][10] was set to 0.
Variable z[5][11] was set to 0.
Variable z[5][12] was set to 0.
Variable z[6][9] was set to 0.
Variable z[6][10] was set to 0.
Variable z[6][11] was set to 0.
Variable z[6][12] was set to 0.
Variable z[7][10] was set to 0.
Variable z[7][11] was set to 0.
Variable z[7][12] was set to 0.
Variable z[8][11] was set to 0.
Variable z[8][12] was set to 0.
Variable z[9][12] was set to 0.
Num constraint added = 5346
Warning:  Output names have been modified due to duplicate names or characters invalid in LP format.
Version identifier: 22.1.1.0 | 2022-11-28 | 9160aff4d
CPXPARAM_TimeLimit                               200
CPXPARAM_MIP_Tolerances_Integrality              0
1 of 1 MIP starts provided solutions.
MIP start 'm1' defined initial solution with objective 318.8046.
Tried aggregator 6 times.
MIP Presolve eliminated 7494 rows and 2718 columns.
MIP Presolve modified 1876 coefficients.
Aggregator did 51 substitutions.
Reduced MIP has 1048 rows, 2007 columns, and 32116 nonzeros.
Reduced MIP has 1986 binaries, 0 generals, 0 SOSs, and 0 indicators.
Presolve time = 0.08 sec. (188.65 ticks)
Probing fixed 254 vars, tightened 0 bounds.
Probing changed sense of 14 constraints.
Probing time = 0.02 sec. (54.90 ticks)
Cover probing fixed 0 vars, tightened 22 bounds.
Tried aggregator 2 times.
MIP Presolve eliminated 81 rows and 257 columns.
MIP Presolve modified 122 coefficients.
Aggregator did 20 substitutions.
Reduced MIP has 947 rows, 1730 columns, and 22635 nonzeros.
Reduced MIP has 1709 binaries, 0 generals, 0 SOSs, and 0 indicators.
Presolve time = 0.02 sec. (38.66 ticks)
Probing time = 0.00 sec. (4.45 ticks)
Tried aggregator 1 time.
Detecting symmetries...
Reduced MIP has 947 rows, 1730 columns, and 22635 nonzeros.
Reduced MIP has 1709 binaries, 0 generals, 0 SOSs, and 0 indicators.
Presolve time = 0.01 sec. (19.93 ticks)
Probing time = 0.00 sec. (4.47 ticks)
Clique table members: 8856.
MIP emphasis: balance optimality and feasibility.
MIP search method: dynamic search.
Parallel mode: deterministic, using up to 20 threads.
Root relaxation solution time = 0.08 sec. (175.63 ticks)

        Nodes                                         Cuts/
   Node  Left     Objective  IInf  Best Integer    Best Bound    ItCnt     Gap

*     0+    0                          318.8046       16.0912            94.95%
      0     0      220.1901   273      318.8046      220.1901       33   30.93%
      0     0      230.5013   260      318.8046      Cuts: 42      372   27.70%
*     0+    0                          290.6738      230.5013            20.70%
      0     0      240.4567   269      290.6738  ZeroHalf: 13      884   17.28%
      0     0      251.7492   259      290.6738  ZeroHalf: 18     1220   13.39%
      0     0      253.8570   285      290.6738      Cuts: 14     1384   12.67%
      0     0      254.0338   263      290.6738       Cuts: 3     1491   12.61%
Detecting symmetries...
      0     0      254.8801   291      290.6738      Cuts: 18     1588   12.31%
      0     0      255.3585   297      290.6738       Cuts: 4     1695   12.15%
      0     0      255.5258   291      290.6738       Cuts: 3     1782   12.09%
      0     0      256.1285   303      290.6738       Cuts: 3     1953   11.88%
      0     0      256.5517   276      290.6738   ZeroHalf: 2     2043   11.74%
      0     0      256.8008   294      290.6738   ZeroHalf: 6     2096   11.65%
      0     0      257.7399   303      290.6738       Cuts: 9     2420   11.33%
      0     0      258.1023   286      290.6738   ZeroHalf: 1     2540   11.21%
      0     0      258.4662   305      290.6738   ZeroHalf: 2     2669   11.08%
      0     0      258.8902   296      290.6738   ZeroHalf: 8     2783   10.93%
      0     0      259.2024   296      290.6738   ZeroHalf: 3     2846   10.83%
Detecting symmetries...

Repeating presolve.
Tried aggregator 2 times.
MIP Presolve eliminated 44 rows and 434 columns.
MIP Presolve modified 145 coefficients.
Aggregator did 11 substitutions.
Reduced MIP has 892 rows, 1285 columns, and 18359 nonzeros.
Reduced MIP has 1264 binaries, 0 generals, 0 SOSs, and 0 indicators.
Presolve time = 0.02 sec. (32.42 ticks)
Probing fixed 60 vars, tightened 0 bounds.
Probing changed sense of 10 constraints.
Probing time = 0.01 sec. (22.98 ticks)
Tried aggregator 2 times.
MIP Presolve eliminated 40 rows and 61 columns.
MIP Presolve modified 555 coefficients.
Aggregator did 7 substitutions.
Reduced MIP has 832 rows, 1217 columns, and 16583 nonzeros.
Reduced MIP has 1196 binaries, 0 generals, 0 SOSs, and 0 indicators.
Presolve time = 0.02 sec. (30.77 ticks)
Probing fixed 1 vars, tightened 0 bounds.
Probing time = 0.01 sec. (11.55 ticks)
Tried aggregator 1 time.
Detecting symmetries...
MIP Presolve eliminated 2 rows and 2 columns.
MIP Presolve modified 43 coefficients.
Reduced MIP has 829 rows, 1215 columns, and 16445 nonzeros.
Reduced MIP has 1194 binaries, 0 generals, 0 SOSs, and 0 indicators.
Presolve time = 0.01 sec. (18.71 ticks)
Represolve time = 0.09 sec. (137.72 ticks)
Probing time = 0.00 sec. (4.33 ticks)
Clique table members: 7908.
MIP emphasis: balance optimality and feasibility.
MIP search method: dynamic search.
Parallel mode: deterministic, using up to 20 threads.
Root relaxation solution time = 0.09 sec. (166.24 ticks)

        Nodes                                         Cuts/
   Node  Left     Objective  IInf  Best Integer    Best Bound    ItCnt     Gap

*     0+    0                          290.6738      267.4559             7.99%
      0     0      259.3838   312      290.6738      267.4559     2883    7.99%
Detecting symmetries...
      0     2      259.3838   281      290.6738      267.4559     2883    7.99%
Elapsed time = 1.09 sec. (1817.06 ticks, tree = 0.02 MB, solutions = 2)

GUB cover cuts applied:  1
Cover cuts applied:  2
Zero-half cuts applied:  28
Gomory fractional cuts applied:  1

Root node processing (before b&c):
  Real time             =    1.08 sec. (1816.19 ticks)
Parallel b&c, 20 threads:
  Real time             =    0.17 sec. (203.15 ticks)
  Sync time (average)   =    0.13 sec.
  Wait time (average)   =    0.00 sec.
                          ------------
Total (root+branch&cut) =    1.25 sec. (2019.34 ticks)
Feasible solution found!
Truck nodes:
Stage 1 at customer 0 with arrival time is: 0
Stage 1 at customer 0 with departure time is: 0
Stage 2 at customer 6 with arrival time is: 36.012
Stage 2 at customer 6 with departure time is: 37.012
Stage 3 at customer 4 with arrival time is: 44.0253
Stage 3 at customer 4 with departure time is: 44.0253
Stage 4 at customer 3 with arrival time is: 54.0094
Stage 4 at customer 3 with departure time is: 56.267
Stage 5 at customer 2 with arrival time is: 86.3985
Stage 5 at customer 2 with departure time is: 86.3985
Stage 6 at customer 10 with arrival time is: 137.472
Stage 6 at customer 10 with departure time is: 137.472
Stage 7 at customer 9 with arrival time is: 154.867
Stage 7 at customer 9 with departure time is: 154.867
Stage 8 at customer 8 with arrival time is: 209.849
Stage 8 at customer 8 with departure time is: 209.849
Stage 9 at customer 7 with arrival time is: 224.69
Stage 9 at customer 7 with departure time is: 224.69
Stage 10 at customer 1 with arrival time is: 274.583
Stage 10 at customer 1 with departure time is: 274.583
Stage 11 at customer 11 with arrival time is: 290.674
Stage 11 at customer 11 with departure time is: 290.674
Truck arcs:
Arc 1 connecting 0 and 6 with cost 36.012 
Arc 2 connecting 6 and 4 with cost 7.0133 
Arc 3 connecting 4 and 3 with cost 9.98411 
Arc 4 connecting 3 and 2 with cost 30.1315 
Arc 5 connecting 2 and 10 with cost 51.0736 
Arc 6 connecting 10 and 9 with cost 17.3949 
Arc 7 connecting 9 and 8 with cost 54.9818 
Arc 8 connecting 8 and 7 with cost 14.8412 
Arc 9 connecting 7 and 1 with cost 49.8926 
Arc 10 connecting 1 and 11 with cost 16.0912 
Customer 5 served by drone.
Drone fly from 6 at stage 2 to serve 5 and then fly back to 3 at stage 4. 
Truck arcs during this sortie: 6--->4--->3
Truck travel time from stage 2 to 4 is: 16.9974
Total drone travel time: 18.255
Drone arrival time: 55.267
Truck arrival time: 54.0094
Truck departure time = max(d/a, t/a) plus (sl/sr): 56.267
Done!
-------------------------Re-calculated objective-----------------------
290.674
------------------------------------------------------------------------
Solve time: 1.254
OBJECTIVE VALUE: 290.674, NUMBER OF SORTIES: 1.
Number of revisit: 0
In write mode
