Instance name: /home/cuong/CLionProjects/uMV-FSTSP/50_dis_rand_ins/v2
Write arg val: 1

drone speed: 1 miles/minute
uav non-eligible customer: 1 11 
Printing tau:
0 5.23944 66.678 63.4765 38.9273 43.7652 35.5357 61.1051 47.2733 95.7968 96.9868 0 
5.23944 0 66.37 58.6418 33.6878 38.5258 30.2962 55.8656 42.0339 90.5574 91.7473 5.23944 
66.678 66.37 0 15.6742 47.4463 49.9548 53.8462 91.4226 85.6751 47.9946 49.1845 66.678 
63.4765 58.6418 15.6742 0 39.7181 42.2266 46.118 83.6944 77.9469 38.3447 33.5103 63.4765 
38.9273 33.6878 47.4463 39.7181 0 4.83792 6.3999 43.9763 38.2288 56.8695 58.0595 38.9273 
43.7652 38.5258 49.9548 42.2266 4.83792 0 8.22955 41.4678 35.7203 52.0316 53.2215 43.7652 
35.5357 30.2962 53.8462 46.118 6.3999 8.22955 0 37.5764 31.8289 60.2612 61.4511 35.5357 
61.1051 55.8656 91.4226 83.6944 43.9763 41.4678 37.5764 0 13.8318 45.3497 54.3286 61.1051 
47.2733 42.0339 85.6751 77.9469 38.2288 35.7203 31.8289 13.8318 0 48.5235 49.7134 47.2733 
95.7968 90.5574 47.9946 38.3447 56.8695 52.0316 60.2612 45.3497 48.5235 0 8.9789 95.7968 
96.9868 91.7473 49.1845 33.5103 58.0595 53.2215 61.4511 54.3286 49.7134 8.9789 0 96.9868 
0 0 0 0 0 0 0 0 0 0 0 0 
Printing tau_prime:
0 1.39172 21.7549 22.9706 11.5131 12.4234 10.0183 17.481 13.5095 25.9829 26.8873 0 
1.39172 0 20.907 21.9149 10.2457 11.1043 8.69283 16.235 12.2652 24.6084 25.5367 1.39172 
21.7549 20.907 0 4.634 12.7993 13.2894 14.6439 24.4974 22.7185 17.6413 16.3353 21.7549 
22.9706 21.9149 4.634 0 12.3812 12.3569 14.2982 22.2017 21.1106 13.2978 11.8148 22.9706 
11.5131 10.2457 12.7993 12.3812 0 1.44504 1.92061 13.0599 10.3757 15.0842 15.6382 11.5131 
12.4234 11.1043 13.2894 12.3569 1.44504 0 2.41386 11.9184 9.51734 13.8353 14.5187 12.4234 
10.0183 8.69283 14.6439 14.2982 1.92061 2.41386 0 12.052 8.99551 16.1116 16.8893 10.0183 
17.481 16.235 24.4974 22.2017 13.0599 11.9184 12.052 0 3.97175 15.1402 17.2644 17.481 
13.5095 12.2652 22.7185 21.1106 10.3757 9.51734 8.99551 3.97175 0 16.608 18.4314 13.5095 
25.9829 24.6084 17.6413 13.2978 15.0842 13.8353 16.1116 15.1402 16.608 0 2.40171 25.9829 
26.8873 25.5367 16.3353 11.8148 15.6382 14.5187 16.8893 17.2644 18.4314 2.40171 0 26.8873 
0 0 0 0 0 0 0 0 0 0 0 0 
Version identifier: 22.1.1.0 | 2022-11-28 | 9160aff4d
CPXPARAM_MIP_Tolerances_Integrality              0
Tried aggregator 1 time.
MIP Presolve eliminated 1 rows and 12 columns.
MIP Presolve modified 20 coefficients.
Reduced MIP has 122 rows, 120 columns, and 510 nonzeros.
Reduced MIP has 110 binaries, 0 generals, 0 SOSs, and 0 indicators.
Presolve time = 0.00 sec. (0.27 ticks)
Found incumbent of value 534.502050 after 0.00 sec. (0.75 ticks)
Probing time = 0.00 sec. (0.26 ticks)
Cover probing fixed 0 vars, tightened 10 bounds.
Tried aggregator 1 time.
Detecting symmetries...
MIP Presolve eliminated 10 rows and 0 columns.
MIP Presolve modified 180 coefficients.
Reduced MIP has 112 rows, 120 columns, and 490 nonzeros.
Reduced MIP has 110 binaries, 0 generals, 0 SOSs, and 0 indicators.
Presolve time = 0.00 sec. (0.35 ticks)
Probing time = 0.00 sec. (0.26 ticks)
Clique table members: 67.
MIP emphasis: balance optimality and feasibility.
MIP search method: dynamic search.
Parallel mode: deterministic, using up to 20 threads.
Root relaxation solution time = 0.00 sec. (0.20 ticks)

        Nodes                                         Cuts/
   Node  Left     Objective  IInf  Best Integer    Best Bound    ItCnt     Gap

*     0+    0                          534.5021        0.0000           100.00%
      0     0      127.4428    17      534.5021      127.4428       23   76.16%
*     0+    0                          279.7762      127.4428            54.45%
      0     0      215.0032    19      279.7762      Cuts: 30       39   23.15%
      0     0      215.0032    16      279.7762      Cuts: 27       51   23.15%
      0     0      215.0032    18      279.7762      Cuts: 19       62   23.15%
      0     0      215.0032    14      279.7762    MIRcuts: 7       65   23.15%
      0     0      215.0032    14      279.7762      Cuts: 13       71   23.15%
Detecting symmetries...
*     0+    0                          260.6676      215.0032            17.52%
      0     0        cutoff            260.6676      260.6676       71    0.00%
Elapsed time = 0.07 sec. (10.05 ticks, tree = 0.01 MB, solutions = 3)

Clique cuts applied:  4
Implied bound cuts applied:  4
Mixed integer rounding cuts applied:  8
Zero-half cuts applied:  1
Multi commodity flow cuts applied:  1

Root node processing (before b&c):
  Real time             =    0.07 sec. (10.06 ticks)
Parallel b&c, 20 threads:
  Real time             =    0.00 sec. (0.00 ticks)
  Sync time (average)   =    0.00 sec.
  Wait time (average)   =    0.00 sec.
                          ------------
Total (root+branch&cut) =    0.07 sec. (10.06 ticks)

TSP solution for this instance: 0 1 6 5 4 2 3 10 9 7 8 11 
12
Warmstart X[1][0] == 1
Warmstart X[2][1] == 1
Warmstart X[3][6] == 1
Warmstart X[4][5] == 1
Warmstart X[5][4] == 1
Warmstart X[6][2] == 1
Warmstart X[7][3] == 1
Warmstart X[8][10] == 1
Warmstart X[9][9] == 1
Warmstart X[10][7] == 1
Warmstart X[11][8] == 1
---------------------------------------------
Calculate max stage gap for sortie.... 
Stage gap of 5 with smallest length = 20.9578 violated endurance constraint!
---------------------------------------------
Variable z[1][6] was set to 0.
Variable z[1][7] was set to 0.
Variable z[1][8] was set to 0.
Variable z[1][9] was set to 0.
Variable z[1][10] was set to 0.
Variable z[1][11] was set to 0.
Variable z[1][12] was set to 0.
Variable z[2][7] was set to 0.
Variable z[2][8] was set to 0.
Variable z[2][9] was set to 0.
Variable z[2][10] was set to 0.
Variable z[2][11] was set to 0.
Variable z[2][12] was set to 0.
Variable z[3][8] was set to 0.
Variable z[3][9] was set to 0.
Variable z[3][10] was set to 0.
Variable z[3][11] was set to 0.
Variable z[3][12] was set to 0.
Variable z[4][9] was set to 0.
Variable z[4][10] was set to 0.
Variable z[4][11] was set to 0.
Variable z[4][12] was set to 0.
Variable z[5][10] was set to 0.
Variable z[5][11] was set to 0.
Variable z[5][12] was set to 0.
Variable z[6][11] was set to 0.
Variable z[6][12] was set to 0.
Variable z[7][12] was set to 0.
Num constraint added = 5346
Warning:  Output names have been modified due to duplicate names or characters invalid in LP format.
Version identifier: 22.1.1.0 | 2022-11-28 | 9160aff4d
CPXPARAM_TimeLimit                               200
CPXPARAM_MIP_Tolerances_Integrality              0
1 of 1 MIP starts provided solutions.
MIP start 'm1' defined initial solution with objective 260.6676.
Tried aggregator 2 times.
MIP Presolve eliminated 6588 rows and 1974 columns.
MIP Presolve modified 2420 coefficients.
Aggregator did 40 substitutions.
Reduced MIP has 1438 rows, 2762 columns, and 50894 nonzeros.
Reduced MIP has 2741 binaries, 0 generals, 0 SOSs, and 0 indicators.
Presolve time = 0.06 sec. (166.48 ticks)
Probing fixed 201 vars, tightened 0 bounds.
Probing changed sense of 4 constraints.
Probing time = 0.04 sec. (88.72 ticks)
Tried aggregator 2 times.
Detecting symmetries...
MIP Presolve eliminated 37 rows and 204 columns.
MIP Presolve modified 153 coefficients.
Aggregator did 13 substitutions.
Reduced MIP has 1388 rows, 2545 columns, and 45723 nonzeros.
Reduced MIP has 2524 binaries, 0 generals, 0 SOSs, and 0 indicators.
Presolve time = 0.04 sec. (83.11 ticks)
Probing time = 0.00 sec. (5.53 ticks)
Clique table members: 11278.
MIP emphasis: balance optimality and feasibility.
MIP search method: dynamic search.
Parallel mode: deterministic, using up to 20 threads.
Root relaxation solution time = 0.13 sec. (297.62 ticks)

        Nodes                                         Cuts/
   Node  Left     Objective  IInf  Best Integer    Best Bound    ItCnt     Gap

*     0+    0                          260.6676        5.2394            97.99%
      0     0      126.0404   396      260.6676      126.0404       37   51.65%
      0     0      145.5800   388      260.6676      Cuts: 88     1999   44.15%
      0     0      148.5481   322      260.6676      Cuts: 66     2789   43.01%
      0     0      151.2283   338      260.6676  ZeroHalf: 15     3494   41.98%
      0     0      152.1805   362      260.6676      Cuts: 12     4039   41.62%
      0     0      154.6165   287      260.6676       Cuts: 7     4611   40.68%
Detecting symmetries...
      0     0      155.6087   342      260.6676      Cuts: 19     5153   40.30%
      0     0      157.0230   332      260.6676      Cuts: 17     5594   39.76%
      0     0      157.1583   353      260.6676       Cuts: 9     5849   39.71%
      0     0      157.3567   332      260.6676       Cuts: 3     6001   39.63%
      0     0      157.5412   360      260.6676       Cuts: 7     6233   39.56%
      0     0      157.6491   407      260.6676   ZeroHalf: 1     6418   39.52%
      0     0      157.6661   411      260.6676       Cuts: 3     6509   39.51%
Detecting symmetries...
      0     2      157.6661   411      260.6676      157.6661     6509   39.51%
Elapsed time = 1.81 sec. (3145.48 ticks, tree = 0.02 MB, solutions = 1)
      3     3      175.5122   234      260.6676      158.1795     8552   39.32%
     75     6      171.6346   188      260.6676      158.9159    19276   39.04%
    234    77      202.7907   268      260.6676      163.6329    49354   37.23%
    529   163      203.2945    92      260.6676      163.6329    96345   37.23%
    635   205      192.6747   175      260.6676      163.6329   122071   37.23%
    662   247      215.4873   147      260.6676      163.6329   158796   37.23%
    759   271      222.4726   144      260.6676      163.6329   180711   37.23%
    883   393      203.1575   125      260.6676      163.6329   245539   37.23%
   1004   464      228.7905   193      260.6676      163.6329   287631   37.23%
   1358   665      212.0924   305      260.6676      163.6329   403757   37.23%
Elapsed time = 4.67 sec. (6341.41 ticks, tree = 0.74 MB, solutions = 1)
*  1586+  832                          256.0001      163.6329            36.08%
   1908   943      231.7074   126      256.0001      163.6329   555744   36.08%
   2458  1140      232.1472   117      256.0001      166.4314   682024   34.99%
   3276  1358      234.2531    88      256.0001      172.1866   897463   32.74%
*  3353  1497      integral     0      256.0000      178.4266  1031023   30.30%
   3746  1600      233.7137   134      256.0000      178.7996  1116253   30.16%
   4679  1989        cutoff            256.0000      181.3906  1304969   29.14%
   5101  2378      227.7994    64      256.0000      193.1854  1491714   24.54%
   6045  2783      244.6149   193      256.0000      193.7659  1702706   24.31%
   6756  3178    infeasible            256.0000      197.2358  1903417   22.95%

Performing restart 1

Repeating presolve.
Tried aggregator 1 time.
MIP Presolve eliminated 32 rows and 25 columns.
MIP Presolve modified 7450 coefficients.
Reduced MIP has 1356 rows, 2520 columns, and 38650 nonzeros.
Reduced MIP has 2499 binaries, 0 generals, 0 SOSs, and 0 indicators.
Presolve time = 0.04 sec. (61.47 ticks)
Tried aggregator 1 time.
MIP Presolve eliminated 0 rows and 9 columns.
MIP Presolve modified 31 coefficients.
Reduced MIP has 1356 rows, 2511 columns, and 38577 nonzeros.
Reduced MIP has 2490 binaries, 0 generals, 0 SOSs, and 0 indicators.
Presolve time = 0.02 sec. (40.77 ticks)
Represolve time = 0.11 sec. (180.15 ticks)
   6789     0      157.9885   418      256.0000      Cuts: 31  1999398   22.74%
   6789     0      158.0318   434      256.0000      Cuts: 19  1999605   22.74%
   6789     0      158.1238   457      256.0000       Cuts: 4  1999808   22.74%
   6789     0      158.7942   423      256.0000      Cuts: 20  2000530   22.74%
   6789     0      159.3850   407      256.0000       Cuts: 9  2001054   22.74%
   6789     0      159.5506   418      256.0000       Cuts: 4  2001307   22.74%
   6789     2      159.5506   418      256.0000      197.7982  2001307   22.74%
   6790     2      214.3839    85      256.0000      197.7982  2002853   22.74%
Elapsed time = 16.45 sec. (22224.47 ticks, tree = 0.02 MB, solutions = 3)
   6801     5      246.2934    72      256.0000      197.7982  2005607   22.74%
   6831     6      245.2855    70      256.0000      197.7982  2017093   22.74%
   6883    14      159.7550   359      256.0000      197.7982  2035440   22.74%
   6935    10      197.7620   114      256.0000      197.7982  2057390   22.74%
   7008    11      584.8990    99      256.0000      197.7982  2077322   22.74%
   7068    12      224.6232   105      256.0000      197.7982  2100768   22.74%
   7279    23        cutoff            256.0000      197.7982  2141477   22.74%
   7660    12      223.5972   160      256.0000      197.7982  2196747   22.74%
   7749    14      189.3445   224      256.0000      197.7982  2231517   22.74%
   7870    14      243.1490   110      256.0000      197.7982  2258382   22.74%
Elapsed time = 23.86 sec. (31895.03 ticks, tree = 0.02 MB, solutions = 3)
   8102    34      253.2883    99      256.0000      197.7982  2331337   22.74%
   8952    65        cutoff            256.0000      197.7982  2396301   22.74%
   9235   150      250.4442   103      256.0000      197.7982  2528397   22.74%
   9600    95      216.8768   189      256.0000      197.7982  2631362   22.74%
   9894    63      215.6698   148      256.0000      197.7982  2708203   22.74%
  10248    35        cutoff            256.0000      197.7982  2780426   22.74%
  10516    43        cutoff            256.0000      197.7982  2815112   22.74%
  10616    29      204.7251   214      256.0000      197.7982  2854850   22.74%
  10697    17      201.9879   181      256.0000      201.4247  2874319   21.32%

GUB cover cuts applied:  9
Cover cuts applied:  2
Implied bound cuts applied:  1
Mixed integer rounding cuts applied:  1
Zero-half cuts applied:  41
Lift and project cuts applied:  1
Gomory fractional cuts applied:  2

Root node processing (before b&c):
  Real time             =    1.77 sec. (3078.81 ticks)
Parallel b&c, 20 threads:
  Real time             =   30.56 sec. (38378.57 ticks)
  Sync time (average)   =   13.24 sec.
  Wait time (average)   =    0.01 sec.
                          ------------
Total (root+branch&cut) =   32.33 sec. (41457.37 ticks)
Feasible solution found!
Truck nodes:
Stage 1 at customer 0 with arrival time is: 0
Stage 1 at customer 0 with departure time is: 0
Stage 2 at customer 1 with arrival time is: 5.23944
Stage 2 at customer 1 with departure time is: 5.23944
Stage 3 at customer 6 with arrival time is: 35.5356
Stage 3 at customer 6 with departure time is: 36.5356
Stage 4 at customer 4 with arrival time is: 42.9355
Stage 4 at customer 4 with departure time is: 43.9355
Stage 5 at customer 2 with arrival time is: 91.3818
Stage 5 at customer 2 with departure time is: 91.3818
Stage 6 at customer 3 with arrival time is: 107.056
Stage 6 at customer 3 with departure time is: 107.056
Stage 7 at customer 10 with arrival time is: 140.566
Stage 7 at customer 10 with departure time is: 140.566
Stage 8 at customer 9 with arrival time is: 149.545
Stage 8 at customer 9 with departure time is: 149.545
Stage 9 at customer 7 with arrival time is: 194.895
Stage 9 at customer 7 with departure time is: 194.895
Stage 10 at customer 8 with arrival time is: 208.727
Stage 10 at customer 8 with departure time is: 208.727
Stage 11 at customer 11 with arrival time is: 256
Stage 11 at customer 11 with departure time is: 256
Truck arcs:
Arc 1 connecting 0 and 1 with cost 5.23944 
Arc 2 connecting 1 and 6 with cost 30.2962 
Arc 3 connecting 6 and 4 with cost 6.3999 
Arc 4 connecting 4 and 2 with cost 47.4463 
Arc 5 connecting 2 and 3 with cost 15.6742 
Arc 6 connecting 3 and 10 with cost 33.5103 
Arc 7 connecting 10 and 9 with cost 8.9789 
Arc 8 connecting 9 and 7 with cost 45.3497 
Arc 9 connecting 7 and 8 with cost 13.8318 
Arc 10 connecting 8 and 11 with cost 47.2733 
Customer 5 served by drone.
Drone fly from 6 at stage 3 to serve 5 and then fly back to 4 at stage 4. 
Truck arcs during this sortie: 6--->4
Truck travel time from stage 3 to 4 is: 6.3999
Total drone travel time: 3.8589
Drone arrival time: 40.3945
Truck arrival time: 42.9355
Truck departure time = max(d/a, t/a) plus (sl/sr): 43.9355
Done!
-------------------------Re-calculated objective-----------------------
256
------------------------------------------------------------------------
Solve time: 32.328
OBJECTIVE VALUE: 256, NUMBER OF SORTIES: 1.
Number of revisit: 0
In write mode
