Instance name: /home/cuong/CLionProjects/uMV-FSTSP/50_dis_rand_ins/v36
Write arg val: 1

drone speed: 1 miles/minute
uav non-eligible customer: 7 11 
Printing tau:
0 25.3815 55.685 47.9495 39.4087 44.459 48.3573 57.5481 30.8607 105.373 87.5806 0 
25.3815 0 62.2491 54.5136 45.9728 51.0231 54.9214 64.1122 56.2422 111.937 94.1447 25.3815 
55.685 62.2491 0 10.4565 22.2711 39.521 54.5707 78.2816 80.5866 49.6878 33.2624 55.685 
47.9495 54.5136 10.4565 0 11.8146 29.0645 44.1142 67.8251 70.1301 57.4233 39.6311 47.9495 
39.4087 45.9728 22.2711 11.8146 0 17.2498 32.2996 56.0105 58.3155 65.964 48.1719 39.4087 
44.459 51.0231 39.521 29.0645 17.2498 0 15.0498 38.7607 41.0656 60.9138 43.1217 44.459 
48.3573 54.9214 54.5707 44.1142 32.2996 15.0498 0 23.7109 26.0159 57.0155 39.2233 48.3573 
57.5481 64.1122 78.2816 67.8251 56.0105 38.7607 23.7109 0 27.3369 47.8247 45.0192 57.5481 
30.8607 56.2422 80.5866 70.1301 58.3155 41.0656 26.0159 27.3369 0 75.1616 57.3695 30.8607 
105.373 111.937 49.6878 57.4233 65.964 60.9138 57.0155 47.8247 75.1616 0 17.7922 105.373 
87.5806 94.1447 33.2624 39.6311 48.1719 43.1217 39.2233 45.0192 57.3695 17.7922 0 87.5806 
0 0 0 0 0 0 0 0 0 0 0 0 
Printing tau_prime:
0 6.95172 19.7961 16.4343 12.7357 12.0955 12.8869 17.0351 11.4516 28.264 23.6301 0 
6.95172 0 17.7237 14.9168 12.2028 14.1154 16.6231 22.2163 17.8186 29.7844 25.0756 6.95172 
19.7961 17.7237 0 3.44893 7.31451 10.8942 14.6001 20.7634 22.4109 15.9143 12.2198 19.7961 
16.4343 14.9168 3.44893 0 3.86569 7.76226 11.6981 18.1641 19.1817 16.423 12.1246 16.4343 
12.7357 12.2028 7.31451 3.86569 0 4.76605 8.88734 15.6115 15.6544 17.7502 13.1018 12.7357 
12.0955 14.1154 10.8942 7.76226 4.76605 0 4.12238 10.8482 11.5259 16.2268 11.5542 12.0955 
12.8869 16.6231 14.6001 11.6981 8.88734 4.12238 0 6.74311 8.41082 16.1031 11.8363 12.8869 
17.0351 22.2163 20.7634 18.1641 15.6115 10.8482 6.74311 0 7.27452 17.3437 14.35 17.0351 
11.4516 17.8186 22.4109 19.1817 15.6544 11.5259 8.41082 7.27452 0 23.4955 19.7202 11.4516 
28.264 29.7844 15.9143 16.423 17.7502 16.2268 16.1031 17.3437 23.4955 0 4.71905 28.264 
23.6301 25.0756 12.2198 12.1246 13.1018 11.5542 11.8363 14.35 19.7202 4.71905 0 23.6301 
0 0 0 0 0 0 0 0 0 0 0 0 
Version identifier: 22.1.1.0 | 2022-11-28 | 9160aff4d
CPXPARAM_MIP_Tolerances_Integrality              0
Tried aggregator 1 time.
MIP Presolve eliminated 1 rows and 12 columns.
MIP Presolve modified 20 coefficients.
Reduced MIP has 122 rows, 120 columns, and 510 nonzeros.
Reduced MIP has 110 binaries, 0 generals, 0 SOSs, and 0 indicators.
Presolve time = 0.00 sec. (0.27 ticks)
Found incumbent of value 536.725200 after 0.00 sec. (0.75 ticks)
Probing time = 0.00 sec. (0.26 ticks)
Cover probing fixed 0 vars, tightened 10 bounds.
Tried aggregator 1 time.
Detecting symmetries...
MIP Presolve eliminated 10 rows and 0 columns.
MIP Presolve modified 180 coefficients.
Reduced MIP has 112 rows, 120 columns, and 490 nonzeros.
Reduced MIP has 110 binaries, 0 generals, 0 SOSs, and 0 indicators.
Presolve time = 0.00 sec. (0.35 ticks)
Probing time = 0.00 sec. (0.26 ticks)
Clique table members: 67.
MIP emphasis: balance optimality and feasibility.
MIP search method: dynamic search.
Parallel mode: deterministic, using up to 20 threads.
Root relaxation solution time = 0.00 sec. (0.17 ticks)

        Nodes                                         Cuts/
   Node  Left     Objective  IInf  Best Integer    Best Bound    ItCnt     Gap

*     0+    0                          536.7252        0.0000           100.00%
      0     0      224.0436    19      536.7252      224.0436       16   58.26%
*     0+    0                          339.8259      224.0436            34.07%
      0     0      257.5658    18      339.8259      Cuts: 31       35   24.21%
      0     0      257.5658    18      339.8259      Cuts: 23       41   24.21%
*     0+    0                          305.3663      257.5658            15.65%
      0     0      257.5658    18      305.3663      Cuts: 25       49   15.65%
*     0+    0                          299.8203      257.5658            14.09%
*     0+    0                          291.9505      257.5658            11.78%

Clique cuts applied:  3
Implied bound cuts applied:  6
Mixed integer rounding cuts applied:  8
Multi commodity flow cuts applied:  8
Gomory fractional cuts applied:  1

Root node processing (before b&c):
  Real time             =    0.02 sec. (7.83 ticks)
Parallel b&c, 20 threads:
  Real time             =    0.00 sec. (0.00 ticks)
  Sync time (average)   =    0.00 sec.
  Wait time (average)   =    0.00 sec.
                          ------------
Total (root+branch&cut) =    0.02 sec. (7.83 ticks)

TSP solution for this instance: 0 8 7 9 10 2 3 4 5 6 1 11 
12
Warmstart X[1][0] == 1
Warmstart X[2][8] == 1
Warmstart X[3][7] == 1
Warmstart X[4][9] == 1
Warmstart X[5][10] == 1
Warmstart X[6][2] == 1
Warmstart X[7][3] == 1
Warmstart X[8][4] == 1
Warmstart X[9][5] == 1
Warmstart X[10][6] == 1
Warmstart X[11][1] == 1
---------------------------------------------
Calculate max stage gap for sortie.... 
Stage gap of 2 with smallest length = 20.913 violated endurance constraint!
---------------------------------------------
Variable z[1][3] was set to 0.
Variable z[1][4] was set to 0.
Variable z[1][5] was set to 0.
Variable z[1][6] was set to 0.
Variable z[1][7] was set to 0.
Variable z[1][8] was set to 0.
Variable z[1][9] was set to 0.
Variable z[1][10] was set to 0.
Variable z[1][11] was set to 0.
Variable z[1][12] was set to 0.
Variable z[2][4] was set to 0.
Variable z[2][5] was set to 0.
Variable z[2][6] was set to 0.
Variable z[2][7] was set to 0.
Variable z[2][8] was set to 0.
Variable z[2][9] was set to 0.
Variable z[2][10] was set to 0.
Variable z[2][11] was set to 0.
Variable z[2][12] was set to 0.
Variable z[3][5] was set to 0.
Variable z[3][6] was set to 0.
Variable z[3][7] was set to 0.
Variable z[3][8] was set to 0.
Variable z[3][9] was set to 0.
Variable z[3][10] was set to 0.
Variable z[3][11] was set to 0.
Variable z[3][12] was set to 0.
Variable z[4][6] was set to 0.
Variable z[4][7] was set to 0.
Variable z[4][8] was set to 0.
Variable z[4][9] was set to 0.
Variable z[4][10] was set to 0.
Variable z[4][11] was set to 0.
Variable z[4][12] was set to 0.
Variable z[5][7] was set to 0.
Variable z[5][8] was set to 0.
Variable z[5][9] was set to 0.
Variable z[5][10] was set to 0.
Variable z[5][11] was set to 0.
Variable z[5][12] was set to 0.
Variable z[6][8] was set to 0.
Variable z[6][9] was set to 0.
Variable z[6][10] was set to 0.
Variable z[6][11] was set to 0.
Variable z[6][12] was set to 0.
Variable z[7][9] was set to 0.
Variable z[7][10] was set to 0.
Variable z[7][11] was set to 0.
Variable z[7][12] was set to 0.
Variable z[8][10] was set to 0.
Variable z[8][11] was set to 0.
Variable z[8][12] was set to 0.
Variable z[9][11] was set to 0.
Variable z[9][12] was set to 0.
Variable z[10][12] was set to 0.
Num constraint added = 5346
Warning:  Output names have been modified due to duplicate names or characters invalid in LP format.
Version identifier: 22.1.1.0 | 2022-11-28 | 9160aff4d
CPXPARAM_TimeLimit                               200
CPXPARAM_MIP_Tolerances_Integrality              0
1 of 1 MIP starts provided solutions.
MIP start 'm1' defined initial solution with objective 291.9505.
Tried aggregator 2 times.
MIP Presolve eliminated 7328 rows and 2566 columns.
MIP Presolve modified 4542 coefficients.
Aggregator did 117 substitutions.
Reduced MIP has 1098 rows, 2093 columns, and 52716 nonzeros.
Reduced MIP has 2072 binaries, 0 generals, 0 SOSs, and 0 indicators.
Presolve time = 0.09 sec. (263.42 ticks)
Probing fixed 272 vars, tightened 0 bounds.
Probing changed sense of 101 constraints.
Probing time = 0.04 sec. (127.44 ticks)
Cover probing fixed 28 vars, tightened 65 bounds.
Tried aggregator 1 time.
MIP Presolve eliminated 203 rows and 303 columns.
MIP Presolve modified 796 coefficients.
Reduced MIP has 895 rows, 1790 columns, and 32387 nonzeros.
Reduced MIP has 1769 binaries, 0 generals, 0 SOSs, and 0 indicators.
Presolve time = 0.02 sec. (48.86 ticks)
Probing fixed 68 vars, tightened 0 bounds.
Probing time = 0.02 sec. (36.15 ticks)
Tried aggregator 1 time.
Detecting symmetries...
MIP Presolve eliminated 26 rows and 68 columns.
MIP Presolve modified 18 coefficients.
Reduced MIP has 869 rows, 1722 columns, and 31333 nonzeros.
Reduced MIP has 1701 binaries, 0 generals, 0 SOSs, and 0 indicators.
Presolve time = 0.01 sec. (29.84 ticks)
Probing time = 0.00 sec. (4.35 ticks)
Clique table members: 9992.
MIP emphasis: balance optimality and feasibility.
MIP search method: dynamic search.
Parallel mode: deterministic, using up to 20 threads.
Root relaxation solution time = 0.06 sec. (107.27 ticks)

        Nodes                                         Cuts/
   Node  Left     Objective  IInf  Best Integer    Best Bound    ItCnt     Gap

*     0+    0                          291.9505       30.8607            89.43%
      0     0      216.5384    72      291.9505      216.5384     1536   25.83%
      0     0      219.3042   109      291.9505      Cuts: 18     1779   24.88%
      0     0      230.9984   139      291.9505      Cuts: 27     2282   20.88%
      0     0      237.0635   167      291.9505      Cuts: 39     2803   18.80%
      0     0      244.3113   188      291.9505      Cuts: 12     3323   16.32%
      0     0      244.5036   192      291.9505      Cuts: 11     3467   16.25%
Detecting symmetries...
      0     0      246.1868   178      291.9505      Cuts: 13     3719   15.68%
      0     0      246.5376   199      291.9505       Cuts: 7     3892   15.56%
      0     0      246.6344   250      291.9505   ZeroHalf: 1     3958   15.52%
      0     0      246.6377   217      291.9505       Cuts: 2     3970   15.52%
*     0+    0                          272.9146      246.6377             9.63%
      0     0        cutoff            272.9146      272.9146     3970    0.00%
Elapsed time = 0.81 sec. (1615.23 ticks, tree = 0.01 MB, solutions = 2)

GUB cover cuts applied:  5
Clique cuts applied:  2
Implied bound cuts applied:  2
Mixed integer rounding cuts applied:  1
Zero-half cuts applied:  17
Lift and project cuts applied:  1
Gomory fractional cuts applied:  2

Root node processing (before b&c):
  Real time             =    0.81 sec. (1615.52 ticks)
Parallel b&c, 20 threads:
  Real time             =    0.00 sec. (0.00 ticks)
  Sync time (average)   =    0.00 sec.
  Wait time (average)   =    0.00 sec.
                          ------------
Total (root+branch&cut) =    0.81 sec. (1615.52 ticks)
Feasible solution found!
Truck nodes:
Stage 1 at customer 0 with arrival time is: 0
Stage 1 at customer 0 with departure time is: 0
Stage 2 at customer 8 with arrival time is: 30.8607
Stage 2 at customer 8 with departure time is: 30.8607
Stage 3 at customer 7 with arrival time is: 58.1976
Stage 3 at customer 7 with departure time is: 58.1976
Stage 4 at customer 9 with arrival time is: 106.022
Stage 4 at customer 9 with departure time is: 106.022
Stage 5 at customer 10 with arrival time is: 123.815
Stage 5 at customer 10 with departure time is: 123.815
Stage 6 at customer 3 with arrival time is: 163.446
Stage 6 at customer 3 with departure time is: 164.446
Stage 7 at customer 4 with arrival time is: 176.26
Stage 7 at customer 4 with departure time is: 178.26
Stage 8 at customer 5 with arrival time is: 195.51
Stage 8 at customer 5 with departure time is: 196.51
Stage 9 at customer 1 with arrival time is: 247.533
Stage 9 at customer 1 with departure time is: 247.533
Stage 10 at customer 11 with arrival time is: 272.915
Stage 10 at customer 11 with departure time is: 272.915
Truck arcs:
Arc 1 connecting 0 and 8 with cost 30.8607 
Arc 2 connecting 8 and 7 with cost 27.3369 
Arc 3 connecting 7 and 9 with cost 47.8247 
Arc 4 connecting 9 and 10 with cost 17.7922 
Arc 5 connecting 10 and 3 with cost 39.6311 
Arc 6 connecting 3 and 4 with cost 11.8146 
Arc 7 connecting 4 and 5 with cost 17.2498 
Arc 8 connecting 5 and 1 with cost 51.0231 
Arc 9 connecting 1 and 11 with cost 25.3815 
Customer 2 served by drone.
Drone fly from 3 at stage 6 to serve 2 and then fly back to 4 at stage 7. 
Truck arcs during this sortie: 3--->4
Truck travel time from stage 6 to 7 is: 11.8146
Total drone travel time: 10.7634
Drone arrival time: 175.209
Truck arrival time: 176.26
Truck departure time = max(d/a, t/a) plus (sl/sr): 178.26
Customer 6 served by drone.
Drone fly from 4 at stage 7 to serve 6 and then fly back to 5 at stage 8. 
Truck arcs during this sortie: 4--->5
Truck travel time from stage 7 to 8 is: 17.2498
Total drone travel time: 13.0097
Drone arrival time: 191.27
Truck arrival time: 195.51
Truck departure time = max(d/a, t/a) plus (sl/sr): 196.51
Done!
-------------------------Re-calculated objective-----------------------
272.915
------------------------------------------------------------------------
Solve time: 0.811
OBJECTIVE VALUE: 272.915, NUMBER OF SORTIES: 2.
Number of revisit: 0
In write mode
