Instance name: /home/cuong/CLionProjects/uMV-FSTSP/50_dis_rand_ins/v43
Write arg val: 1

drone speed: 1 miles/minute
uav non-eligible customer: 4 11 
Printing tau:
0 14.804 55.9244 79.1813 59.036 60.4668 49.3565 62.0341 68.1316 86.4128 108.751 0 
14.804 0 41.1204 64.3773 44.232 45.6628 34.5525 47.2301 53.3275 71.6088 93.9469 14.804 
55.9244 41.1204 0 23.2569 45.7073 26.7105 29.4554 65.0127 79.687 30.9623 52.8265 55.9244 
79.1813 64.3773 23.2569 0 62.2856 43.2889 46.0337 81.591 96.2653 47.5407 40.9783 79.1813 
59.036 44.232 45.7073 62.2856 0 18.9968 16.2519 19.3053 33.9797 27.3768 49.7149 59.036 
60.4668 45.6628 26.7105 43.2889 18.9968 0 11.1103 38.3021 52.9764 25.946 48.2841 60.4668 
49.3565 34.5525 29.4554 46.0337 16.2519 11.1103 0 35.5572 50.2316 37.0563 59.3944 49.3565 
62.0341 47.2301 65.0127 81.591 19.3053 38.3021 35.5572 0 14.6743 34.0503 46.7168 62.0341 
68.1316 53.3275 79.687 96.2653 33.9797 52.9764 50.2316 14.6743 0 48.7247 55.287 68.1316 
86.4128 71.6088 30.9623 47.5407 27.3768 25.946 37.0563 34.0503 48.7247 0 22.3381 86.4128 
108.751 93.9469 52.8265 40.9783 49.7149 48.2841 59.3944 46.7168 55.287 22.3381 0 108.751 
0 0 0 0 0 0 0 0 0 0 0 0 
Printing tau_prime:
0 3.95843 16.3717 23.8597 16.4899 16.0343 13.1167 19.4088 22.9743 22.949 28.8407 0 
3.95843 0 13.204 20.7764 12.6255 12.1137 9.16933 15.8976 19.6771 19.0035 24.9306 3.95843 
16.3717 13.204 0 7.57336 12.148 7.18439 8.00236 17.315 21.3767 11.5224 15.4298 16.3717 
23.8597 20.7764 7.57336 0 17.3584 12.5054 14.5446 22.1077 25.6938 12.7511 13.3996 23.8597 
16.4899 12.6255 12.148 17.3584 0 5.05155 5.01587 5.18046 9.32743 8.24533 14.3424 16.4899 
16.0343 12.1137 7.18439 12.5054 5.05155 0 3.03464 10.1649 14.1938 6.97174 12.8179 16.0343 
13.1167 9.16933 8.00236 14.5446 5.01587 3.03464 0 10.0099 14.2197 9.83416 15.8063 13.1167 
19.4088 15.8976 17.315 22.1077 5.18046 10.1649 10.0099 0 4.21366 11.1045 16.4142 19.4088 
22.9743 19.6771 21.3767 25.6938 9.32743 14.1938 14.2197 4.21366 0 13.7995 18.1915 22.9743 
22.949 19.0035 11.5224 12.7511 8.24533 6.97174 9.83416 11.1045 13.7995 0 6.17359 22.949 
28.8407 24.9306 15.4298 13.3996 14.3424 12.8179 15.8063 16.4142 18.1915 6.17359 0 28.8407 
0 0 0 0 0 0 0 0 0 0 0 0 
Version identifier: 22.1.1.0 | 2022-11-28 | 9160aff4d
CPXPARAM_MIP_Tolerances_Integrality              0
Tried aggregator 1 time.
MIP Presolve eliminated 1 rows and 12 columns.
MIP Presolve modified 20 coefficients.
Reduced MIP has 122 rows, 120 columns, and 510 nonzeros.
Reduced MIP has 110 binaries, 0 generals, 0 SOSs, and 0 indicators.
Presolve time = 0.00 sec. (0.27 ticks)
Found incumbent of value 500.037600 after 0.00 sec. (0.75 ticks)
Probing time = 0.00 sec. (0.26 ticks)
Cover probing fixed 0 vars, tightened 10 bounds.
Tried aggregator 1 time.
Detecting symmetries...
MIP Presolve eliminated 10 rows and 0 columns.
MIP Presolve modified 180 coefficients.
Reduced MIP has 112 rows, 120 columns, and 490 nonzeros.
Reduced MIP has 110 binaries, 0 generals, 0 SOSs, and 0 indicators.
Presolve time = 0.00 sec. (0.35 ticks)
Probing time = 0.00 sec. (0.26 ticks)
Clique table members: 67.
MIP emphasis: balance optimality and feasibility.
MIP search method: dynamic search.
Parallel mode: deterministic, using up to 20 threads.
Root relaxation solution time = 0.00 sec. (0.20 ticks)

        Nodes                                         Cuts/
   Node  Left     Objective  IInf  Best Integer    Best Bound    ItCnt     Gap

*     0+    0                          500.0376        0.0000           100.00%
      0     0      204.6692    20      500.0376      204.6692       19   59.07%
      0     0      250.6523    18      500.0376      Cuts: 23       44   49.87%
*     0+    0                          343.1141      250.6523            26.95%
      0     0      250.6523    18      343.1141      Cuts: 36       59   26.95%
*     0+    0                          306.4940      250.6523            18.22%
      0     0      250.6523    18      306.4940      Cuts: 32       64   18.22%
*     0+    0                          297.9170      250.6523            15.87%
Detecting symmetries...
      0     2      250.6523    18      297.9170      250.9982       64   15.75%
Elapsed time = 0.05 sec. (10.54 ticks, tree = 0.02 MB, solutions = 4)

Clique cuts applied:  4
Implied bound cuts applied:  293
Mixed integer rounding cuts applied:  12
Multi commodity flow cuts applied:  13
Lift and project cuts applied:  3
Gomory fractional cuts applied:  1

Root node processing (before b&c):
  Real time             =    0.03 sec. (10.48 ticks)
Parallel b&c, 20 threads:
  Real time             =    0.06 sec. (20.59 ticks)
  Sync time (average)   =    0.04 sec.
  Wait time (average)   =    0.00 sec.
                          ------------
Total (root+branch&cut) =    0.10 sec. (31.07 ticks)

TSP solution for this instance: 0 2 3 10 9 5 6 4 7 8 1 11 
12
Warmstart X[1][0] == 1
Warmstart X[2][2] == 1
Warmstart X[3][3] == 1
Warmstart X[4][10] == 1
Warmstart X[5][9] == 1
Warmstart X[6][5] == 1
Warmstart X[7][6] == 1
Warmstart X[8][4] == 1
Warmstart X[9][7] == 1
Warmstart X[10][8] == 1
Warmstart X[11][1] == 1
---------------------------------------------
Calculate max stage gap for sortie.... 
Stage gap of 3 with smallest length = 29.608 violated endurance constraint!
---------------------------------------------
Variable z[1][4] was set to 0.
Variable z[1][5] was set to 0.
Variable z[1][6] was set to 0.
Variable z[1][7] was set to 0.
Variable z[1][8] was set to 0.
Variable z[1][9] was set to 0.
Variable z[1][10] was set to 0.
Variable z[1][11] was set to 0.
Variable z[1][12] was set to 0.
Variable z[2][5] was set to 0.
Variable z[2][6] was set to 0.
Variable z[2][7] was set to 0.
Variable z[2][8] was set to 0.
Variable z[2][9] was set to 0.
Variable z[2][10] was set to 0.
Variable z[2][11] was set to 0.
Variable z[2][12] was set to 0.
Variable z[3][6] was set to 0.
Variable z[3][7] was set to 0.
Variable z[3][8] was set to 0.
Variable z[3][9] was set to 0.
Variable z[3][10] was set to 0.
Variable z[3][11] was set to 0.
Variable z[3][12] was set to 0.
Variable z[4][7] was set to 0.
Variable z[4][8] was set to 0.
Variable z[4][9] was set to 0.
Variable z[4][10] was set to 0.
Variable z[4][11] was set to 0.
Variable z[4][12] was set to 0.
Variable z[5][8] was set to 0.
Variable z[5][9] was set to 0.
Variable z[5][10] was set to 0.
Variable z[5][11] was set to 0.
Variable z[5][12] was set to 0.
Variable z[6][9] was set to 0.
Variable z[6][10] was set to 0.
Variable z[6][11] was set to 0.
Variable z[6][12] was set to 0.
Variable z[7][10] was set to 0.
Variable z[7][11] was set to 0.
Variable z[7][12] was set to 0.
Variable z[8][11] was set to 0.
Variable z[8][12] was set to 0.
Variable z[9][12] was set to 0.
Num constraint added = 5346
Warning:  Output names have been modified due to duplicate names or characters invalid in LP format.
Version identifier: 22.1.1.0 | 2022-11-28 | 9160aff4d
CPXPARAM_TimeLimit                               200
CPXPARAM_MIP_Tolerances_Integrality              0
1 of 1 MIP starts provided solutions.
MIP start 'm1' defined initial solution with objective 297.9170.
Tried aggregator 4 times.
MIP Presolve eliminated 7091 rows and 2389 columns.
MIP Presolve modified 2282 coefficients.
Aggregator did 44 substitutions.
Reduced MIP has 1242 rows, 2343 columns, and 49965 nonzeros.
Reduced MIP has 2322 binaries, 0 generals, 0 SOSs, and 0 indicators.
Presolve time = 0.11 sec. (286.32 ticks)
Probing fixed 215 vars, tightened 0 bounds.
Probing changed sense of 12 constraints.
Probing time = 0.03 sec. (70.28 ticks)
Tried aggregator 2 times.
Detecting symmetries...
MIP Presolve eliminated 31 rows and 222 columns.
MIP Presolve modified 209 coefficients.
Aggregator did 12 substitutions.
Reduced MIP has 1195 rows, 2109 columns, and 43290 nonzeros.
Reduced MIP has 2088 binaries, 0 generals, 0 SOSs, and 0 indicators.
Presolve time = 0.04 sec. (71.89 ticks)
Probing time = 0.00 sec. (5.11 ticks)
Clique table members: 9537.
MIP emphasis: balance optimality and feasibility.
MIP search method: dynamic search.
Parallel mode: deterministic, using up to 20 threads.
Root relaxation solution time = 0.12 sec. (256.16 ticks)

        Nodes                                         Cuts/
   Node  Left     Objective  IInf  Best Integer    Best Bound    ItCnt     Gap

*     0+    0                          297.9170       14.8040            95.03%
      0     0      208.6250   274      297.9170      208.6250       28   29.97%
      0     0      219.8139   284      297.9170      Cuts: 37     2030   26.22%
      0     0      220.9754   235      297.9170      Cuts: 19     3006   25.83%
      0     0      221.1326   334      297.9170      Cuts: 41     3703   25.77%
      0     0      221.3673   327      297.9170       Cuts: 6     4091   25.69%
      0     0      221.3673   333      297.9170       Cuts: 3     4123   25.69%
Detecting symmetries...
      0     0      221.4276   283      297.9170   ZeroHalf: 2     4225   25.67%
      0     0      221.4862   319      297.9170       Cuts: 4     4346   25.66%
      0     0      221.4862   321      297.9170       Cuts: 4     4378   25.66%
Detecting symmetries...
      0     2      221.5323   327      297.9170      221.7623     4492   25.56%
Elapsed time = 1.25 sec. (2305.84 ticks, tree = 0.02 MB, solutions = 1)
      6     3      226.6540   164      297.9170      221.7623     5647   25.56%
    153    55      282.6288   119      297.9170      225.5151    22377   24.30%
    616   266      245.7285   188      297.9170      226.1869    62633   24.08%
    697   310      271.8394   126      297.9170      228.1251    80629   23.43%
   1138   486      263.6790   168      297.9170      228.1251   118457   23.43%
   1653   708      287.7936   235      297.9170      228.5793   152114   23.27%
   1969   919      260.8058   110      297.9170      238.2031   190181   20.04%
   2355   959      273.6987    53      297.9170      243.2662   212400   18.34%
   2959  1248        cutoff            297.9170      243.2662   266355   18.34%
   5046  2126      273.8861   149      297.9170      257.8096   421615   13.46%
Elapsed time = 4.04 sec. (5414.97 ticks, tree = 9.91 MB, solutions = 1)
*  5418  2111      integral     0      296.9662      258.4677   419824   12.96%
   7084  2746      267.9910   148      296.9662      261.3742   543873   11.99%

Performing restart 1

Repeating presolve.
Tried aggregator 2 times.
MIP Presolve eliminated 49 rows and 42 columns.
MIP Presolve modified 6810 coefficients.
Aggregator did 2 substitutions.
Reduced MIP has 1141 rows, 2065 columns, and 34827 nonzeros.
Reduced MIP has 2044 binaries, 0 generals, 0 SOSs, and 0 indicators.
Presolve time = 0.03 sec. (76.28 ticks)
Tried aggregator 3 times.
MIP Presolve eliminated 5 rows and 20 columns.
MIP Presolve modified 366 coefficients.
Aggregator did 11 substitutions.
Reduced MIP has 1117 rows, 2034 columns, and 34317 nonzeros.
Reduced MIP has 2013 binaries, 0 generals, 0 SOSs, and 0 indicators.
Presolve time = 0.04 sec. (78.66 ticks)
Tried aggregator 4 times.
MIP Presolve eliminated 9 rows and 3 columns.
MIP Presolve modified 245 coefficients.
Aggregator did 10 substitutions.
Reduced MIP has 1096 rows, 2021 columns, and 34050 nonzeros.
Reduced MIP has 2000 binaries, 0 generals, 0 SOSs, and 0 indicators.
Presolve time = 0.03 sec. (75.13 ticks)
Represolve time = 0.18 sec. (334.49 ticks)
   7086     0      224.6238   296      296.9662      Cuts: 11   575121   11.70%
*  7086+    0                          290.8898      262.2277             9.85%
   7086     0      225.0565   328      290.8898  ZeroHalf: 10   575474    9.85%
   7086     0      225.2167   378      290.8898  ZeroHalf: 12   575728    9.85%
   7086     0      225.3218   344      290.8898       Cuts: 3   575933    9.85%
   7086     0      225.5556   329      290.8898       Cuts: 9   576186    9.85%
   7086     0      225.6446   371      290.8898      Cuts: 21   576400    9.85%
   7086     0      225.7505   355      290.8898      Cuts: 13   576524    9.85%
   7086     0      225.7540   353      290.8898       Cuts: 2   576554    9.85%
   7086     2      225.7540   353      290.8898      262.2277   576554    9.85%
   7096     4      288.2379    22      290.8898      262.2277   579526    9.85%
   7129     7      264.9298   113      290.8898      262.2277   589521    9.85%
   7194    12      295.6355    88      290.8898      262.2277   603783    9.85%
   7448    28      262.4349   118      290.8898      262.2277   624939    9.85%
   8407    73    infeasible            290.8898      262.2277   706534    9.85%
   8747    23      277.2993   125      290.8898      262.2277   746322    9.85%
   8883     9        cutoff            290.8898      262.2277   789183    9.85%
   9137    50      279.5828   159      290.8898      262.2277   812214    9.85%
Elapsed time = 12.95 sec. (18022.14 ticks, tree = 0.22 MB, solutions = 3)

GUB cover cuts applied:  7
Clique cuts applied:  1
Cover cuts applied:  14
Flow cuts applied:  2
Mixed integer rounding cuts applied:  1
Zero-half cuts applied:  23
Gomory fractional cuts applied:  5

Root node processing (before b&c):
  Real time             =    1.21 sec. (2262.57 ticks)
Parallel b&c, 20 threads:
  Real time             =   11.89 sec. (16094.21 ticks)
  Sync time (average)   =    5.01 sec.
  Wait time (average)   =    0.01 sec.
                          ------------
Total (root+branch&cut) =   13.10 sec. (18356.78 ticks)
Feasible solution found!
Truck nodes:
Stage 1 at customer 0 with arrival time is: 0
Stage 1 at customer 0 with departure time is: 0
Stage 2 at customer 1 with arrival time is: 14.804
Stage 2 at customer 1 with departure time is: 14.804
Stage 3 at customer 6 with arrival time is: 49.3565
Stage 3 at customer 6 with departure time is: 49.3565
Stage 4 at customer 5 with arrival time is: 60.4668
Stage 4 at customer 5 with departure time is: 61.4668
Stage 5 at customer 4 with arrival time is: 80.4636
Stage 5 at customer 4 with departure time is: 81.4636
Stage 6 at customer 7 with arrival time is: 100.769
Stage 6 at customer 7 with departure time is: 100.769
Stage 7 at customer 8 with arrival time is: 115.443
Stage 7 at customer 8 with departure time is: 115.443
Stage 8 at customer 10 with arrival time is: 170.73
Stage 8 at customer 10 with departure time is: 170.73
Stage 9 at customer 3 with arrival time is: 211.709
Stage 9 at customer 3 with departure time is: 211.709
Stage 10 at customer 2 with arrival time is: 234.965
Stage 10 at customer 2 with departure time is: 234.965
Stage 11 at customer 1 with arrival time is: 276.086
Stage 11 at customer 1 with departure time is: 276.086
Stage 12 at customer 11 with arrival time is: 290.89
Stage 12 at customer 11 with departure time is: 290.89
Truck arcs:
Arc 1 connecting 0 and 1 with cost 14.804 
Arc 2 connecting 1 and 6 with cost 34.5525 
Arc 3 connecting 6 and 5 with cost 11.1103 
Arc 4 connecting 5 and 4 with cost 18.9968 
Arc 5 connecting 4 and 7 with cost 19.3053 
Arc 6 connecting 7 and 8 with cost 14.6743 
Arc 7 connecting 8 and 10 with cost 55.287 
Arc 8 connecting 10 and 3 with cost 40.9783 
Arc 9 connecting 3 and 2 with cost 23.2569 
Arc 10 connecting 2 and 1 with cost 41.1204 
Arc 11 connecting 1 and 11 with cost 14.804 
Customer 9 served by drone.
Drone fly from 5 at stage 4 to serve 9 and then fly back to 4 at stage 5. 
Truck arcs during this sortie: 5--->4
Truck travel time from stage 4 to 5 is: 18.9968
Total drone travel time: 15.2171
Drone arrival time: 76.6839
Truck arrival time: 80.4636
Truck departure time = max(d/a, t/a) plus (sl/sr): 81.4636
Done!
-------------------------Re-calculated objective-----------------------
290.89
------------------------------------------------------------------------
Solve time: 13.11
Node 1 was revisited 1 times!
OBJECTIVE VALUE: 290.89, NUMBER OF SORTIES: 1.
Number of revisit: 1
In write mode
