Instance name: /home/cuong/CLionProjects/uMV-FSTSP/50_dis_rand_ins/v49
Write arg val: 1

drone speed: 1 miles/minute
uav non-eligible customer: 3 11 
Printing tau:
0 12.9813 65.6897 49.4335 18.9352 26.9756 32.074 36.1261 34.1315 83.4413 62.923 0 
12.9813 0 52.7084 48.3914 28.1453 36.1857 41.2841 49.1074 43.3417 92.6514 72.1331 12.9813 
65.6897 52.7084 0 16.2561 54.194 65.3802 73.7763 101.816 93.5648 56.6032 55.0983 65.6897 
49.4335 48.3914 16.2561 0 37.9379 49.1241 57.5202 85.5596 77.3087 44.26 38.8422 49.4335 
18.9352 28.1453 54.194 37.9379 0 11.1862 19.5823 47.6217 39.3708 64.5061 43.9878 18.9352 
26.9756 36.1857 65.3802 49.1241 11.1862 0 8.39609 36.4355 28.1845 56.4657 35.9475 26.9756 
32.074 41.2841 73.7763 57.5202 19.5823 8.39609 0 28.0395 19.7885 51.3673 30.8491 32.074 
36.1261 49.1074 101.816 85.5596 47.6217 36.4355 28.0395 0 15.3978 64.7076 46.7175 36.1261 
34.1315 43.3417 93.5648 77.3087 39.3708 28.1845 19.7885 15.3978 0 49.3097 38.4665 34.1315 
83.4413 92.6514 56.6032 44.26 64.5061 56.4657 51.3673 64.7076 49.3097 0 20.5183 83.4413 
62.923 72.1331 55.0983 38.8422 43.9878 35.9475 30.8491 46.7175 38.4665 20.5183 0 62.923 
0 0 0 0 0 0 0 0 0 0 0 0 
Printing tau_prime:
0 4.22054 19.6951 16.7261 5.87381 7.15344 8.77104 10.7908 11.6853 22.2565 16.9197 0 
4.22054 0 18.1849 16.0649 7.47354 10.1665 12.2901 14.9822 15.794 24.5896 19.1377 4.22054 
19.6951 18.1849 0 4.47386 14.9634 17.456 19.575 27.3265 24.8105 19.8132 16.4196 19.6951 
16.7261 16.0649 4.47386 0 11.4027 13.4221 15.3683 23.3263 20.5432 15.8808 12.0712 16.7261 
5.87381 7.47354 14.9634 11.4027 0 3.65292 6.25303 12.6277 11.1904 17.1167 11.6665 5.87381 
7.15344 10.1665 17.456 13.4221 3.65292 0 2.60467 9.90553 7.71068 15.1525 9.91426 7.15344 
8.77104 12.2901 19.575 15.3683 6.25303 2.60467 0 8.23368 5.2755 14.3619 9.56262 8.77104 
10.7908 14.9822 27.3265 23.3263 12.6277 9.90553 8.23368 0 4.63221 20.9317 17.0516 10.7908 
11.6853 15.794 24.8105 20.5432 11.1904 7.71068 5.2755 4.63221 0 16.3407 12.7407 11.6853 
22.2565 24.5896 19.8132 15.8808 17.1167 15.1525 14.3619 20.9317 16.3407 0 5.45534 22.2565 
16.9197 19.1377 16.4196 12.0712 11.6665 9.91426 9.56262 17.0516 12.7407 5.45534 0 16.9197 
0 0 0 0 0 0 0 0 0 0 0 0 
Version identifier: 22.1.1.0 | 2022-11-28 | 9160aff4d
CPXPARAM_MIP_Tolerances_Integrality              0
Tried aggregator 1 time.
MIP Presolve eliminated 1 rows and 12 columns.
MIP Presolve modified 20 coefficients.
Reduced MIP has 122 rows, 120 columns, and 510 nonzeros.
Reduced MIP has 110 binaries, 0 generals, 0 SOSs, and 0 indicators.
Presolve time = 0.00 sec. (0.27 ticks)
Found incumbent of value 512.889790 after 0.00 sec. (0.75 ticks)
Probing time = 0.00 sec. (0.26 ticks)
Cover probing fixed 0 vars, tightened 10 bounds.
Tried aggregator 1 time.
Detecting symmetries...
MIP Presolve eliminated 10 rows and 0 columns.
MIP Presolve modified 180 coefficients.
Reduced MIP has 112 rows, 120 columns, and 490 nonzeros.
Reduced MIP has 110 binaries, 0 generals, 0 SOSs, and 0 indicators.
Presolve time = 0.00 sec. (0.35 ticks)
Probing time = 0.00 sec. (0.26 ticks)
Clique table members: 67.
MIP emphasis: balance optimality and feasibility.
MIP search method: dynamic search.
Parallel mode: deterministic, using up to 20 threads.
Root relaxation solution time = 0.00 sec. (0.21 ticks)

        Nodes                                         Cuts/
   Node  Left     Objective  IInf  Best Integer    Best Bound    ItCnt     Gap

*     0+    0                          512.8898        0.0000           100.00%
      0     0      184.3334    17      512.8898      184.3334       24   64.06%
*     0+    0                          291.7974      184.3334            36.83%
      0     0      258.0400    20      291.7974      Cuts: 25       45   11.57%
      0     0      258.7642    16      291.7974      Cuts: 23       55   11.32%
      0     0      258.7642    20      291.7974       Cuts: 9       73   11.32%
*     0+    0                          267.1454      258.7642             3.14%
      0     0        cutoff            267.1454      267.1454       73    0.00%
Elapsed time = 0.03 sec. (7.76 ticks, tree = 0.01 MB, solutions = 3)

Clique cuts applied:  4
Zero-half cuts applied:  2
Gomory fractional cuts applied:  1

Root node processing (before b&c):
  Real time             =    0.03 sec. (7.77 ticks)
Parallel b&c, 20 threads:
  Real time             =    0.00 sec. (0.00 ticks)
  Sync time (average)   =    0.00 sec.
  Wait time (average)   =    0.00 sec.
                          ------------
Total (root+branch&cut) =    0.03 sec. (7.77 ticks)

TSP solution for this instance: 0 4 5 6 7 8 10 9 3 2 1 11 
12
Warmstart X[1][0] == 1
Warmstart X[2][4] == 1
Warmstart X[3][5] == 1
Warmstart X[4][6] == 1
Warmstart X[5][7] == 1
Warmstart X[6][8] == 1
Warmstart X[7][10] == 1
Warmstart X[8][9] == 1
Warmstart X[9][3] == 1
Warmstart X[10][2] == 1
Warmstart X[11][1] == 1
---------------------------------------------
Calculate max stage gap for sortie.... 
Stage gap of 3 with smallest length = 25.1883 violated endurance constraint!
---------------------------------------------
Variable z[1][4] was set to 0.
Variable z[1][5] was set to 0.
Variable z[1][6] was set to 0.
Variable z[1][7] was set to 0.
Variable z[1][8] was set to 0.
Variable z[1][9] was set to 0.
Variable z[1][10] was set to 0.
Variable z[1][11] was set to 0.
Variable z[1][12] was set to 0.
Variable z[2][5] was set to 0.
Variable z[2][6] was set to 0.
Variable z[2][7] was set to 0.
Variable z[2][8] was set to 0.
Variable z[2][9] was set to 0.
Variable z[2][10] was set to 0.
Variable z[2][11] was set to 0.
Variable z[2][12] was set to 0.
Variable z[3][6] was set to 0.
Variable z[3][7] was set to 0.
Variable z[3][8] was set to 0.
Variable z[3][9] was set to 0.
Variable z[3][10] was set to 0.
Variable z[3][11] was set to 0.
Variable z[3][12] was set to 0.
Variable z[4][7] was set to 0.
Variable z[4][8] was set to 0.
Variable z[4][9] was set to 0.
Variable z[4][10] was set to 0.
Variable z[4][11] was set to 0.
Variable z[4][12] was set to 0.
Variable z[5][8] was set to 0.
Variable z[5][9] was set to 0.
Variable z[5][10] was set to 0.
Variable z[5][11] was set to 0.
Variable z[5][12] was set to 0.
Variable z[6][9] was set to 0.
Variable z[6][10] was set to 0.
Variable z[6][11] was set to 0.
Variable z[6][12] was set to 0.
Variable z[7][10] was set to 0.
Variable z[7][11] was set to 0.
Variable z[7][12] was set to 0.
Variable z[8][11] was set to 0.
Variable z[8][12] was set to 0.
Variable z[9][12] was set to 0.
Num constraint added = 5346
Warning:  Output names have been modified due to duplicate names or characters invalid in LP format.
Version identifier: 22.1.1.0 | 2022-11-28 | 9160aff4d
CPXPARAM_TimeLimit                               200
CPXPARAM_MIP_Tolerances_Integrality              0
1 of 1 MIP starts provided solutions.
MIP start 'm1' defined initial solution with objective 267.1454.
Tried aggregator 7 times.
MIP Presolve eliminated 7088 rows and 2415 columns.
MIP Presolve modified 2078 coefficients.
Aggregator did 53 substitutions.
Reduced MIP has 1224 rows, 2308 columns, and 50360 nonzeros.
Reduced MIP has 2287 binaries, 0 generals, 0 SOSs, and 0 indicators.
Presolve time = 0.11 sec. (295.99 ticks)
Probing fixed 177 vars, tightened 0 bounds.
Probing changed sense of 4 constraints.
Probing time = 0.03 sec. (62.72 ticks)
Tried aggregator 2 times.
Detecting symmetries...
MIP Presolve eliminated 22 rows and 182 columns.
MIP Presolve modified 194 coefficients.
Aggregator did 11 substitutions.
Reduced MIP has 1187 rows, 2115 columns, and 44658 nonzeros.
Reduced MIP has 2094 binaries, 0 generals, 0 SOSs, and 0 indicators.
Presolve time = 0.04 sec. (84.85 ticks)
Probing time = 0.00 sec. (5.09 ticks)
Clique table members: 10817.
MIP emphasis: balance optimality and feasibility.
MIP search method: dynamic search.
Parallel mode: deterministic, using up to 20 threads.
Root relaxation solution time = 0.12 sec. (257.91 ticks)

        Nodes                                         Cuts/
   Node  Left     Objective  IInf  Best Integer    Best Bound    ItCnt     Gap

*     0+    0                          267.1454       12.9813            95.14%
      0     0      169.6249   134      267.1454      169.6249       28   36.50%
*     0+    0                          253.6490      169.6249            33.13%
      0     0      205.6096   133      253.6490      Cuts: 29      771   18.94%
      0     0      206.0010   175      253.6490      Cuts: 20     1199   18.78%
      0     0      206.0010   184      253.6490       Cuts: 7     1372   18.78%
*     0+    0                          237.5487      206.0010            13.28%
      0     0      206.8789   190      237.5487   ZeroHalf: 4     1615   12.91%
      0     0      207.0951   192      237.5487       Cuts: 8     2418   12.82%
Detecting symmetries...
      0     0      207.1856   181      237.5487       Cuts: 4     2585   12.78%
      0     0      207.3876   186      237.5487       Cuts: 8     2757   12.70%
      0     0      207.5499   232      237.5487      Cuts: 10     3182   12.63%
      0     0      207.5499   240      237.5487       Cuts: 2     3296   12.63%
Detecting symmetries...
      0     2      207.5499   220      237.5487      212.0812     3367   10.72%
Elapsed time = 1.11 sec. (2139.14 ticks, tree = 0.02 MB, solutions = 3)
      4     3      221.1080   132      237.5487      212.0812     6057   10.72%
     89     6      219.4800   105      237.5487      213.6167    16472   10.07%
*   146+    9                          235.6357      213.9730             9.19%
    178     9      225.1691    66      235.6357      216.2405    26099    8.23%
*   188     4      integral     0      234.6357      216.2435    32143    7.84%
    191     5      216.7911   181      234.6357      216.6852    31723    7.65%
    339     7      217.3381   219      234.6357      216.8298    44016    7.59%
    419     5      226.7967    51      234.6357      217.0280    53365    7.50%
    503    17      231.8125   153      234.6357      217.9606    65449    7.11%
    604     7      229.2528   115      234.6357      217.9878    83342    7.10%
    671    11      231.8550   145      234.6357      223.6482    90080    4.68%

GUB cover cuts applied:  6
Cover cuts applied:  32
Implied bound cuts applied:  24
Zero-half cuts applied:  16
Lift and project cuts applied:  1
Gomory fractional cuts applied:  4

Root node processing (before b&c):
  Real time             =    1.08 sec. (2102.58 ticks)
Parallel b&c, 20 threads:
  Real time             =    1.35 sec. (2305.86 ticks)
  Sync time (average)   =    1.09 sec.
  Wait time (average)   =    0.00 sec.
                          ------------
Total (root+branch&cut) =    2.43 sec. (4408.44 ticks)
Feasible solution found!
Truck nodes:
Stage 1 at customer 0 with arrival time is: 0
Stage 1 at customer 0 with departure time is: 0
Stage 2 at customer 4 with arrival time is: 18.9352
Stage 2 at customer 4 with departure time is: 20.9352
Stage 3 at customer 5 with arrival time is: 32.1214
Stage 3 at customer 5 with departure time is: 41.8363
Stage 4 at customer 6 with arrival time is: 50.2324
Stage 4 at customer 6 with departure time is: 60.9755
Stage 5 at customer 10 with arrival time is: 91.8246
Stage 5 at customer 10 with departure time is: 91.8246
Stage 6 at customer 9 with arrival time is: 112.343
Stage 6 at customer 9 with departure time is: 112.343
Stage 7 at customer 2 with arrival time is: 168.946
Stage 7 at customer 2 with departure time is: 168.946
Stage 8 at customer 3 with arrival time is: 185.202
Stage 8 at customer 3 with departure time is: 185.202
Stage 9 at customer 11 with arrival time is: 234.636
Stage 9 at customer 11 with departure time is: 234.636
Truck arcs:
Arc 1 connecting 0 and 4 with cost 18.9352 
Arc 2 connecting 4 and 5 with cost 11.1862 
Arc 3 connecting 5 and 6 with cost 8.39609 
Arc 4 connecting 6 and 10 with cost 30.8491 
Arc 5 connecting 10 and 9 with cost 20.5183 
Arc 6 connecting 9 and 2 with cost 56.6032 
Arc 7 connecting 2 and 3 with cost 16.2561 
Arc 8 connecting 3 and 11 with cost 49.4335 
Customer 1 served by drone.
Drone fly from 0 at stage 1 to serve 1 and then fly back to 4 at stage 2. 
Truck arcs during this sortie: 0--->4
Truck travel time from stage 1 to 2 is: 18.9352
Total drone travel time: 11.6941
Drone arrival time: 11.6941
Truck arrival time: 18.9352
Truck departure time = max(d/a, t/a) plus (sl/sr): 20.9352
Customer 7 served by drone.
Drone fly from 5 at stage 3 to serve 7 and then fly back to 6 at stage 4. 
Truck arcs during this sortie: 5--->6
Truck travel time from stage 3 to 4 is: 8.39609
Total drone travel time: 18.1392
Drone arrival time: 59.9755
Truck arrival time: 50.2324
Truck departure time = max(d/a, t/a) plus (sl/sr): 60.9755
Customer 8 served by drone.
Drone fly from 4 at stage 2 to serve 8 and then fly back to 5 at stage 3. 
Truck arcs during this sortie: 4--->5
Truck travel time from stage 2 to 3 is: 11.1862
Total drone travel time: 18.9011
Drone arrival time: 39.8363
Truck arrival time: 32.1214
Truck departure time = max(d/a, t/a) plus (sl/sr): 41.8363
Done!
-------------------------Re-calculated objective-----------------------
234.636
------------------------------------------------------------------------
Solve time: 2.435
OBJECTIVE VALUE: 234.636, NUMBER OF SORTIES: 3.
Number of revisit: 0
In write mode
