Instance name: /home/cuong/CLionProjects/uMV-FSTSP/50_dis_rand_ins/v50
Write arg val: 1

drone speed: 1 miles/minute
uav non-eligible customer: 2 11 
Printing tau:
0 20.9303 55.6637 59.1733 40.7761 47.0195 46.1415 49.8637 52.8933 88.7388 87.007 0 
20.9303 0 36.2077 38.2431 35.4037 41.6472 40.7691 65.6437 47.5209 83.3664 81.6347 20.9303 
55.6637 36.2077 0 6.94675 39.6682 48.4543 49.4575 100.377 74.3197 47.1587 56.5311 55.6637 
59.1733 38.2431 6.94675 0 43.1779 51.964 52.9672 103.887 77.8294 54.1055 60.0408 59.1733 
40.7761 35.4037 39.6682 43.1779 0 8.78614 9.78934 60.7089 34.6516 47.9627 46.2309 40.7761 
47.0195 41.6472 48.4543 51.964 8.78614 0 1.0032 51.9228 25.8654 41.7192 39.9875 47.0195 
46.1415 40.7691 49.4575 52.9672 9.78934 1.0032 0 50.9196 24.8622 42.5973 40.8655 46.1415 
49.8637 65.6437 100.377 103.887 60.7089 51.9228 50.9196 0 26.0574 54.943 43.846 49.8637 
52.8933 47.5209 74.3197 77.8294 34.6516 25.8654 24.8622 26.0574 0 35.8455 34.1138 52.8933 
88.7388 83.3664 47.1587 54.1055 47.9627 41.7192 42.5973 54.943 35.8455 0 11.097 88.7388 
87.007 81.6347 56.5311 60.0408 46.2309 39.9875 40.8655 43.846 34.1138 11.097 0 87.007 
0 0 0 0 0 0 0 0 0 0 0 0 
Printing tau_prime:
0 5.72989 18.4234 18.1806 11.6146 12.6136 12.3453 17.7595 14.8723 23.6863 23.0724 0 
5.72989 0 13.3043 12.7686 9.47859 11.6273 11.494 21.0277 16.4002 22.2872 22.405 5.72989 
18.4234 13.3043 0 2.06378 10.5208 12.9291 13.1701 26.707 19.934 17.3642 19.2302 18.4234 
18.1806 12.7686 2.06378 0 11.5645 14.1651 14.3727 27.8416 21.198 19.346 21.1267 18.1806 
11.6146 9.47859 10.5208 11.5645 0 2.85809 2.96011 16.2772 9.73397 12.8096 13.0489 11.6146 
12.6136 11.6273 12.9291 14.1651 2.85809 0 0.353513 13.7888 7.03323 11.0914 10.8174 12.6136 
12.3453 11.494 13.1701 14.3727 2.96011 0.353513 0 13.5381 6.83137 11.3456 10.9972 12.3453 
17.7595 21.0277 26.707 27.8416 16.2772 13.7888 13.5381 0 6.95605 17.847 15.2374 17.7595 
14.8723 16.4002 19.934 21.198 9.73397 7.03323 6.83137 6.95605 0 12.207 10.2017 14.8723 
23.6863 22.2872 17.3642 19.346 12.8096 11.0914 11.3456 17.847 12.207 0 2.97815 23.6863 
23.0724 22.405 19.2302 21.1267 13.0489 10.8174 10.9972 15.2374 10.2017 2.97815 0 23.0724 
0 0 0 0 0 0 0 0 0 0 0 0 
Version identifier: 22.1.1.0 | 2022-11-28 | 9160aff4d
CPXPARAM_MIP_Tolerances_Integrality              0
Tried aggregator 1 time.
MIP Presolve eliminated 1 rows and 12 columns.
MIP Presolve modified 20 coefficients.
Reduced MIP has 122 rows, 120 columns, and 510 nonzeros.
Reduced MIP has 110 binaries, 0 generals, 0 SOSs, and 0 indicators.
Presolve time = 0.00 sec. (0.27 ticks)
Found incumbent of value 502.015000 after 0.00 sec. (0.75 ticks)
Probing time = 0.00 sec. (0.26 ticks)
Cover probing fixed 0 vars, tightened 10 bounds.
Tried aggregator 1 time.
Detecting symmetries...
MIP Presolve eliminated 10 rows and 0 columns.
MIP Presolve modified 180 coefficients.
Reduced MIP has 112 rows, 120 columns, and 490 nonzeros.
Reduced MIP has 110 binaries, 0 generals, 0 SOSs, and 0 indicators.
Presolve time = 0.00 sec. (0.35 ticks)
Probing time = 0.00 sec. (0.26 ticks)
Clique table members: 67.
MIP emphasis: balance optimality and feasibility.
MIP search method: dynamic search.
Parallel mode: deterministic, using up to 20 threads.
Root relaxation solution time = 0.00 sec. (0.21 ticks)

        Nodes                                         Cuts/
   Node  Left     Objective  IInf  Best Integer    Best Bound    ItCnt     Gap

*     0+    0                          502.0150        0.0000           100.00%
      0     0      169.8144    17      502.0150      169.8144       27   66.17%
*     0+    0                          298.4785      169.8144            43.11%
      0     0      253.9894    22      298.4785      Cuts: 28       47   14.91%
      0     0      254.0701    24      298.4785      Cuts: 33       64   14.88%
      0     0      254.0701    24      298.4785      Cuts: 23       70   14.88%
*     0+    0                          297.0042      254.0701            14.46%
      0     0      254.0758    14      297.0042      Cuts: 15       74   14.45%
      0     0      254.2583    14      297.0042      Cuts: 10       79   14.39%
Detecting symmetries...
      0     0      254.3927    14      297.0042      Cuts: 19       83   14.35%
      0     0      254.3927    18      297.0042       Cuts: 6       91   14.35%
*     0+    0                          289.9040      254.3927            12.25%
*     0+    0                          269.7069      254.3927             5.68%
      0     0        cutoff            269.7069      269.7069       91    0.00%
Elapsed time = 0.03 sec. (12.35 ticks, tree = 0.01 MB, solutions = 5)

Clique cuts applied:  4
Implied bound cuts applied:  3
Mixed integer rounding cuts applied:  3
Zero-half cuts applied:  6
Multi commodity flow cuts applied:  6
Gomory fractional cuts applied:  1

Root node processing (before b&c):
  Real time             =    0.03 sec. (12.36 ticks)
Parallel b&c, 20 threads:
  Real time             =    0.00 sec. (0.00 ticks)
  Sync time (average)   =    0.00 sec.
  Wait time (average)   =    0.00 sec.
                          ------------
Total (root+branch&cut) =    0.03 sec. (12.36 ticks)

TSP solution for this instance: 0 4 5 6 8 7 10 9 2 3 1 11 
12
Warmstart X[1][0] == 1
Warmstart X[2][4] == 1
Warmstart X[3][5] == 1
Warmstart X[4][6] == 1
Warmstart X[5][8] == 1
Warmstart X[6][7] == 1
Warmstart X[7][10] == 1
Warmstart X[8][9] == 1
Warmstart X[9][2] == 1
Warmstart X[10][3] == 1
Warmstart X[11][1] == 1
---------------------------------------------
Calculate max stage gap for sortie.... 
Stage gap calculation consumes too much memory. No constraint was added.
---------------------------------------------
Num constraint added = 5346
Warning:  Output names have been modified due to duplicate names or characters invalid in LP format.
Version identifier: 22.1.1.0 | 2022-11-28 | 9160aff4d
CPXPARAM_TimeLimit                               200
CPXPARAM_MIP_Tolerances_Integrality              0
1 of 1 MIP starts provided solutions.
MIP start 'm1' defined initial solution with objective 269.7069.
Tried aggregator 8 times.
MIP Presolve eliminated 6230 rows and 1947 columns.
MIP Presolve modified 2263 coefficients.
Aggregator did 46 substitutions.
Reduced MIP has 1282 rows, 2783 columns, and 29697 nonzeros.
Reduced MIP has 2762 binaries, 0 generals, 0 SOSs, and 0 indicators.
Presolve time = 0.08 sec. (176.59 ticks)
Probing fixed 164 vars, tightened 0 bounds.
Probing changed sense of 4 constraints.
Probing time = 0.04 sec. (93.24 ticks)
Cover probing fixed 0 vars, tightened 70 bounds.
Tried aggregator 2 times.
Detecting symmetries...
MIP Presolve eliminated 82 rows and 192 columns.
MIP Presolve modified 396 coefficients.
Aggregator did 13 substitutions.
Reduced MIP has 1187 rows, 2578 columns, and 25847 nonzeros.
Reduced MIP has 2557 binaries, 0 generals, 0 SOSs, and 0 indicators.
Presolve time = 0.02 sec. (41.84 ticks)
Probing time = 0.00 sec. (5.49 ticks)
Clique table members: 12716.
MIP emphasis: balance optimality and feasibility.
MIP search method: dynamic search.
Parallel mode: deterministic, using up to 20 threads.
Root relaxation solution time = 0.10 sec. (214.53 ticks)

        Nodes                                         Cuts/
   Node  Left     Objective  IInf  Best Integer    Best Bound    ItCnt     Gap

*     0+    0                          269.7069       47.1447            82.52%
      0     0      162.9386   294      269.7069      162.9386       27   39.59%
      0     0      202.9673   284      269.7069      Cuts: 22     2517   24.75%
      0     0      209.0534   301      269.7069      Cuts: 16     3370   22.49%
      0     0      209.4054   271      269.7069      Cuts: 10     3783   22.36%
      0     0      209.4495   322      269.7069       Cuts: 5     3898   22.34%
      0     0      210.6751   268      269.7069   ZeroHalf: 4     4377   21.89%
Detecting symmetries...
      0     0      210.7302   305      269.7069       Cuts: 7     4510   21.87%
      0     0      210.8141   340      269.7069       Cuts: 5     4632   21.84%
      0     0      210.8157   341      269.7069       Cuts: 2     4670   21.84%
Detecting symmetries...
      0     2      210.8157   336      269.7069      210.8157     4670   21.84%
Elapsed time = 1.52 sec. (2730.34 ticks, tree = 0.02 MB, solutions = 1)
      2     3      233.7427   211      269.7069      210.8256     7556   21.83%
     16     7      247.9780   110      269.7069      218.3475    15473   19.04%
    260    54    infeasible            269.7069      225.1556    61427   16.52%
    408    76        cutoff            269.7069      225.1556    92501   16.52%
    487    20      265.1004    16      269.7069      225.1556   117865   16.52%
    949    29        cutoff            269.7069      231.9709   147247   13.99%
   1391   183      259.8896   152      269.7069      231.9709   183486   13.99%
   1904   207      264.0672   105      269.7069      233.2615   235179   13.51%
   2561   281    infeasible            269.7069      233.2615   267366   13.51%
   5036   167        cutoff            269.7069      241.2768   467399   10.54%
Elapsed time = 4.37 sec. (5878.80 ticks, tree = 0.76 MB, solutions = 1)

GUB cover cuts applied:  7
Cover cuts applied:  142
Implied bound cuts applied:  27
Mixed integer rounding cuts applied:  1
Zero-half cuts applied:  21
Lift and project cuts applied:  3
Gomory fractional cuts applied:  1

Root node processing (before b&c):
  Real time             =    1.47 sec. (2692.18 ticks)
Parallel b&c, 20 threads:
  Real time             =    3.47 sec. (3925.79 ticks)
  Sync time (average)   =    1.39 sec.
  Wait time (average)   =    0.00 sec.
                          ------------
Total (root+branch&cut) =    4.95 sec. (6617.97 ticks)
Feasible solution found!
Truck nodes:
Stage 1 at customer 0 with arrival time is: 0
Stage 1 at customer 0 with departure time is: 0
Stage 2 at customer 4 with arrival time is: 40.7761
Stage 2 at customer 4 with departure time is: 40.7761
Stage 3 at customer 5 with arrival time is: 49.5622
Stage 3 at customer 5 with departure time is: 49.5622
Stage 4 at customer 6 with arrival time is: 50.5654
Stage 4 at customer 6 with departure time is: 50.5654
Stage 5 at customer 8 with arrival time is: 75.4276
Stage 5 at customer 8 with departure time is: 75.4276
Stage 6 at customer 7 with arrival time is: 101.485
Stage 6 at customer 7 with departure time is: 101.485
Stage 7 at customer 10 with arrival time is: 145.331
Stage 7 at customer 10 with departure time is: 145.331
Stage 8 at customer 9 with arrival time is: 156.428
Stage 8 at customer 9 with departure time is: 156.428
Stage 9 at customer 2 with arrival time is: 203.587
Stage 9 at customer 2 with departure time is: 203.587
Stage 10 at customer 3 with arrival time is: 210.533
Stage 10 at customer 3 with departure time is: 210.533
Stage 11 at customer 1 with arrival time is: 248.777
Stage 11 at customer 1 with departure time is: 248.777
Stage 12 at customer 11 with arrival time is: 269.707
Stage 12 at customer 11 with departure time is: 269.707
Truck arcs:
Arc 1 connecting 0 and 4 with cost 40.7761 
Arc 2 connecting 4 and 5 with cost 8.78614 
Arc 3 connecting 5 and 6 with cost 1.0032 
Arc 4 connecting 6 and 8 with cost 24.8622 
Arc 5 connecting 8 and 7 with cost 26.0574 
Arc 6 connecting 7 and 10 with cost 43.846 
Arc 7 connecting 10 and 9 with cost 11.097 
Arc 8 connecting 9 and 2 with cost 47.1587 
Arc 9 connecting 2 and 3 with cost 6.94675 
Arc 10 connecting 3 and 1 with cost 38.2431 
Arc 11 connecting 1 and 11 with cost 20.9303 
Done!
-------------------------Re-calculated objective-----------------------
269.707
------------------------------------------------------------------------
Solve time: 4.95
OBJECTIVE VALUE: 269.707, NUMBER OF SORTIES: 0.
Number of revisit: 0
In write mode
