Instance name: /home/cuong/CLionProjects/uMV-FSTSP/50_dis_rand_ins/v53
Write arg val: 1

drone speed: 1 miles/minute
uav non-eligible customer: 11 
Printing tau:
0 13.0408 46.0619 45.6575 49.5279 52.5702 32.641 44.4563 46.1673 81.3767 82.3238 0 
13.0408 0 43.2735 42.6885 36.4872 39.5294 19.6002 43.5486 44.336 68.336 69.283 13.0408 
46.0619 43.2735 0 17.0672 35.5525 25.5225 39.7654 86.8221 87.6094 52.7865 53.7336 46.0619 
45.6575 42.6885 17.0672 0 34.9676 24.9375 39.1805 86.2372 87.0245 36.9593 36.6664 45.6575 
49.5279 36.4872 35.5525 34.9676 0 10.0301 16.8869 51.2695 52.0569 31.8488 32.7959 49.5279 
52.5702 39.5294 25.5225 24.9375 10.0301 0 19.9292 61.2996 62.087 28.8065 29.7536 52.5702 
32.641 19.6002 39.7654 39.1805 16.8869 19.9292 0 47.0567 47.844 48.7357 49.6828 32.641 
44.4563 43.5486 86.8221 86.2372 51.2695 61.2996 47.0567 0 1.71091 49.2779 51.5613 44.4563 
46.1673 44.336 87.6094 87.0245 52.0569 62.087 47.844 1.71091 0 50.0652 52.3486 46.1673 
81.3767 68.336 52.7865 36.9593 31.8488 28.8065 48.7357 49.2779 50.0652 0 2.28336 81.3767 
82.3238 69.283 53.7336 36.6664 32.7959 29.7536 49.6828 51.5613 52.3486 2.28336 0 82.3238 
0 0 0 0 0 0 0 0 0 0 0 0 
Printing tau_prime:
0 3.53613 14.3755 17.0877 13.4255 14.966 8.81482 15.9931 16.4693 21.6962 22.0165 0 
3.53613 0 12.1929 14.2455 9.88936 11.4902 5.27989 14.2387 14.6755 18.1839 18.4939 3.53613 
14.3755 12.1929 0 4.52829 10.9407 9.28621 10.599 23.4034 23.6939 17.1764 17.0421 14.3755 
17.0877 14.2455 4.52829 0 9.32882 6.86192 10.9476 22.8693 23.0763 13.6292 13.3819 17.0877 
13.4255 9.88936 10.9407 9.32882 0 2.77928 4.61506 13.6612 13.8324 8.46169 8.69667 13.4255 
14.966 11.4902 9.28621 6.86192 2.77928 0 6.49538 16.3963 16.5506 8.27696 8.30145 14.966 
8.81482 5.27989 10.599 10.9476 4.61506 6.49538 0 12.8651 13.1838 12.9364 13.2282 8.81482 
15.9931 14.2387 23.4034 22.8693 13.6612 16.3963 12.8651 0 0.499407 16.3274 16.9633 15.9931 
16.4693 14.6755 23.6939 23.0763 13.8324 16.5506 13.1838 0.499407 0 16.2298 16.8702 16.4693 
21.6962 18.1839 17.1764 13.6292 8.46169 8.27696 12.9364 16.3274 16.2298 0 0.655484 21.6962 
22.0165 18.4939 17.0421 13.3819 8.69667 8.30145 13.2282 16.9633 16.8702 0.655484 0 22.0165 
0 0 0 0 0 0 0 0 0 0 0 0 
Version identifier: 22.1.1.0 | 2022-11-28 | 9160aff4d
CPXPARAM_MIP_Tolerances_Integrality              0
Tried aggregator 1 time.
MIP Presolve eliminated 1 rows and 12 columns.
MIP Presolve modified 20 coefficients.
Reduced MIP has 122 rows, 120 columns, and 510 nonzeros.
Reduced MIP has 110 binaries, 0 generals, 0 SOSs, and 0 indicators.
Presolve time = 0.00 sec. (0.27 ticks)
Found incumbent of value 486.092500 after 0.00 sec. (0.75 ticks)
Probing time = 0.00 sec. (0.26 ticks)
Cover probing fixed 0 vars, tightened 10 bounds.
Tried aggregator 1 time.
Detecting symmetries...
MIP Presolve eliminated 10 rows and 0 columns.
MIP Presolve modified 180 coefficients.
Reduced MIP has 112 rows, 120 columns, and 490 nonzeros.
Reduced MIP has 110 binaries, 0 generals, 0 SOSs, and 0 indicators.
Presolve time = 0.00 sec. (0.35 ticks)
Probing time = 0.00 sec. (0.26 ticks)
Clique table members: 67.
MIP emphasis: balance optimality and feasibility.
MIP search method: dynamic search.
Parallel mode: deterministic, using up to 20 threads.
Root relaxation solution time = 0.00 sec. (0.23 ticks)

        Nodes                                         Cuts/
   Node  Left     Objective  IInf  Best Integer    Best Bound    ItCnt     Gap

*     0+    0                          486.0925        0.0000           100.00%
      0     0      138.6413    20      486.0925      138.6413       29   71.48%
*     0+    0                          252.9785      138.6413            45.20%
      0     0      233.3709    17      252.9785      Cuts: 25       54    7.75%
      0     0      233.3709    20      252.9785      Cuts: 35       69    7.75%
*     0+    0                          237.3299      233.3709             1.67%
      0     0        cutoff            237.3299      237.3299       69    0.00%
Elapsed time = 0.02 sec. (4.88 ticks, tree = 0.01 MB, solutions = 3)

Clique cuts applied:  4
Implied bound cuts applied:  6
Mixed integer rounding cuts applied:  4
Multi commodity flow cuts applied:  8
Gomory fractional cuts applied:  1

Root node processing (before b&c):
  Real time             =    0.02 sec. (4.89 ticks)
Parallel b&c, 20 threads:
  Real time             =    0.00 sec. (0.00 ticks)
  Sync time (average)   =    0.00 sec.
  Wait time (average)   =    0.00 sec.
                          ------------
Total (root+branch&cut) =    0.02 sec. (4.89 ticks)

TSP solution for this instance: 0 7 8 9 10 3 2 5 4 6 1 11 
12
Warmstart X[1][0] == 1
Warmstart X[2][7] == 1
Warmstart X[3][8] == 1
Warmstart X[4][9] == 1
Warmstart X[5][10] == 1
Warmstart X[6][3] == 1
Warmstart X[7][2] == 1
Warmstart X[8][5] == 1
Warmstart X[9][4] == 1
Warmstart X[10][6] == 1
Warmstart X[11][1] == 1
---------------------------------------------
Calculate max stage gap for sortie.... 
Stage gap calculation consumes too much memory. No constraint was added.
---------------------------------------------
Num constraint added = 5940
Warning:  Output names have been modified due to duplicate names or characters invalid in LP format.
Version identifier: 22.1.1.0 | 2022-11-28 | 9160aff4d
CPXPARAM_TimeLimit                               200
CPXPARAM_MIP_Tolerances_Integrality              0
1 of 1 MIP starts provided solutions.
MIP start 'm1' defined initial solution with objective 237.3299.
Tried aggregator 2 times.
MIP Presolve eliminated 6360 rows and 1291 columns.
MIP Presolve modified 2993 coefficients.
Aggregator did 42 substitutions.
Reduced MIP has 1461 rows, 3443 columns, and 39213 nonzeros.
Reduced MIP has 3422 binaries, 0 generals, 0 SOSs, and 0 indicators.
Presolve time = 0.04 sec. (111.73 ticks)
Probing fixed 235 vars, tightened 0 bounds.
Probing changed sense of 4 constraints.
Probing time = 0.05 sec. (143.33 ticks)
Tried aggregator 2 times.
Detecting symmetries...
MIP Presolve eliminated 98 rows and 268 columns.
MIP Presolve modified 272 coefficients.
Aggregator did 15 substitutions.
Reduced MIP has 1348 rows, 3160 columns, and 34260 nonzeros.
Reduced MIP has 3139 binaries, 0 generals, 0 SOSs, and 0 indicators.
Presolve time = 0.04 sec. (69.51 ticks)
Probing time = 0.00 sec. (6.25 ticks)
Clique table members: 12287.
MIP emphasis: balance optimality and feasibility.
MIP search method: dynamic search.
Parallel mode: deterministic, using up to 20 threads.
Root relaxation solution time = 0.13 sec. (258.48 ticks)

        Nodes                                         Cuts/
   Node  Left     Objective  IInf  Best Integer    Best Bound    ItCnt     Gap

*     0+    0                          237.3299       13.0408            94.51%
      0     0      117.0036   301      237.3299      117.0036       35   50.70%
      0     0      121.8433   319      237.3299      Cuts: 52     1421   48.66%
      0     0      123.2705   374      237.3299      Cuts: 18     1896   48.06%
      0     0      124.8059   368      237.3299       Cuts: 8     2418   47.41%
      0     0      125.0377   394      237.3299       Cuts: 6     2569   47.31%
      0     0      126.4580   360      237.3299      Cuts: 12     3289   46.72%
Detecting symmetries...
      0     0      128.0961   391      237.3299      Cuts: 26     4783   46.03%
      0     0      128.7209   407      237.3299      Cuts: 12     6228   45.76%
      0     0      129.0428   441      237.3299       Cuts: 8     6784   45.63%
      0     0      130.7701   434      237.3299      Cuts: 23     8385   44.90%
      0     0      131.3627   417      237.3299      Cuts: 10     9481   44.65%
      0     0      131.6582   413      237.3299       Cuts: 4    10084   44.53%
      0     0      132.1433   392      237.3299       Cuts: 4    10501   44.32%
      0     0      132.1865   410      237.3299   ZeroHalf: 2    10770   44.30%
      0     0      132.3264   448      237.3299       Cuts: 7    11031   44.24%
      0     0      132.4062   429      237.3299       Cuts: 6    11413   44.21%
      0     0      132.5557   453      237.3299   ZeroHalf: 9    11846   44.15%
      0     0      132.8192   461      237.3299       Cuts: 7    12281   44.04%
      0     0      132.9152   466      237.3299    Cliques: 1    12499   44.00%
Detecting symmetries...
      0     2      132.9152   466      237.3299      132.9152    12499   44.00%
Elapsed time = 2.87 sec. (5249.19 ticks, tree = 0.02 MB, solutions = 1)
      2     3      133.0149   445      237.3299      132.9214    13152   43.99%
     26     8    infeasible            237.3299      133.0185    19128   43.95%
    676    19        cutoff            237.3299      134.6266    67777   43.27%
    763    25      186.2908   109      237.3299      134.6266    87282   43.27%
   1137   148      170.3408   157      237.3299      136.3227   145119   42.56%
   1549   320      198.9115    28      237.3299      136.3227   204900   42.56%
   1840   440        cutoff            237.3299      136.3227   243591   42.56%
   1915   493    infeasible            237.3299      136.3227   278660   42.56%
   2010   436      204.2942   115      237.3299      136.3227   325885   42.56%
*  3391   728      integral     0      229.4926      136.3227   503093   40.60%
   3413   726      214.8022   143      229.4926      136.3227   500750   40.60%
Elapsed time = 5.70 sec. (8476.68 ticks, tree = 0.83 MB, solutions = 2)
   4125   903      188.4960   133      229.4926      136.3227   680093   40.60%
   4539  1287      200.5830    93      229.4926      138.8453   869148   39.50%
   5328  1762      201.3511   174      229.4926      138.8453  1111830   39.50%
   5794  2032      207.4957   173      229.4926      138.8453  1274824   39.50%
   6495  2363      189.1121   102      229.4926      138.8453  1493142   39.50%

Performing restart 1

Repeating presolve.
Tried aggregator 1 time.
MIP Presolve eliminated 11 rows and 20 columns.
MIP Presolve modified 10899 coefficients.
Reduced MIP has 1337 rows, 3140 columns, and 28932 nonzeros.
Reduced MIP has 3119 binaries, 0 generals, 0 SOSs, and 0 indicators.
Presolve time = 0.02 sec. (45.40 ticks)
Tried aggregator 1 time.
MIP Presolve eliminated 4 rows and 4 columns.
MIP Presolve modified 2 coefficients.
Reduced MIP has 1333 rows, 3136 columns, and 28859 nonzeros.
Reduced MIP has 3115 binaries, 0 generals, 0 SOSs, and 0 indicators.
Presolve time = 0.01 sec. (22.08 ticks)
Represolve time = 0.13 sec. (197.83 ticks)
   6880     0      134.0449   463      229.4926      Cuts: 23  1720909   39.50%
   6880     0      134.1091   472      229.4926      Cuts: 23  1721302   39.50%
   6880     0      134.1545   479      229.4926      Cuts: 24  1721602   39.50%
   6880     0      134.2365   510      229.4926      Cuts: 31  1721969   39.50%
   6880     2      134.2365   510      229.4926      138.8453  1721969   39.50%
   6881     3      134.2615   498      229.4926      138.8453  1722188   39.50%
   6884     4      134.3389   472      229.4926      138.8453  1722570   39.50%
   6888     4        cutoff            229.4926      138.8453  1735423   39.50%
   6898     5      134.3511   497      229.4926      138.8453  1729422   39.50%
Elapsed time = 18.19 sec. (29076.89 ticks, tree = 0.02 MB, solutions = 2)
   6926     9      188.0038   136      229.4926      138.8453  1755968   39.50%
   7110    16        cutoff            229.4926      138.8453  1816801   39.50%
   7181    27      181.2021   157      229.4926      138.8453  1828562   39.50%
   7341    60      206.9570   149      229.4926      138.8453  1865084   39.50%
   8794   342      193.7588   172      229.4926      138.8453  1933642   39.50%
  10309  1122        cutoff            229.4926      138.8453  2012008   39.50%
  10583  1175      217.6845    77      229.4926      138.8453  2066112   39.50%
  11518  1284      202.0999   240      229.4926      138.8453  2111900   39.50%
  12314  2104      200.9449   187      229.4926      138.8453  2210438   39.50%
  12491  2265      159.4631   233      229.4926      138.8453  2297433   39.50%
Elapsed time = 28.24 sec. (38662.83 ticks, tree = 17.06 MB, solutions = 2)
  14036  3094      208.5527   289      229.4926      138.8453  2364702   39.50%
  15398  4520    infeasible            229.4926      138.8453  2485809   39.50%

Performing restart 2

Repeating presolve.
Tried aggregator 1 time.
MIP Presolve eliminated 2 rows and 8 columns.
MIP Presolve modified 249 coefficients.
Reduced MIP has 1331 rows, 3128 columns, and 29497 nonzeros.
Reduced MIP has 3107 binaries, 0 generals, 0 SOSs, and 0 indicators.
Presolve time = 0.02 sec. (29.42 ticks)
Tried aggregator 1 time.
Reduced MIP has 1331 rows, 3128 columns, and 29497 nonzeros.
Reduced MIP has 3107 binaries, 0 generals, 0 SOSs, and 0 indicators.
Presolve time = 0.01 sec. (21.05 ticks)
Represolve time = 0.18 sec. (218.53 ticks)
  15439     0      135.0767   510      229.4926      Cuts: 30  2543006   39.50%
  15439     0      135.2036   527      229.4926      Cuts: 38  2543309   39.50%
  15439     0      135.3026   532      229.4926      Cuts: 31  2543580   39.50%
  15439     0      135.5847   509      229.4926      Cuts: 50  2543998   39.50%
  15439     0      135.8401   478      229.4926      Cuts: 27  2544631   39.50%
  15439     0      135.8888   481      229.4926      Cuts: 25  2544946   39.50%
  15439     0      135.9218   506      229.4926      Cuts: 29  2545204   39.50%
  15439     0      135.9781   494      229.4926      Cuts: 39  2545597   39.50%
  15439     0      136.4312   468      229.4926      Cuts: 29  2546922   39.50%
  15439     0      136.5809   500      229.4926      Cuts: 26  2548255   37.02%
  15439     2      136.5809   500      229.4926      144.5429  2548255   37.02%
  15501    14      196.8829   160      229.4926      144.5429  2568708   37.02%
  16279   339        cutoff            229.4926      144.5429  2714299   37.02%
  16654   194      197.8697   171      229.4926      144.5429  2807360   37.02%
  16936   226      196.5856   224      229.4926      144.5429  2892304   37.02%
  17718   388      208.4207    27      229.4926      144.5429  3000805   37.02%
  17914   532      198.4598    95      229.4926      144.5429  3128635   37.02%
  18365   586      219.2959    57      229.4926      144.5429  3195713   37.02%
Elapsed time = 43.90 sec. (60931.04 ticks, tree = 0.64 MB, solutions = 2)
  18646   827        cutoff            229.4926      144.5429  3369558   37.02%
  18890   864      202.3059   249      229.4926      144.5429  3448575   37.02%
  19509  1086    infeasible            229.4926      144.5429  3576064   37.02%
  19672  1230        cutoff            229.4926      144.5429  3730412   37.02%
  19929  1285      209.6207    91      229.4926      144.5429  3807374   37.02%
  20725  1446      199.6222   248      229.4926      144.5429  3895897   37.02%
  20889  1761        cutoff            229.4926      144.5429  4084970   37.02%
  21060  1780      213.9780   102      229.4926      144.5429  4127041   37.02%
  21414  1873      221.0041   183      229.4926      144.5429  4238698   37.02%
  22011  2087      191.9453   172      229.4926      144.5429  4368862   37.02%
Elapsed time = 53.86 sec. (70497.15 ticks, tree = 3.26 MB, solutions = 2)
  22166  2313      217.4604   161      229.4926      144.5429  4537321   37.02%
  22343  2366      216.5258   116      229.4926      166.4791  4634141   27.46%
  23039  2374      201.6019   126      229.4926      181.8509  4682326   20.76%
  23523  2850      227.0787   204      229.4926      181.8625  4982286   20.75%
  23749  2844        cutoff            229.4926      191.1887  5028016   16.69%
  24114  2882      221.8214    64      229.4926      194.7438  5136835   15.14%
  25380  2984      212.7145   162      229.4926      198.4366  5218627   13.53%
  25952  3431      222.1441   127      229.4926      201.4132  5482291   12.24%
  26318  3398      211.5714   112      229.4926      202.7699  5552575   11.64%
  26798  3295        cutoff            229.4926      203.2196  5678426   11.45%
Elapsed time = 63.86 sec. (80084.50 ticks, tree = 5.65 MB, solutions = 2)
  28551  3389        cutoff            229.4926      205.1989  5822269   10.59%
  29064  3784        cutoff            229.4926      205.7286  6016145   10.35%
  29480  3692      216.9906    91      229.4926      206.3647  6082672   10.08%
  30795  3491    infeasible            229.4926      208.8786  6310128    8.98%
  31581  3326        cutoff            229.4926      210.8331  6421856    8.13%
  33001  2878      224.0810   183      229.4926      212.7032  6585701    7.32%
  34561  1989    infeasible            229.4926      217.0416  6733198    5.43%

GUB cover cuts applied:  11
Clique cuts applied:  3
Cover cuts applied:  32
Mixed integer rounding cuts applied:  9
Zero-half cuts applied:  75
Lift and project cuts applied:  8

Root node processing (before b&c):
  Real time             =    2.80 sec. (5142.42 ticks)
Parallel b&c, 20 threads:
  Real time             =   68.69 sec. (82290.19 ticks)
  Sync time (average)   =   21.10 sec.
  Wait time (average)   =    0.03 sec.
                          ------------
Total (root+branch&cut) =   71.49 sec. (87432.61 ticks)
Feasible solution found!
Truck nodes:
Stage 1 at customer 0 with arrival time is: 0
Stage 1 at customer 0 with departure time is: 0
Stage 2 at customer 1 with arrival time is: 13.0408
Stage 2 at customer 1 with departure time is: 15.0947
Stage 3 at customer 2 with arrival time is: 58.3682
Stage 3 at customer 2 with departure time is: 59.3682
Stage 4 at customer 3 with arrival time is: 76.4354
Stage 4 at customer 3 with departure time is: 77.4354
Stage 5 at customer 10 with arrival time is: 114.102
Stage 5 at customer 10 with departure time is: 115.102
Stage 6 at customer 9 with arrival time is: 117.385
Stage 6 at customer 9 with departure time is: 133.26
Stage 7 at customer 8 with arrival time is: 183.325
Stage 7 at customer 8 with departure time is: 183.325
Stage 8 at customer 7 with arrival time is: 185.036
Stage 8 at customer 7 with departure time is: 185.036
Stage 9 at customer 11 with arrival time is: 229.493
Stage 9 at customer 11 with departure time is: 229.493
Truck arcs:
Arc 1 connecting 0 and 1 with cost 13.0408 
Arc 2 connecting 1 and 2 with cost 43.2735 
Arc 3 connecting 2 and 3 with cost 17.0672 
Arc 4 connecting 3 and 10 with cost 36.6664 
Arc 5 connecting 10 and 9 with cost 2.28336 
Arc 6 connecting 9 and 8 with cost 50.0652 
Arc 7 connecting 8 and 7 with cost 1.71091 
Arc 8 connecting 7 and 11 with cost 44.4563 
Customer 4 served by drone.
Drone fly from 10 at stage 5 to serve 4 and then fly back to 9 at stage 6. 
Truck arcs during this sortie: 10--->9
Truck travel time from stage 5 to 6 is: 2.28336
Total drone travel time: 17.1584
Drone arrival time: 132.26
Truck arrival time: 117.385
Truck departure time = max(d/a, t/a) plus (sl/sr): 133.26
Customer 5 served by drone.
Drone fly from 2 at stage 3 to serve 5 and then fly back to 3 at stage 4. 
Truck arcs during this sortie: 2--->3
Truck travel time from stage 3 to 4 is: 17.0672
Total drone travel time: 16.1481
Drone arrival time: 75.5163
Truck arrival time: 76.4354
Truck departure time = max(d/a, t/a) plus (sl/sr): 77.4354
Customer 6 served by drone.
Drone fly from 0 at stage 1 to serve 6 and then fly back to 1 at stage 2. 
Truck arcs during this sortie: 0--->1
Truck travel time from stage 1 to 2 is: 13.0408
Total drone travel time: 14.0947
Drone arrival time: 14.0947
Truck arrival time: 13.0408
Truck departure time = max(d/a, t/a) plus (sl/sr): 15.0947
Done!
-------------------------Re-calculated objective-----------------------
229.493
------------------------------------------------------------------------
Solve time: 71.49
OBJECTIVE VALUE: 229.493, NUMBER OF SORTIES: 3.
Number of revisit: 0
In write mode
