Instance name: /home/cuong/CLionProjects/uMV-FSTSP/50_dis_rand_ins/v81
Write arg val: 1

drone speed: 1 miles/minute
uav non-eligible customer: 11 
Printing tau:
0 4.02077 54.31 44.6704 67.4314 55.3475 62.3953 64.4709 49.8401 96.4007 105.709 0 
4.02077 0 54.523 46.5407 63.4106 51.3268 58.3745 60.4501 45.8193 92.3799 101.689 4.02077 
54.31 54.523 0 13.3252 50.5647 35.8613 60.3271 89.1915 88.4689 42.0907 54.7747 54.31 
44.6704 46.5407 13.3252 0 42.5823 27.8789 52.3448 81.2091 80.4866 55.4159 64.7245 44.6704 
67.4314 63.4106 50.5647 42.5823 0 14.7034 9.76243 38.6268 37.9043 28.9692 38.2779 67.4314 
55.3475 51.3268 35.8613 27.8789 14.7034 0 24.4658 53.3302 52.6077 41.0531 50.3618 55.3475 
62.3953 58.3745 60.3271 52.3448 9.76243 24.4658 0 28.8644 28.1418 34.0054 43.314 62.3953 
64.4709 60.4501 89.1915 81.2091 38.6268 53.3302 28.8644 0 14.6308 50.3696 41.2384 64.4709 
49.8401 45.8193 88.4689 80.4866 37.9043 52.6077 28.1418 14.6308 0 49.647 55.8692 49.8401 
96.4007 92.3799 42.0907 55.4159 28.9692 41.0531 34.0054 50.3696 49.647 0 15.9528 96.4007 
105.709 101.689 54.7747 64.7245 38.2779 50.3618 43.314 41.2384 55.8692 15.9528 0 105.709 
0 0 0 0 0 0 0 0 0 0 0 0 
Printing tau_prime:
0 1.17587 20.0579 16.0752 17.889 15.3368 16.6697 19.6501 16.2744 25.8238 28.0361 0 
1.17587 0 19.6683 15.7598 16.847 14.4817 15.5552 18.4783 15.1208 24.8472 26.9643 1.17587 
20.0579 19.6683 0 4.11885 13.8521 9.51313 16.1397 23.8034 23.4888 15.1835 19.9177 20.0579 
16.0752 15.7598 4.11885 0 13.2918 8.31589 14.9962 22.4163 21.471 16.8166 21.178 16.0752 
17.889 16.847 13.8521 13.2918 0 5.04658 2.91281 10.2725 11.0806 8.28873 10.2112 17.889 
15.3368 14.4817 9.51313 8.31589 5.04658 0 6.75129 14.3467 14.026 10.9141 14.2649 15.3368 
16.6697 15.5552 16.1397 14.9962 2.91281 6.75129 0 7.67359 8.1712 10.6689 11.5793 16.6697 
19.6501 18.4783 23.8034 22.4163 10.2725 14.3467 7.67359 0 3.88432 15.8137 14.2429 19.6501 
16.2744 15.1208 23.4888 21.471 11.0806 14.026 8.1712 3.88432 0 18.0482 17.3002 16.2744 
25.8238 24.8472 15.1835 16.8166 8.28873 10.9141 10.6689 15.8137 18.0482 0 4.89761 25.8238 
28.0361 26.9643 19.9177 21.178 10.2112 14.2649 11.5793 14.2429 17.3002 4.89761 0 28.0361 
0 0 0 0 0 0 0 0 0 0 0 0 
Version identifier: 22.1.1.0 | 2022-11-28 | 9160aff4d
CPXPARAM_MIP_Tolerances_Integrality              0
Tried aggregator 1 time.
MIP Presolve eliminated 1 rows and 12 columns.
MIP Presolve modified 20 coefficients.
Reduced MIP has 122 rows, 120 columns, and 510 nonzeros.
Reduced MIP has 110 binaries, 0 generals, 0 SOSs, and 0 indicators.
Presolve time = 0.00 sec. (0.27 ticks)
Found incumbent of value 531.885800 after 0.00 sec. (0.75 ticks)
Probing time = 0.00 sec. (0.26 ticks)
Cover probing fixed 0 vars, tightened 10 bounds.
Tried aggregator 1 time.
Detecting symmetries...
MIP Presolve eliminated 10 rows and 0 columns.
MIP Presolve modified 180 coefficients.
Reduced MIP has 112 rows, 120 columns, and 490 nonzeros.
Reduced MIP has 110 binaries, 0 generals, 0 SOSs, and 0 indicators.
Presolve time = 0.00 sec. (0.35 ticks)
Probing time = 0.00 sec. (0.26 ticks)
Clique table members: 67.
MIP emphasis: balance optimality and feasibility.
MIP search method: dynamic search.
Parallel mode: deterministic, using up to 20 threads.
Root relaxation solution time = 0.00 sec. (0.20 ticks)

        Nodes                                         Cuts/
   Node  Left     Objective  IInf  Best Integer    Best Bound    ItCnt     Gap

*     0+    0                          531.8858        0.0000           100.00%
      0     0      158.9858    19      531.8858      158.9858       22   70.11%
*     0+    0                          302.8283      158.9858            47.50%
      0     0      215.7660    18      302.8283      Cuts: 49       48   28.75%
*     0+    0                          291.8180      215.7660            26.06%
      0     0      215.7660    18      291.8180       Cuts: 9       52   26.06%
      0     0      215.7660    18      291.8180       Cuts: 5       55   26.06%
*     0+    0                          279.8635      215.7660            22.90%
*     0+    0                          273.9902      215.7660            21.25%
Detecting symmetries...
      0     2      215.7660    18      273.9902      215.7660       55   21.25%
Elapsed time = 0.03 sec. (7.91 ticks, tree = 0.02 MB, solutions = 5)

Clique cuts applied:  3
Implied bound cuts applied:  247
Mixed integer rounding cuts applied:  13
Multi commodity flow cuts applied:  2
Gomory fractional cuts applied:  1

Root node processing (before b&c):
  Real time             =    0.02 sec. (7.84 ticks)
Parallel b&c, 20 threads:
  Real time             =    0.02 sec. (8.63 ticks)
  Sync time (average)   =    0.01 sec.
  Wait time (average)   =    0.00 sec.
                          ------------
Total (root+branch&cut) =    0.04 sec. (16.47 ticks)

TSP solution for this instance: 0 1 8 7 10 9 6 4 5 2 3 11 
12
Warmstart X[1][0] == 1
Warmstart X[2][1] == 1
Warmstart X[3][8] == 1
Warmstart X[4][7] == 1
Warmstart X[5][10] == 1
Warmstart X[6][9] == 1
Warmstart X[7][6] == 1
Warmstart X[8][4] == 1
Warmstart X[9][5] == 1
Warmstart X[10][2] == 1
Warmstart X[11][3] == 1
---------------------------------------------
Calculate max stage gap for sortie.... 
Stage gap of 6 with smallest length = 20.1038 violated endurance constraint!
---------------------------------------------
Variable z[1][7] was set to 0.
Variable z[1][8] was set to 0.
Variable z[1][9] was set to 0.
Variable z[1][10] was set to 0.
Variable z[1][11] was set to 0.
Variable z[1][12] was set to 0.
Variable z[2][8] was set to 0.
Variable z[2][9] was set to 0.
Variable z[2][10] was set to 0.
Variable z[2][11] was set to 0.
Variable z[2][12] was set to 0.
Variable z[3][9] was set to 0.
Variable z[3][10] was set to 0.
Variable z[3][11] was set to 0.
Variable z[3][12] was set to 0.
Variable z[4][10] was set to 0.
Variable z[4][11] was set to 0.
Variable z[4][12] was set to 0.
Variable z[5][11] was set to 0.
Variable z[5][12] was set to 0.
Variable z[6][12] was set to 0.
Num constraint added = 5940
Warning:  Output names have been modified due to duplicate names or characters invalid in LP format.
Version identifier: 22.1.1.0 | 2022-11-28 | 9160aff4d
CPXPARAM_TimeLimit                               200
CPXPARAM_MIP_Tolerances_Integrality              0
1 of 1 MIP starts provided solutions.
MIP start 'm1' defined initial solution with objective 273.9902.
Tried aggregator 2 times.
MIP Presolve eliminated 7182 rows and 1930 columns.
MIP Presolve modified 2212 coefficients.
Aggregator did 42 substitutions.
Reduced MIP has 1392 rows, 2804 columns, and 40818 nonzeros.
Reduced MIP has 2783 binaries, 0 generals, 0 SOSs, and 0 indicators.
Presolve time = 0.04 sec. (108.96 ticks)
Probing fixed 343 vars, tightened 0 bounds.
Probing changed sense of 4 constraints.
Probing time = 0.04 sec. (89.07 ticks)
Cover probing fixed 0 vars, tightened 22 bounds.
Tried aggregator 2 times.
MIP Presolve eliminated 68 rows and 378 columns.
MIP Presolve modified 723 coefficients.
Aggregator did 13 substitutions.
Reduced MIP has 1281 rows, 2413 columns, and 30314 nonzeros.
Reduced MIP has 2392 binaries, 0 generals, 0 SOSs, and 0 indicators.
Presolve time = 0.02 sec. (49.79 ticks)
Probing time = 0.00 sec. (5.00 ticks)
Tried aggregator 1 time.
Detecting symmetries...
MIP Presolve modified 78 coefficients.
Reduced MIP has 1278 rows, 2413 columns, and 30236 nonzeros.
Reduced MIP has 2392 binaries, 0 generals, 0 SOSs, and 0 indicators.
Presolve time = 0.01 sec. (25.68 ticks)
Probing time = 0.00 sec. (4.96 ticks)
Clique table members: 12614.
MIP emphasis: balance optimality and feasibility.
MIP search method: dynamic search.
Parallel mode: deterministic, using up to 20 threads.
Root relaxation solution time = 0.13 sec. (257.77 ticks)

        Nodes                                         Cuts/
   Node  Left     Objective  IInf  Best Integer    Best Bound    ItCnt     Gap

*     0+    0                          273.9902        4.0208            98.53%
      0     0      159.4051   275      273.9902      159.4051       51   41.82%
      0     0      170.8527   302      273.9902      Cuts: 59     1918   37.64%
      0     0      173.3882   307      273.9902      Cuts: 37     2790   36.72%
      0     0      176.8794   353      273.9902      Cuts: 15     3499   35.44%
      0     0      177.6683   377      273.9902      Cuts: 49     3780   35.16%
      0     0      179.6961   311      273.9902      Cuts: 32     4437   34.42%
Detecting symmetries...
      0     0      179.9845   360      273.9902       Cuts: 7     4637   34.31%
      0     0      181.1554   368      273.9902  ZeroHalf: 15     4983   33.88%
      0     0      181.6508   363      273.9902   ZeroHalf: 6     5488   33.70%
      0     0      183.8660   317      273.9902      Cuts: 16     6315   32.89%
      0     0      185.4895   345      273.9902      Cuts: 25     6999   32.30%
      0     0      185.6650   364      273.9902   ZeroHalf: 2     7336   32.24%
      0     0      186.1825   404      273.9902       Cuts: 7     7722   32.05%
      0     0      186.9165   397      273.9902       Cuts: 5     8221   31.78%
      0     0      187.0208   410      273.9902       Cuts: 4     8368   31.74%
      0     0      187.1460   417      273.9902       Cuts: 3     8536   31.70%
Detecting symmetries...
      0     2      187.1460   417      273.9902      187.1460     8536   31.70%
Elapsed time = 1.86 sec. (3205.00 ticks, tree = 0.02 MB, solutions = 1)
      5     3      192.9784   305      273.9902      191.0382    12100   30.28%
     27    23      218.2747   124      273.9902      194.5128    22636   29.01%
    206    78      241.9374   158      273.9902      198.8957    52764   27.41%
    556   254      248.8467    65      273.9902      202.9028   123120   25.95%
*   634   312      integral     0      258.7488      204.1672   162305   21.09%
    754   314      240.5978   239      258.7488      208.6205   190369   19.37%
   1075   405      236.3243   149      258.7488      208.6205   227128   19.37%
   1370   543      228.2401   310      258.7488      208.6205   288816   19.37%
*  1395   588      integral     0      236.0133      210.2921   312910   10.90%
   1517   263        cutoff            236.0133      210.2921   369542   10.90%

GUB cover cuts applied:  10
Clique cuts applied:  1
Cover cuts applied:  46
Implied bound cuts applied:  5
Flow cuts applied:  1
Zero-half cuts applied:  34
Lift and project cuts applied:  2
Gomory fractional cuts applied:  2

Root node processing (before b&c):
  Real time             =    1.81 sec. (3132.38 ticks)
Parallel b&c, 20 threads:
  Real time             =    2.17 sec. (2536.25 ticks)
  Sync time (average)   =    0.82 sec.
  Wait time (average)   =    0.00 sec.
                          ------------
Total (root+branch&cut) =    3.98 sec. (5668.63 ticks)
Feasible solution found!
Truck nodes:
Stage 1 at customer 0 with arrival time is: 0
Stage 1 at customer 0 with departure time is: 0
Stage 2 at customer 1 with arrival time is: 4.02077
Stage 2 at customer 1 with departure time is: 4.02077
Stage 3 at customer 8 with arrival time is: 49.8401
Stage 3 at customer 8 with departure time is: 50.8401
Stage 4 at customer 7 with arrival time is: 65.4709
Stage 4 at customer 7 with departure time is: 67.6849
Stage 5 at customer 10 with arrival time is: 108.923
Stage 5 at customer 10 with departure time is: 109.923
Stage 6 at customer 9 with arrival time is: 125.876
Stage 6 at customer 9 with departure time is: 129.423
Stage 7 at customer 2 with arrival time is: 171.514
Stage 7 at customer 2 with departure time is: 172.514
Stage 8 at customer 3 with arrival time is: 185.839
Stage 8 at customer 3 with departure time is: 191.343
Stage 9 at customer 11 with arrival time is: 236.013
Stage 9 at customer 11 with departure time is: 236.013
Truck arcs:
Arc 1 connecting 0 and 1 with cost 4.02077 
Arc 2 connecting 1 and 8 with cost 45.8193 
Arc 3 connecting 8 and 7 with cost 14.6308 
Arc 4 connecting 7 and 10 with cost 41.2384 
Arc 5 connecting 10 and 9 with cost 15.9528 
Arc 6 connecting 9 and 2 with cost 42.0907 
Arc 7 connecting 2 and 3 with cost 13.3252 
Arc 8 connecting 3 and 11 with cost 44.6704 
Customer 4 served by drone.
Drone fly from 10 at stage 5 to serve 4 and then fly back to 9 at stage 6. 
Truck arcs during this sortie: 10--->9
Truck travel time from stage 5 to 6 is: 15.9528
Total drone travel time: 18.4999
Drone arrival time: 128.423
Truck arrival time: 125.876
Truck departure time = max(d/a, t/a) plus (sl/sr): 129.423
Customer 5 served by drone.
Drone fly from 2 at stage 7 to serve 5 and then fly back to 3 at stage 8. 
Truck arcs during this sortie: 2--->3
Truck travel time from stage 7 to 8 is: 13.3252
Total drone travel time: 17.829
Drone arrival time: 190.343
Truck arrival time: 185.839
Truck departure time = max(d/a, t/a) plus (sl/sr): 191.343
Customer 6 served by drone.
Drone fly from 8 at stage 3 to serve 6 and then fly back to 7 at stage 4. 
Truck arcs during this sortie: 8--->7
Truck travel time from stage 3 to 4 is: 14.6308
Total drone travel time: 15.8448
Drone arrival time: 66.6849
Truck arrival time: 65.4709
Truck departure time = max(d/a, t/a) plus (sl/sr): 67.6849
Done!
-------------------------Re-calculated objective-----------------------
236.013
------------------------------------------------------------------------
Solve time: 3.985
OBJECTIVE VALUE: 236.013, NUMBER OF SORTIES: 3.
Number of revisit: 0
In write mode
