Instance name: /home/cuong/CLionProjects/uMV-FSTSP/50_dis_rand_ins/v82
Write arg val: 1

drone speed: 1 miles/minute
uav non-eligible customer: 4 10 11 
Printing tau:
0 23.4112 62.6141 60.0351 59.3579 62.0727 65.7295 64.8064 66.8444 99.9103 112.372 0 
23.4112 0 48.1421 62.5266 35.9467 38.6614 42.3183 41.3952 48.3726 76.4991 88.961 23.4112 
62.6141 48.1421 0 14.3845 56.0615 49.1374 32.3377 74.1401 96.5147 41.7905 49.7581 62.6141 
60.0351 62.5266 14.3845 0 70.446 63.5219 46.7221 88.5246 110.899 56.175 52.337 60.0351 
59.3579 35.9467 56.0615 70.446 0 6.92415 23.7239 18.0786 40.4532 40.5524 53.0143 59.3579 
62.0727 38.6614 49.1374 63.5219 6.92415 0 16.7997 25.0027 47.3773 37.8377 50.2995 62.0727 
65.7295 42.3183 32.3377 46.7221 23.7239 16.7997 0 41.8025 64.177 34.1808 46.6427 65.7295 
64.8064 41.3952 74.1401 88.5246 18.0786 25.0027 41.8025 0 22.3746 35.1039 47.5658 64.8064 
66.8444 48.3726 96.5147 110.899 40.4532 47.3773 64.177 22.3746 0 54.7242 64.9251 66.8444 
99.9103 76.4991 41.7905 56.175 40.5524 37.8377 34.1808 35.1039 54.7242 0 12.4619 99.9103 
112.372 88.961 49.7581 52.337 53.0143 50.2995 46.6427 47.5658 64.9251 12.4619 0 112.372 
0 0 0 0 0 0 0 0 0 0 0 0 
Printing tau_prime:
0 6.50713 19.8147 21.6202 16.2525 16.6078 17.5725 19.3269 23.0769 26.4941 29.8968 0 
6.50713 0 16.4627 19.2147 9.76038 10.2551 11.9783 12.9618 17.2385 20.3547 23.9942 6.50713 
19.8147 16.4627 0 3.87508 14.8906 13.0303 8.61452 19.668 25.6169 14.8527 15.6285 19.8147 
21.6202 19.2147 3.87508 0 18.6807 16.8524 12.4808 23.5077 29.462 18.2669 18.4719 21.6202 
16.2525 9.76038 14.8906 18.6807 0 1.97212 6.51367 5.00679 10.9089 11.3995 15.483 16.2525 
16.6078 10.2551 13.0303 16.8524 1.97212 0 4.55901 6.66936 12.6264 10.2206 14.126 16.6078 
17.5725 11.9783 8.61452 12.4808 6.51367 4.55901 0 11.0873 17.0201 9.40378 12.3696 17.5725 
19.3269 12.9618 19.668 23.5077 5.00679 6.66936 11.0873 0 5.95751 12.6581 16.923 19.3269 
23.0769 17.2385 25.6169 29.462 10.9089 12.6264 17.0201 5.95751 0 16.9542 21.0268 23.0769 
26.4941 20.3547 14.8527 18.2669 11.3995 10.2206 9.40378 12.6581 16.9542 0 4.27036 26.4941 
29.8968 23.9942 15.6285 18.4719 15.483 14.126 12.3696 16.923 21.0268 4.27036 0 29.8968 
0 0 0 0 0 0 0 0 0 0 0 0 
Version identifier: 22.1.1.0 | 2022-11-28 | 9160aff4d
CPXPARAM_MIP_Tolerances_Integrality              0
Tried aggregator 1 time.
MIP Presolve eliminated 1 rows and 12 columns.
MIP Presolve modified 20 coefficients.
Reduced MIP has 122 rows, 120 columns, and 510 nonzeros.
Reduced MIP has 110 binaries, 0 generals, 0 SOSs, and 0 indicators.
Presolve time = 0.00 sec. (0.27 ticks)
Found incumbent of value 566.280900 after 0.00 sec. (0.75 ticks)
Probing time = 0.00 sec. (0.26 ticks)
Cover probing fixed 0 vars, tightened 10 bounds.
Tried aggregator 1 time.
Detecting symmetries...
MIP Presolve eliminated 10 rows and 0 columns.
MIP Presolve modified 180 coefficients.
Reduced MIP has 112 rows, 120 columns, and 490 nonzeros.
Reduced MIP has 110 binaries, 0 generals, 0 SOSs, and 0 indicators.
Presolve time = 0.00 sec. (0.35 ticks)
Probing time = 0.00 sec. (0.26 ticks)
Clique table members: 67.
MIP emphasis: balance optimality and feasibility.
MIP search method: dynamic search.
Parallel mode: deterministic, using up to 20 threads.
Root relaxation solution time = 0.00 sec. (0.21 ticks)

        Nodes                                         Cuts/
   Node  Left     Objective  IInf  Best Integer    Best Bound    ItCnt     Gap

*     0+    0                          566.2809        0.0000           100.00%
      0     0      208.8558    21      566.2809      208.8558       25   63.12%
*     0+    0                          327.3364      208.8558            36.20%
      0     0      277.2448    18      327.3364      Cuts: 33       43   15.30%
      0     0      277.2448    18      327.3364      Cuts: 36       50   15.30%
      0     0      277.2448    18      327.3364    MIRcuts: 2       53   15.30%
*     0+    0                          306.7812      277.2448             9.63%
      0     0        cutoff            306.7812      306.7812       53    0.00%
Elapsed time = 0.02 sec. (8.42 ticks, tree = 0.01 MB, solutions = 3)

Clique cuts applied:  3
Implied bound cuts applied:  4
Mixed integer rounding cuts applied:  6
Multi commodity flow cuts applied:  6
Lift and project cuts applied:  1
Gomory fractional cuts applied:  2

Root node processing (before b&c):
  Real time             =    0.02 sec. (8.43 ticks)
Parallel b&c, 20 threads:
  Real time             =    0.00 sec. (0.00 ticks)
  Sync time (average)   =    0.00 sec.
  Wait time (average)   =    0.00 sec.
                          ------------
Total (root+branch&cut) =    0.02 sec. (8.43 ticks)

TSP solution for this instance: 0 1 8 7 4 5 6 9 10 2 3 11 
12
Warmstart X[1][0] == 1
Warmstart X[2][1] == 1
Warmstart X[3][8] == 1
Warmstart X[4][7] == 1
Warmstart X[5][4] == 1
Warmstart X[6][5] == 1
Warmstart X[7][6] == 1
Warmstart X[8][9] == 1
Warmstart X[9][10] == 1
Warmstart X[10][2] == 1
Warmstart X[11][3] == 1
---------------------------------------------
Calculate max stage gap for sortie.... 
Stage gap of 3 with smallest length = 20.7724 violated endurance constraint!
---------------------------------------------
Variable z[1][4] was set to 0.
Variable z[1][5] was set to 0.
Variable z[1][6] was set to 0.
Variable z[1][7] was set to 0.
Variable z[1][8] was set to 0.
Variable z[1][9] was set to 0.
Variable z[1][10] was set to 0.
Variable z[1][11] was set to 0.
Variable z[1][12] was set to 0.
Variable z[2][5] was set to 0.
Variable z[2][6] was set to 0.
Variable z[2][7] was set to 0.
Variable z[2][8] was set to 0.
Variable z[2][9] was set to 0.
Variable z[2][10] was set to 0.
Variable z[2][11] was set to 0.
Variable z[2][12] was set to 0.
Variable z[3][6] was set to 0.
Variable z[3][7] was set to 0.
Variable z[3][8] was set to 0.
Variable z[3][9] was set to 0.
Variable z[3][10] was set to 0.
Variable z[3][11] was set to 0.
Variable z[3][12] was set to 0.
Variable z[4][7] was set to 0.
Variable z[4][8] was set to 0.
Variable z[4][9] was set to 0.
Variable z[4][10] was set to 0.
Variable z[4][11] was set to 0.
Variable z[4][12] was set to 0.
Variable z[5][8] was set to 0.
Variable z[5][9] was set to 0.
Variable z[5][10] was set to 0.
Variable z[5][11] was set to 0.
Variable z[5][12] was set to 0.
Variable z[6][9] was set to 0.
Variable z[6][10] was set to 0.
Variable z[6][11] was set to 0.
Variable z[6][12] was set to 0.
Variable z[7][10] was set to 0.
Variable z[7][11] was set to 0.
Variable z[7][12] was set to 0.
Variable z[8][11] was set to 0.
Variable z[8][12] was set to 0.
Variable z[9][12] was set to 0.
Num constraint added = 4752
Warning:  Output names have been modified due to duplicate names or characters invalid in LP format.
Version identifier: 22.1.1.0 | 2022-11-28 | 9160aff4d
CPXPARAM_TimeLimit                               200
CPXPARAM_MIP_Tolerances_Integrality              0
1 of 1 MIP starts provided solutions.
MIP start 'm1' defined initial solution with objective 306.7812.
Tried aggregator 3 times.
MIP Presolve eliminated 6529 rows and 2472 columns.
MIP Presolve modified 1817 coefficients.
Aggregator did 40 substitutions.
Reduced MIP has 1209 rows, 2264 columns, and 46147 nonzeros.
Reduced MIP has 2243 binaries, 0 generals, 0 SOSs, and 0 indicators.
Presolve time = 0.07 sec. (189.82 ticks)
Probing fixed 214 vars, tightened 0 bounds.
Probing changed sense of 8 constraints.
Probing time = 0.03 sec. (69.37 ticks)
Tried aggregator 2 times.
MIP Presolve eliminated 25 rows and 220 columns.
MIP Presolve modified 110 coefficients.
Aggregator did 12 substitutions.
Reduced MIP has 1169 rows, 2032 columns, and 39704 nonzeros.
Reduced MIP has 2011 binaries, 0 generals, 0 SOSs, and 0 indicators.
Presolve time = 0.03 sec. (58.52 ticks)
Probing time = 0.00 sec. (4.96 ticks)
Tried aggregator 1 time.
Detecting symmetries...
MIP Presolve modified 40 coefficients.
Reduced MIP has 1167 rows, 2032 columns, and 39664 nonzeros.
Reduced MIP has 2011 binaries, 0 generals, 0 SOSs, and 0 indicators.
Presolve time = 0.02 sec. (37.70 ticks)
Probing time = 0.00 sec. (5.04 ticks)
Clique table members: 10667.
MIP emphasis: balance optimality and feasibility.
MIP search method: dynamic search.
Parallel mode: deterministic, using up to 20 threads.
Root relaxation solution time = 0.12 sec. (253.49 ticks)

        Nodes                                         Cuts/
   Node  Left     Objective  IInf  Best Integer    Best Bound    ItCnt     Gap

*     0+    0                          306.7812        0.0000           100.00%
      0     0      194.2567   308      306.7812      194.2567       35   36.68%
*     0+    0                          285.4109      194.2567            31.94%
      0     0      217.1449   329      285.4109      Cuts: 24     2554   23.92%
*     0+    0                          275.6711      217.1449            21.23%
      0     0      242.4082   234      275.6711      Cuts: 55     4058   12.07%
      0     0      244.0130   254      275.6711  ZeroHalf: 42     5439   11.31%
*     0+    0                          271.1768      244.4975             9.84%
      0     0      244.9898   207      271.1768      Cuts: 39     6215    9.66%
      0     0      245.1430   186      271.1768      Cuts: 36     6647    9.60%
Detecting symmetries...
      0     0      245.3744    96      271.1768      Cuts: 46     7284    9.51%
      0     0      245.3744    71      271.1768       Cuts: 6     7586    9.51%
      0     0      245.3759   300      271.1768   ZeroHalf: 9     8163    9.51%
      0     0      245.4406   277      271.1768       Cuts: 8     8370    9.49%
      0     0      245.4656   295      271.1768      Cuts: 24     8482    9.48%
      0     0      245.4702   328      271.1768   ZeroHalf: 4     8556    9.48%
Detecting symmetries...
      0     2      245.4702   331      271.1768      245.4702     8564    9.48%
Elapsed time = 1.52 sec. (2884.27 ticks, tree = 0.02 MB, solutions = 4)
     13     3      246.9975   314      271.1768      245.5046    10698    9.47%
    258    13    infeasible            271.1768      245.9474    39650    9.30%
    407     5      249.2163   245      271.1768      246.2039    51244    9.21%
*   654+   49                          266.9674      254.8629             4.53%

GUB cover cuts applied:  5
Clique cuts applied:  3
Cover cuts applied:  26
Implied bound cuts applied:  26
Flow cuts applied:  2
Mixed integer rounding cuts applied:  1
Zero-half cuts applied:  35
Lift and project cuts applied:  2
Gomory fractional cuts applied:  3

Root node processing (before b&c):
  Real time             =    1.48 sec. (2816.76 ticks)
Parallel b&c, 20 threads:
  Real time             =    0.74 sec. (1024.49 ticks)
  Sync time (average)   =    0.52 sec.
  Wait time (average)   =    0.00 sec.
                          ------------
Total (root+branch&cut) =    2.22 sec. (3841.24 ticks)
Feasible solution found!
Truck nodes:
Stage 1 at customer 0 with arrival time is: 0
Stage 1 at customer 0 with departure time is: 0
Stage 2 at customer 1 with arrival time is: 23.4112
Stage 2 at customer 1 with departure time is: 23.4112
Stage 3 at customer 5 with arrival time is: 62.0726
Stage 3 at customer 5 with departure time is: 63.0726
Stage 4 at customer 4 with arrival time is: 69.9968
Stage 4 at customer 4 with departure time is: 76.1453
Stage 5 at customer 7 with arrival time is: 94.2239
Stage 5 at customer 7 with departure time is: 95.2239
Stage 6 at customer 9 with arrival time is: 130.328
Stage 6 at customer 9 with departure time is: 130.328
Stage 7 at customer 10 with arrival time is: 142.79
Stage 7 at customer 10 with departure time is: 142.79
Stage 8 at customer 2 with arrival time is: 192.548
Stage 8 at customer 2 with departure time is: 192.548
Stage 9 at customer 3 with arrival time is: 206.932
Stage 9 at customer 3 with departure time is: 206.932
Stage 10 at customer 11 with arrival time is: 266.967
Stage 10 at customer 11 with departure time is: 266.967
Truck arcs:
Arc 1 connecting 0 and 1 with cost 23.4112 
Arc 2 connecting 1 and 5 with cost 38.6614 
Arc 3 connecting 5 and 4 with cost 6.92415 
Arc 4 connecting 4 and 7 with cost 18.0786 
Arc 5 connecting 7 and 9 with cost 35.1039 
Arc 6 connecting 9 and 10 with cost 12.4619 
Arc 7 connecting 10 and 2 with cost 49.7581 
Arc 8 connecting 2 and 3 with cost 14.3845 
Arc 9 connecting 3 and 11 with cost 60.0351 
Customer 6 served by drone.
Drone fly from 5 at stage 3 to serve 6 and then fly back to 4 at stage 4. 
Truck arcs during this sortie: 5--->4
Truck travel time from stage 3 to 4 is: 6.92415
Total drone travel time: 11.0727
Drone arrival time: 74.1453
Truck arrival time: 69.9968
Truck departure time = max(d/a, t/a) plus (sl/sr): 76.1453
Customer 8 served by drone.
Drone fly from 4 at stage 4 to serve 8 and then fly back to 7 at stage 5. 
Truck arcs during this sortie: 4--->7
Truck travel time from stage 4 to 5 is: 18.0786
Total drone travel time: 16.8664
Drone arrival time: 93.0117
Truck arrival time: 94.2239
Truck departure time = max(d/a, t/a) plus (sl/sr): 95.2239
Done!
-------------------------Re-calculated objective-----------------------
266.967
------------------------------------------------------------------------
Solve time: 2.226
OBJECTIVE VALUE: 266.967, NUMBER OF SORTIES: 2.
Number of revisit: 0
In write mode
