Instance name: /home/cuong/CLionProjects/uMV-FSTSP/50_dis_rand_ins/v88
Write arg val: 1

drone speed: 1 miles/minute
uav non-eligible customer: 1 7 11 
Printing tau:
0 4.70848 51.0652 58.8982 44.9858 46.0569 45.9494 56.1943 45.6069 83.9896 84.2937 0 
4.70848 0 47.2236 56.5972 40.2774 41.3484 41.2409 58.4953 44.5084 79.2811 79.5852 4.70848 
51.0652 47.2236 0 9.37364 30.3415 35.8762 55.0961 105.719 91.732 59.6506 33.2285 51.0652 
58.8982 56.5972 9.37364 0 39.7151 45.2498 64.4697 115.093 101.106 69.0242 39.2896 58.8982 
44.9858 40.2774 30.3415 39.7151 0 5.53471 24.7546 75.3774 61.3906 39.0037 39.3079 44.9858 
46.0569 41.3484 35.8762 45.2498 5.53471 0 19.2199 69.8427 55.8559 37.9327 38.2368 46.0569 
45.9494 41.2409 55.0961 64.4697 24.7546 19.2199 0 50.6228 36.636 38.0402 38.3443 45.9494 
56.1943 58.4953 105.719 115.093 75.3774 69.8427 50.6228 0 13.9869 46.0683 75.8029 56.1943 
45.6069 44.5084 91.732 101.106 61.3906 55.8559 36.636 13.9869 0 38.3827 61.8161 45.6069 
83.9896 79.2811 59.6506 69.0242 39.0037 37.9327 38.0402 46.0683 38.3827 0 29.7346 83.9896 
84.2937 79.5852 33.2285 39.2896 39.3079 38.2368 38.3443 75.8029 61.8161 29.7346 0 84.2937 
0 0 0 0 0 0 0 0 0 0 0 0 
Printing tau_prime:
0 1.38963 18.8628 20.7538 12.9679 12.7376 12.2734 18.5478 16.4775 22.4324 22.9485 0 
1.38963 0 17.5471 19.4798 11.5804 11.3695 11.1331 18.3455 16.0281 21.2793 21.5965 1.38963 
18.8628 17.5471 0 2.4888 8.20541 9.60536 14.6724 28.1438 24.3672 18.0667 11.8559 18.8628 
20.7538 19.4798 2.4888 0 10.6737 12.0866 17.1594 30.631 26.8559 20.2241 13.5629 20.7538 
12.9679 11.5804 8.20541 10.6737 0 1.49484 6.56903 20.007 16.2795 12.937 10.4237 12.9679 
12.7376 11.3695 9.60536 12.0866 1.49484 0 5.09652 18.5566 14.8115 11.8707 10.2615 12.7376 
12.2734 11.1331 14.6724 17.1594 6.56903 5.09652 0 13.4717 9.715 10.159 12.1639 12.2734 
18.5478 18.3455 28.1438 30.631 20.007 18.5566 13.4717 0 3.85419 16.5907 23.0623 18.5478 
16.4775 16.0281 24.3672 26.8559 16.2795 14.8115 9.715 3.85419 0 13.2648 19.3369 16.4775 
22.4324 21.2793 18.0667 20.2241 12.937 11.8707 10.159 16.5907 13.2648 0 7.88499 22.4324 
22.9485 21.5965 11.8559 13.5629 10.4237 10.2615 12.1639 23.0623 19.3369 7.88499 0 22.9485 
0 0 0 0 0 0 0 0 0 0 0 0 
Version identifier: 22.1.1.0 | 2022-11-28 | 9160aff4d
CPXPARAM_MIP_Tolerances_Integrality              0
Tried aggregator 1 time.
MIP Presolve eliminated 1 rows and 12 columns.
MIP Presolve modified 20 coefficients.
Reduced MIP has 122 rows, 120 columns, and 510 nonzeros.
Reduced MIP has 110 binaries, 0 generals, 0 SOSs, and 0 indicators.
Presolve time = 0.00 sec. (0.27 ticks)
Found incumbent of value 550.760400 after 0.00 sec. (0.75 ticks)
Probing time = 0.00 sec. (0.26 ticks)
Cover probing fixed 0 vars, tightened 10 bounds.
Tried aggregator 1 time.
Detecting symmetries...
MIP Presolve eliminated 10 rows and 0 columns.
MIP Presolve modified 180 coefficients.
Reduced MIP has 112 rows, 120 columns, and 490 nonzeros.
Reduced MIP has 110 binaries, 0 generals, 0 SOSs, and 0 indicators.
Presolve time = 0.00 sec. (0.35 ticks)
Probing time = 0.00 sec. (0.26 ticks)
Clique table members: 67.
MIP emphasis: balance optimality and feasibility.
MIP search method: dynamic search.
Parallel mode: deterministic, using up to 20 threads.
Root relaxation solution time = 0.00 sec. (0.23 ticks)

        Nodes                                         Cuts/
   Node  Left     Objective  IInf  Best Integer    Best Bound    ItCnt     Gap

*     0+    0                          550.7604        0.0000           100.00%
      0     0      179.5151    22      550.7604      179.5151       29   67.41%
*     0+    0                          302.5004      179.5151            40.66%
      0     0      239.2558    18      302.5004      Cuts: 27       46   20.91%
      0     0      239.2904    20      302.5004      Cuts: 35       60   20.90%
      0     0      239.2904    20      302.5004      Cuts: 21       66   20.90%
      0     0      239.2904    20      302.5004   MIRcuts: 21       70   20.90%
*     0+    0                          285.1054      239.2904            16.07%
      0     0        cutoff            285.1054      285.1054       70    0.00%
Elapsed time = 0.02 sec. (8.01 ticks, tree = 0.01 MB, solutions = 3)

Clique cuts applied:  3
Mixed integer rounding cuts applied:  6
Gomory fractional cuts applied:  2

Root node processing (before b&c):
  Real time             =    0.02 sec. (8.02 ticks)
Parallel b&c, 20 threads:
  Real time             =    0.00 sec. (0.00 ticks)
  Sync time (average)   =    0.00 sec.
  Wait time (average)   =    0.00 sec.
                          ------------
Total (root+branch&cut) =    0.02 sec. (8.02 ticks)

TSP solution for this instance: 0 8 7 9 10 3 2 4 5 6 1 11 
12
Warmstart X[1][0] == 1
Warmstart X[2][8] == 1
Warmstart X[3][7] == 1
Warmstart X[4][9] == 1
Warmstart X[5][10] == 1
Warmstart X[6][3] == 1
Warmstart X[7][2] == 1
Warmstart X[8][4] == 1
Warmstart X[9][5] == 1
Warmstart X[10][6] == 1
Warmstart X[11][1] == 1
---------------------------------------------
Calculate max stage gap for sortie.... 
Stage gap of 6 with smallest length = 23.5424 violated endurance constraint!
---------------------------------------------
Variable z[1][7] was set to 0.
Variable z[1][8] was set to 0.
Variable z[1][9] was set to 0.
Variable z[1][10] was set to 0.
Variable z[1][11] was set to 0.
Variable z[1][12] was set to 0.
Variable z[2][8] was set to 0.
Variable z[2][9] was set to 0.
Variable z[2][10] was set to 0.
Variable z[2][11] was set to 0.
Variable z[2][12] was set to 0.
Variable z[3][9] was set to 0.
Variable z[3][10] was set to 0.
Variable z[3][11] was set to 0.
Variable z[3][12] was set to 0.
Variable z[4][10] was set to 0.
Variable z[4][11] was set to 0.
Variable z[4][12] was set to 0.
Variable z[5][11] was set to 0.
Variable z[5][12] was set to 0.
Variable z[6][12] was set to 0.
Num constraint added = 4752
Warning:  Output names have been modified due to duplicate names or characters invalid in LP format.
Version identifier: 22.1.1.0 | 2022-11-28 | 9160aff4d
CPXPARAM_TimeLimit                               200
CPXPARAM_MIP_Tolerances_Integrality              0
1 of 1 MIP starts provided solutions.
MIP start 'm1' defined initial solution with objective 285.1054.
Tried aggregator 2 times.
MIP Presolve eliminated 6102 rows and 2217 columns.
MIP Presolve modified 1863 coefficients.
Aggregator did 33 substitutions.
Reduced MIP has 1271 rows, 2526 columns, and 35743 nonzeros.
Reduced MIP has 2505 binaries, 0 generals, 0 SOSs, and 0 indicators.
Presolve time = 0.04 sec. (108.24 ticks)
Probing fixed 238 vars, tightened 0 bounds.
Probing changed sense of 4 constraints.
Probing time = 0.03 sec. (74.48 ticks)
Cover probing fixed 0 vars, tightened 22 bounds.
Tried aggregator 2 times.
MIP Presolve eliminated 62 rows and 238 columns.
MIP Presolve modified 286 coefficients.
Aggregator did 18 substitutions.
Reduced MIP has 1191 rows, 2270 columns, and 28816 nonzeros.
Reduced MIP has 2249 binaries, 0 generals, 0 SOSs, and 0 indicators.
Presolve time = 0.02 sec. (41.71 ticks)
Probing time = 0.00 sec. (5.03 ticks)
Tried aggregator 1 time.
Detecting symmetries...
Reduced MIP has 1191 rows, 2270 columns, and 28816 nonzeros.
Reduced MIP has 2249 binaries, 0 generals, 0 SOSs, and 0 indicators.
Presolve time = 0.01 sec. (24.70 ticks)
Probing time = 0.00 sec. (5.00 ticks)
Clique table members: 10148.
MIP emphasis: balance optimality and feasibility.
MIP search method: dynamic search.
Parallel mode: deterministic, using up to 20 threads.
Root relaxation solution time = 0.10 sec. (229.65 ticks)

        Nodes                                         Cuts/
   Node  Left     Objective  IInf  Best Integer    Best Bound    ItCnt     Gap

*     0+    0                          285.1054        4.7085            98.35%
      0     0      164.8077   335      285.1054      164.8077       40   42.19%
      0     0      176.1051   271      285.1054      Cuts: 52     1671   38.23%
      0     0      183.7231   300      285.1054      Cuts: 48     2840   35.56%
      0     0      189.2304   325      285.1054      Cuts: 19     3696   33.63%
      0     0      189.5161   276      285.1054      Cuts: 18     4103   33.53%
      0     0      189.5706   312      285.1054   ZeroHalf: 1     4192   33.51%
Detecting symmetries...
      0     0      189.8041   352      285.1054   ZeroHalf: 1     4534   33.43%
Detecting symmetries...
      0     2      189.8041   352      285.1054      190.3472     4534   33.24%
Elapsed time = 1.17 sec. (1967.02 ticks, tree = 0.02 MB, solutions = 1)
      2     3      190.3872   262      285.1054      190.3472     5115   33.24%
     16    14      235.9568   107      285.1054      195.3032    10420   31.50%
    318   139      251.4034   217      285.1054      201.4816    59103   29.33%
    452   193      255.5315   203      285.1054      203.3782    93790   28.67%
    684   305      223.7809   185      285.1054      203.3782   149842   28.67%
    970   468      241.1999   149      285.1054      203.3782   217905   28.67%
   1321   612      278.6853    62      285.1054      203.3782   274135   28.67%
*  1411   737      integral     0      283.7377      204.8115   320060   27.82%
   1530   758      263.6872   151      283.7377      204.8115   332626   27.82%
   1956   871      257.9994    93      283.7377      227.3266   375366   19.88%
*  2139+ 1019                          277.4364      227.7937            17.89%
   3828  1469      256.1210    78      277.4364      241.4322   649554   12.98%
Elapsed time = 4.04 sec. (5168.50 ticks, tree = 1.70 MB, solutions = 3)
   6217  1863      255.2317    38      277.4364      248.7851   918050   10.33%

Performing restart 1

Repeating presolve.
Tried aggregator 1 time.
MIP Presolve eliminated 10 rows and 39 columns.
MIP Presolve modified 5756 coefficients.
Reduced MIP has 1181 rows, 2231 columns, and 25630 nonzeros.
Reduced MIP has 2210 binaries, 0 generals, 0 SOSs, and 0 indicators.
Presolve time = 0.02 sec. (36.97 ticks)
Tried aggregator 1 time.
MIP Presolve eliminated 0 rows and 9 columns.
Reduced MIP has 1181 rows, 2222 columns, and 25561 nonzeros.
Reduced MIP has 2201 binaries, 0 generals, 0 SOSs, and 0 indicators.
Presolve time = 0.01 sec. (24.13 ticks)
Represolve time = 0.07 sec. (124.49 ticks)
   7135     0      194.7353   343      277.4364       Cuts: 7  1068358    8.37%
   7135     0      195.6737   335      277.4364       Cuts: 4  1069841    8.37%
   7135     0      195.7278   329      277.4364       Cuts: 7  1070091    8.37%
   7135     0      195.8547   319      277.4364   ZeroHalf: 2  1070199    8.37%
   7135     2      195.8547   314      277.4364      254.2225  1070199    8.37%
   7153     4      277.2745    47      277.4364      254.2225  1071803    8.37%
*  7242+    4                          277.0257      254.2225             8.23%
   7696    16      259.2839   112      277.0257      254.2225  1106503    8.23%
   7863     6      265.8168    95      277.0257      254.2225  1127819    8.23%
   7875     4        cutoff            277.0257      254.2225  1131946    8.23%
   8027    13      257.2285    86      277.0257      254.2225  1145774    8.23%
   8683    32      263.6881   163      277.0257      254.2225  1190621    8.23%
   8883     6      227.9166   118      277.0257      254.2225  1224253    8.23%
*  9026+    9                          274.1239      254.2225             7.26%
   9435    12      232.6387   156      274.1239      254.2225  1242148    7.26%
Elapsed time = 12.81 sec. (17819.64 ticks, tree = 0.02 MB, solutions = 5)
   9960    27      255.5501   143      274.1239      254.2225  1305342    7.26%
  10897   137      246.9117   246      274.1239      254.2225  1406863    7.26%
  11527    27        cutoff            274.1239      254.2225  1503123    7.26%
  12957    16      254.5911   118      274.1239      254.2225  1634930    7.26%
  12999     9      241.6817   166      274.1239      254.2225  1645581    7.26%
  13032     9      246.6856   137      274.1239      254.2225  1651535    7.26%
  13063     7        cutoff            274.1239      254.2225  1657682    7.26%

GUB cover cuts applied:  7
Cover cuts applied:  25
Mixed integer rounding cuts applied:  1
Zero-half cuts applied:  27
Gomory fractional cuts applied:  6

Root node processing (before b&c):
  Real time             =    1.14 sec. (1930.03 ticks)
Parallel b&c, 20 threads:
  Real time             =   17.22 sec. (22796.16 ticks)
  Sync time (average)   =    8.27 sec.
  Wait time (average)   =    0.01 sec.
                          ------------
Total (root+branch&cut) =   18.35 sec. (24726.19 ticks)
Feasible solution found!
Truck nodes:
Stage 1 at customer 0 with arrival time is: 0
Stage 1 at customer 0 with departure time is: 0
Stage 2 at customer 8 with arrival time is: 45.6069
Stage 2 at customer 8 with departure time is: 45.6069
Stage 3 at customer 7 with arrival time is: 59.5938
Stage 3 at customer 7 with departure time is: 59.5938
Stage 4 at customer 9 with arrival time is: 105.662
Stage 4 at customer 9 with departure time is: 105.662
Stage 5 at customer 10 with arrival time is: 135.397
Stage 5 at customer 10 with departure time is: 135.397
Stage 6 at customer 3 with arrival time is: 174.686
Stage 6 at customer 3 with departure time is: 174.686
Stage 7 at customer 2 with arrival time is: 184.06
Stage 7 at customer 2 with departure time is: 184.06
Stage 8 at customer 4 with arrival time is: 214.401
Stage 8 at customer 4 with departure time is: 215.401
Stage 9 at customer 5 with arrival time is: 220.936
Stage 9 at customer 5 with departure time is: 228.067
Stage 10 at customer 1 with arrival time is: 269.415
Stage 10 at customer 1 with departure time is: 269.415
Stage 11 at customer 11 with arrival time is: 274.124
Stage 11 at customer 11 with departure time is: 274.124
Truck arcs:
Arc 1 connecting 0 and 8 with cost 45.6069 
Arc 2 connecting 8 and 7 with cost 13.9869 
Arc 3 connecting 7 and 9 with cost 46.0683 
Arc 4 connecting 9 and 10 with cost 29.7346 
Arc 5 connecting 10 and 3 with cost 39.2896 
Arc 6 connecting 3 and 2 with cost 9.37364 
Arc 7 connecting 2 and 4 with cost 30.3415 
Arc 8 connecting 4 and 5 with cost 5.53471 
Arc 9 connecting 5 and 1 with cost 41.3484 
Arc 10 connecting 1 and 11 with cost 4.70848 
Customer 6 served by drone.
Drone fly from 4 at stage 8 to serve 6 and then fly back to 5 at stage 9. 
Truck arcs during this sortie: 4--->5
Truck travel time from stage 8 to 9 is: 5.53471
Total drone travel time: 11.6655
Drone arrival time: 227.067
Truck arrival time: 220.936
Truck departure time = max(d/a, t/a) plus (sl/sr): 228.067
Done!
-------------------------Re-calculated objective-----------------------
274.124
------------------------------------------------------------------------
Solve time: 18.356
OBJECTIVE VALUE: 274.124, NUMBER OF SORTIES: 1.
Number of revisit: 0
In write mode
