Instance name: /home/cuong/CLionProjects/uMV-FSTSP/50_dis_rand_ins/v91
Write arg val: 1

drone speed: 1 miles/minute
uav non-eligible customer: 2 3 11 
Printing tau:
0 7.00397 38.6947 39.1181 31.9438 31.6906 19.2088 40.6029 69.7592 80.597 56.8421 0 
7.00397 0 45.6987 46.1221 35.2199 34.9667 22.4848 33.599 62.7553 83.8731 60.1182 7.00397 
38.6947 45.6987 0 9.8255 51.2754 53.5942 35.5456 79.2976 108.454 68.4746 49.0427 38.6947 
39.1181 46.1221 9.8255 0 51.6989 54.0176 35.9691 79.7211 108.877 58.6491 49.4661 39.1181 
31.9438 35.2199 51.2754 51.6989 0 2.31877 15.7298 28.0222 57.1785 48.6533 24.8983 31.9438 
31.6906 34.9667 53.5942 54.0176 2.31877 0 18.0485 25.7035 54.8598 48.9064 25.1515 31.6906 
19.2088 22.4848 35.5456 35.9691 15.7298 18.0485 0 43.752 72.9083 61.3883 37.6333 19.2088 
40.6029 33.599 79.2976 79.7211 28.0222 25.7035 43.752 0 29.1563 57.1987 33.4437 40.6029 
69.7592 62.7553 108.454 108.877 57.1785 54.8598 72.9083 29.1563 0 66.5004 59.4113 69.7592 
80.597 83.8731 68.4746 58.6491 48.6533 48.9064 61.3883 57.1987 66.5004 0 23.7549 80.597 
56.8421 60.1182 49.0427 49.4661 24.8983 25.1515 37.6333 33.4437 59.4113 23.7549 0 56.8421 
0 0 0 0 0 0 0 0 0 0 0 0 
Printing tau_prime:
0 2.05033 10.7522 11.8939 9.10362 9.28567 5.16149 12.4263 19.9094 21.389 15.3203 0 
2.05033 0 12.7871 13.9395 9.45543 9.50538 6.54186 11.3756 18.5654 22.2624 15.9659 2.05033 
10.7522 12.7871 0 2.6078 14.577 15.1289 9.61094 21.2385 29.0559 21.294 17.5991 10.7522 
11.8939 13.9395 2.6078 0 13.9626 14.5547 9.56536 21.1427 28.9117 19.1865 16.0518 11.8939 
9.10362 9.45543 14.577 13.9626 0 0.61851 5.3666 7.76834 15.2021 13.1358 6.62866 9.10362 
9.28567 9.50538 15.1289 14.5547 0.61851 0 5.81883 7.16157 14.584 13.3306 6.77762 9.28567 
5.16149 6.54186 9.61094 9.56536 5.3666 5.81883 0 11.6546 19.4655 16.3665 10.6014 5.16149 
12.4263 11.3756 21.2385 21.1427 7.76834 7.16157 11.6546 0 7.81761 18.1134 11.9585 12.4263 
19.9094 18.5654 29.0559 28.9117 15.2021 14.584 19.4655 7.81761 0 22.5205 17.5389 19.9094 
21.389 22.2624 21.294 19.1865 13.1358 13.3306 16.3665 18.1134 22.5205 0 6.57348 21.389 
15.3203 15.9659 17.5991 16.0518 6.62866 6.77762 10.6014 11.9585 17.5389 6.57348 0 15.3203 
0 0 0 0 0 0 0 0 0 0 0 0 
Version identifier: 22.1.1.0 | 2022-11-28 | 9160aff4d
CPXPARAM_MIP_Tolerances_Integrality              0
Tried aggregator 1 time.
MIP Presolve eliminated 1 rows and 12 columns.
MIP Presolve modified 20 coefficients.
Reduced MIP has 122 rows, 120 columns, and 510 nonzeros.
Reduced MIP has 110 binaries, 0 generals, 0 SOSs, and 0 indicators.
Presolve time = 0.00 sec. (0.27 ticks)
Found incumbent of value 530.239700 after 0.00 sec. (0.75 ticks)
Probing time = 0.00 sec. (0.26 ticks)
Cover probing fixed 0 vars, tightened 10 bounds.
Tried aggregator 1 time.
Detecting symmetries...
MIP Presolve eliminated 10 rows and 0 columns.
MIP Presolve modified 180 coefficients.
Reduced MIP has 112 rows, 120 columns, and 490 nonzeros.
Reduced MIP has 110 binaries, 0 generals, 0 SOSs, and 0 indicators.
Presolve time = 0.00 sec. (0.35 ticks)
Probing time = 0.00 sec. (0.26 ticks)
Clique table members: 67.
MIP emphasis: balance optimality and feasibility.
MIP search method: dynamic search.
Parallel mode: deterministic, using up to 20 threads.
Root relaxation solution time = 0.00 sec. (0.20 ticks)

        Nodes                                         Cuts/
   Node  Left     Objective  IInf  Best Integer    Best Bound    ItCnt     Gap

*     0+    0                          530.2397        0.0000           100.00%
      0     0      191.0309    20      530.2397      191.0309       26   63.97%
*     0+    0                          287.7039      191.0309            33.60%
      0     0      267.6803    18      287.7039      Cuts: 28       48    6.96%
      0     0      267.6803    18      287.7039      Cuts: 53       65    6.96%
      0     0      267.6803    18      287.7039      Cuts: 36       72    6.96%

Clique cuts applied:  4
Implied bound cuts applied:  5
Mixed integer rounding cuts applied:  13
Multi commodity flow cuts applied:  14
Gomory fractional cuts applied:  1

Root node processing (before b&c):
  Real time             =    0.02 sec. (7.36 ticks)
Parallel b&c, 20 threads:
  Real time             =    0.00 sec. (0.00 ticks)
  Sync time (average)   =    0.00 sec.
  Wait time (average)   =    0.00 sec.
                          ------------
Total (root+branch&cut) =    0.02 sec. (7.36 ticks)

TSP solution for this instance: 0 2 3 6 4 5 10 9 8 7 1 11 
12
Warmstart X[1][0] == 1
Warmstart X[2][2] == 1
Warmstart X[3][3] == 1
Warmstart X[4][6] == 1
Warmstart X[5][4] == 1
Warmstart X[6][5] == 1
Warmstart X[7][10] == 1
Warmstart X[8][9] == 1
Warmstart X[9][8] == 1
Warmstart X[10][7] == 1
Warmstart X[11][1] == 1
---------------------------------------------
Calculate max stage gap for sortie.... 
Stage gap calculation consumes too much memory. No constraint was added.
---------------------------------------------
Num constraint added = 4752
Warning:  Output names have been modified due to duplicate names or characters invalid in LP format.
Version identifier: 22.1.1.0 | 2022-11-28 | 9160aff4d
CPXPARAM_TimeLimit                               200
CPXPARAM_MIP_Tolerances_Integrality              0
1 of 1 MIP starts provided solutions.
MIP start 'm1' defined initial solution with objective 287.7039.
Tried aggregator 8 times.
MIP Presolve eliminated 5638 rows and 2179 columns.
MIP Presolve modified 2582 coefficients.
Aggregator did 45 substitutions.
Reduced MIP has 1209 rows, 2552 columns, and 26695 nonzeros.
Reduced MIP has 2531 binaries, 0 generals, 0 SOSs, and 0 indicators.
Presolve time = 0.10 sec. (241.51 ticks)
Probing fixed 202 vars, tightened 0 bounds.
Probing changed sense of 4 constraints.
Probing time = 0.03 sec. (76.30 ticks)
Cover probing fixed 0 vars, tightened 23 bounds.
Tried aggregator 2 times.
Detecting symmetries...
MIP Presolve eliminated 109 rows and 233 columns.
MIP Presolve modified 558 coefficients.
Aggregator did 17 substitutions.
Reduced MIP has 1083 rows, 2302 columns, and 22653 nonzeros.
Reduced MIP has 2281 binaries, 0 generals, 0 SOSs, and 0 indicators.
Presolve time = 0.02 sec. (43.79 ticks)
Probing time = 0.00 sec. (5.72 ticks)
Clique table members: 5121.
MIP emphasis: balance optimality and feasibility.
MIP search method: dynamic search.
Parallel mode: deterministic, using up to 20 threads.
Root relaxation solution time = 0.10 sec. (206.77 ticks)

        Nodes                                         Cuts/
   Node  Left     Objective  IInf  Best Integer    Best Bound    ItCnt     Gap

*     0+    0                          287.7039        7.0040            97.57%
      0     0      210.3552   208      287.7039      210.3552       31   26.88%
*     0+    0                          287.7038      210.3552            26.88%
      0     0      233.9709   221      287.7038      Cuts: 26     1143   18.68%
      0     0      237.4199   175      287.7038      Cuts: 19     2260   17.48%
      0     0      243.8513   214      287.7038      Cuts: 18     2795   15.24%
      0     0      247.3137   211      287.7038      Cuts: 14     3230   14.04%
      0     0      247.8411   210      287.7038      Cuts: 19     3655   13.86%
Detecting symmetries...
      0     0      248.9608   252      287.7038      Cuts: 16     4740   13.47%
      0     0      249.9566   185      287.7038      Cuts: 15     6557   13.12%
      0     0      250.4137   137      287.7038      Cuts: 18     6936   12.96%
*     0+    0                          285.5119      250.4137            12.29%
      0     0      250.4490   210      285.5119      Cuts: 24     7801   12.28%
*     0+    0                          285.5119      250.4490            12.28%
      0     0      250.5983   200      285.5119      Cuts: 10     8032   12.23%
      0     0      250.7224   260      285.5119      Cuts: 15     8747   12.18%
      0     0      250.8117   267      285.5119       Cuts: 3     9958   12.15%
Detecting symmetries...
      0     2      250.8117   267      285.5119      250.8117     9958   12.15%
Elapsed time = 1.63 sec. (2789.00 ticks, tree = 0.02 MB, solutions = 4)
      5     4      259.9128   102      285.5119      250.8163    12641   12.15%
    343    13      281.7082    15      285.5119      250.8868    33144   12.13%
    391     3      251.2925   295      285.5119      251.2693    38929   11.99%
    547    31    infeasible            285.5119      251.3807    54096   11.95%
   1023    22      280.8283   139      285.5119      252.3091    89761   11.63%
*  1353    46      integral     0      281.1419      252.3091   112711   10.26%
*  1464    42      integral     0      278.0668      252.5955   129209    9.16%
   1495     8      258.6631   204      278.0668      252.5955   134595    9.16%
   1595    10        cutoff            278.0668      256.0140   140588    7.93%
   1752     9      273.4070    83      278.0668      265.2599   158295    4.61%

GUB cover cuts applied:  9
Cover cuts applied:  59
Implied bound cuts applied:  79
Mixed integer rounding cuts applied:  1
Zero-half cuts applied:  28
Gomory fractional cuts applied:  6

Root node processing (before b&c):
  Real time             =    1.59 sec. (2730.29 ticks)
Parallel b&c, 20 threads:
  Real time             =    1.65 sec. (2548.22 ticks)
  Sync time (average)   =    1.09 sec.
  Wait time (average)   =    0.00 sec.
                          ------------
Total (root+branch&cut) =    3.24 sec. (5278.51 ticks)
Feasible solution found!
Truck nodes:
Stage 1 at customer 0 with arrival time is: 0
Stage 1 at customer 0 with departure time is: 0
Stage 2 at customer 2 with arrival time is: 38.6947
Stage 2 at customer 2 with departure time is: 38.6947
Stage 3 at customer 3 with arrival time is: 48.5202
Stage 3 at customer 3 with departure time is: 48.5202
Stage 4 at customer 9 with arrival time is: 107.169
Stage 4 at customer 9 with departure time is: 107.169
Stage 5 at customer 8 with arrival time is: 173.67
Stage 5 at customer 8 with departure time is: 173.67
Stage 6 at customer 7 with arrival time is: 202.826
Stage 6 at customer 7 with departure time is: 202.826
Stage 7 at customer 5 with arrival time is: 228.529
Stage 7 at customer 5 with departure time is: 229.529
Stage 8 at customer 4 with arrival time is: 231.848
Stage 8 at customer 4 with departure time is: 231.848
Stage 9 at customer 6 with arrival time is: 247.578
Stage 9 at customer 6 with departure time is: 248.578
Stage 10 at customer 1 with arrival time is: 271.063
Stage 10 at customer 1 with departure time is: 271.063
Stage 11 at customer 11 with arrival time is: 278.067
Stage 11 at customer 11 with departure time is: 278.067
Truck arcs:
Arc 1 connecting 0 and 2 with cost 38.6947 
Arc 2 connecting 2 and 3 with cost 9.8255 
Arc 3 connecting 3 and 9 with cost 58.6491 
Arc 4 connecting 9 and 8 with cost 66.5004 
Arc 5 connecting 8 and 7 with cost 29.1563 
Arc 6 connecting 7 and 5 with cost 25.7035 
Arc 7 connecting 5 and 4 with cost 2.31877 
Arc 8 connecting 4 and 6 with cost 15.7298 
Arc 9 connecting 6 and 1 with cost 22.4848 
Arc 10 connecting 1 and 11 with cost 7.00397 
Customer 10 served by drone.
Drone fly from 5 at stage 7 to serve 10 and then fly back to 6 at stage 9. 
Truck arcs during this sortie: 5--->4--->6
Truck travel time from stage 7 to 9 is: 18.0486
Total drone travel time: 17.379
Drone arrival time: 246.909
Truck arrival time: 247.578
Truck departure time = max(d/a, t/a) plus (sl/sr): 248.578
Done!
-------------------------Re-calculated objective-----------------------
278.067
------------------------------------------------------------------------
Solve time: 3.24
OBJECTIVE VALUE: 278.067, NUMBER OF SORTIES: 1.
Number of revisit: 0
In write mode
