Instance name: /home/cuong/CLionProjects/uMV-FSTSP/50_dis_rand_ins/v96
Write arg val: 1

drone speed: 1 miles/minute
uav non-eligible customer: 11 
Printing tau:
0 19.6198 56.619 53.1568 36.0878 35.697 38.0092 46.6703 41.4093 96.2632 84.9762 0 
19.6198 0 46.2231 33.537 45.9066 45.5157 47.828 66.2901 53.1864 106.082 94.795 19.6198 
56.619 46.2231 0 22.2186 63.2513 62.038 42.4841 103.289 90.1857 59.8588 52.9775 56.619 
53.1568 33.537 22.2186 0 59.7891 58.5758 39.0218 99.8271 86.7234 82.0774 70.7905 53.1568 
36.0878 45.9066 63.2513 59.7891 0 1.2133 20.7673 40.038 26.9343 60.1754 48.8884 36.0878 
35.697 45.5157 62.038 58.5758 1.2133 0 19.554 41.2513 28.1476 60.5662 49.2793 35.697 
38.0092 47.828 42.4841 39.0218 20.7673 19.554 0 60.8052 47.7016 58.254 46.967 38.0092 
46.6703 66.2901 103.289 99.8271 40.038 41.2513 60.8052 0 13.1036 65.5699 54.2829 46.6703 
41.4093 53.1864 90.1857 86.7234 26.9343 28.1476 47.7016 13.1036 0 54.8539 43.5669 41.4093 
96.2632 106.082 59.8588 82.0774 60.1754 60.5662 58.254 65.5699 54.8539 0 11.287 96.2632 
84.9762 94.795 52.9775 70.7905 48.8884 49.2793 46.967 54.2829 43.5669 11.287 0 84.9762 
0 0 0 0 0 0 0 0 0 0 0 0 
Printing tau_prime:
0 5.81761 17.849 14.5886 9.72948 9.57403 10.7531 14.8118 14.1347 25.6029 22.5534 0 
5.81761 0 15.6997 10.9361 14.0227 13.7749 12.7654 20.6005 19.5812 28.3123 25.4909 5.81761 
17.849 15.6997 0 5.9627 16.7723 16.4514 11.2733 27.4306 23.9509 20.5327 19.0584 17.849 
14.5886 10.9361 5.9627 0 16.8842 16.5465 12.1232 26.8301 24.1024 24.9049 22.9073 14.5886 
9.72948 14.0227 16.7723 16.8842 0 0.338005 5.53027 10.7126 7.28011 16.3904 13.2467 9.72948 
9.57403 13.7749 16.4514 16.5465 0.338005 0 5.22115 11.0186 7.61592 16.4212 13.2862 9.57403 
10.7531 12.7654 11.2733 12.1232 5.53027 5.22115 0 16.2397 12.6809 15.5468 12.7611 10.7531 
14.8118 20.6005 27.4306 26.8301 10.7126 11.0186 16.2397 0 4.48857 22.5525 19.6256 14.8118 
14.1347 19.5812 23.9509 24.1024 7.28011 7.61592 12.6809 4.48857 0 18.1696 15.1922 14.1347 
25.6029 28.3123 20.5327 24.9049 16.3904 16.4212 15.5468 22.5525 18.1696 0 3.1628 25.6029 
22.5534 25.4909 19.0584 22.9073 13.2467 13.2862 12.7611 19.6256 15.1922 3.1628 0 22.5534 
0 0 0 0 0 0 0 0 0 0 0 0 
Version identifier: 22.1.1.0 | 2022-11-28 | 9160aff4d
CPXPARAM_MIP_Tolerances_Integrality              0
Tried aggregator 1 time.
MIP Presolve eliminated 1 rows and 12 columns.
MIP Presolve modified 20 coefficients.
Reduced MIP has 122 rows, 120 columns, and 510 nonzeros.
Reduced MIP has 110 binaries, 0 generals, 0 SOSs, and 0 indicators.
Presolve time = 0.00 sec. (0.27 ticks)
Found incumbent of value 595.790100 after 0.00 sec. (0.75 ticks)
Probing time = 0.00 sec. (0.26 ticks)
Cover probing fixed 0 vars, tightened 10 bounds.
Tried aggregator 1 time.
Detecting symmetries...
MIP Presolve eliminated 10 rows and 0 columns.
MIP Presolve modified 180 coefficients.
Reduced MIP has 112 rows, 120 columns, and 490 nonzeros.
Reduced MIP has 110 binaries, 0 generals, 0 SOSs, and 0 indicators.
Presolve time = 0.00 sec. (0.35 ticks)
Probing time = 0.00 sec. (0.26 ticks)
Clique table members: 67.
MIP emphasis: balance optimality and feasibility.
MIP search method: dynamic search.
Parallel mode: deterministic, using up to 20 threads.
Root relaxation solution time = 0.00 sec. (0.20 ticks)

        Nodes                                         Cuts/
   Node  Left     Objective  IInf  Best Integer    Best Bound    ItCnt     Gap

*     0+    0                          595.7901        0.0000           100.00%
      0     0      194.9777    17      595.7901      194.9777       25   67.27%
*     0+    0                          324.2580      194.9777            39.87%
      0     0      286.7139    18      324.2580      Cuts: 18       50   11.58%
      0     0      286.7139    18      324.2580      Cuts: 30       66   11.58%
      0     0      286.7139    18      324.2580      Cuts: 14       70   11.58%
*     0+    0                          299.6185      286.7139             4.31%
      0     0        cutoff            299.6185      299.6185       70    0.00%
Elapsed time = 0.11 sec. (7.22 ticks, tree = 0.01 MB, solutions = 3)

Clique cuts applied:  4
Implied bound cuts applied:  5
Mixed integer rounding cuts applied:  8
Multi commodity flow cuts applied:  2
Gomory fractional cuts applied:  1

Root node processing (before b&c):
  Real time             =    0.11 sec. (7.23 ticks)
Parallel b&c, 20 threads:
  Real time             =    0.00 sec. (0.00 ticks)
  Sync time (average)   =    0.00 sec.
  Wait time (average)   =    0.00 sec.
                          ------------
Total (root+branch&cut) =    0.11 sec. (7.23 ticks)

TSP solution for this instance: 0 6 5 4 8 7 10 9 2 3 1 11 
12
Warmstart X[1][0] == 1
Warmstart X[2][6] == 1
Warmstart X[3][5] == 1
Warmstart X[4][4] == 1
Warmstart X[5][8] == 1
Warmstart X[6][7] == 1
Warmstart X[7][10] == 1
Warmstart X[8][9] == 1
Warmstart X[9][2] == 1
Warmstart X[10][3] == 1
Warmstart X[11][1] == 1
---------------------------------------------
Calculate max stage gap for sortie.... 
Stage gap calculation consumes too much memory. No constraint was added.
---------------------------------------------
Num constraint added = 5940
Warning:  Output names have been modified due to duplicate names or characters invalid in LP format.
Version identifier: 22.1.1.0 | 2022-11-28 | 9160aff4d
CPXPARAM_TimeLimit                               200
CPXPARAM_MIP_Tolerances_Integrality              0
1 of 1 MIP starts provided solutions.
MIP start 'm1' defined initial solution with objective 299.6185.
Tried aggregator 2 times.
MIP Presolve eliminated 7104 rows and 1943 columns.
MIP Presolve modified 2207 coefficients.
Aggregator did 41 substitutions.
Reduced MIP has 1198 rows, 2792 columns, and 27449 nonzeros.
Reduced MIP has 2771 binaries, 0 generals, 0 SOSs, and 0 indicators.
Presolve time = 0.03 sec. (77.48 ticks)
Probing fixed 201 vars, tightened 0 bounds.
Probing changed sense of 4 constraints.
Probing time = 0.04 sec. (93.86 ticks)
Tried aggregator 2 times.
Detecting symmetries...
MIP Presolve eliminated 35 rows and 201 columns.
MIP Presolve modified 127 coefficients.
Aggregator did 8 substitutions.
Reduced MIP has 1155 rows, 2583 columns, and 23967 nonzeros.
Reduced MIP has 2562 binaries, 0 generals, 0 SOSs, and 0 indicators.
Presolve time = 0.01 sec. (22.65 ticks)
Probing time = 0.00 sec. (5.66 ticks)
Clique table members: 7938.
MIP emphasis: balance optimality and feasibility.
MIP search method: dynamic search.
Parallel mode: deterministic, using up to 20 threads.
Root relaxation solution time = 0.10 sec. (218.41 ticks)

        Nodes                                         Cuts/
   Node  Left     Objective  IInf  Best Integer    Best Bound    ItCnt     Gap

*     0+    0                          299.6185       19.6198            93.45%
      0     0      141.5383   318      299.6185      141.5383       38   52.76%
      0     0      155.7514   267      299.6185      Cuts: 44     1667   48.02%
*     0+    0                          290.8945      155.7514            46.46%
      0     0      159.5822   324      290.8945      Cuts: 47     2931   45.14%
      0     0      168.0220   369      290.8945      Cuts: 50     4530   42.24%
      0     0      171.0034   350      290.8945      Cuts: 14     5929   41.21%
      0     0      174.0689   367      290.8945   ZeroHalf: 9     7345   40.16%
Detecting symmetries...
      0     0      178.6314   430      290.8945      Cuts: 10     8932   38.59%
      0     0      180.9631   335      290.8945       Cuts: 2    10296   37.79%
      0     0      182.8177   327      290.8945   ZeroHalf: 3    11331   37.15%
      0     0      184.1127   289      290.8945       Cuts: 7    11759   36.71%
      0     0      187.1033   352      290.8945      Cuts: 13    14122   35.68%
      0     0      189.3858   348      290.8945   ZeroHalf: 6    15063   34.90%
      0     0      190.5684   344      290.8945       Cuts: 5    15938   34.49%
      0     0      190.6275   357      290.8945   ZeroHalf: 1    15996   34.47%
      0     0      191.7084   336      290.8945   ZeroHalf: 4    16416   34.10%
      0     0      193.0072   383      290.8945       Cuts: 7    17325   33.65%
      0     0      193.0072   368      290.8945   ZeroHalf: 3    17421   33.65%
      0     0      193.0072   363      290.8945   ZeroHalf: 2    17438   33.65%
Detecting symmetries...
      0     2      193.0072   355      290.8945      193.0072    17438   33.65%
Elapsed time = 2.04 sec. (3743.31 ticks, tree = 0.02 MB, solutions = 2)
     63    29      263.1605   170      290.8945      193.5713    24748   33.46%
    610    50      239.3017   154      290.8945      194.6694    66860   33.08%
    955   184      247.7786    88      290.8945      197.9983   115769   31.93%
   1277   336      272.3315   141      290.8945      197.9983   159950   31.93%
   1574   447      234.5925   239      290.8945      197.9983   201594   31.93%
   1645   572      282.3938   194      290.8945      198.0625   261188   31.91%
   1689   593        cutoff            290.8945      199.0416   290156   31.58%
   1769   608        cutoff            290.8945      199.0416   300439   31.58%
   1966   607      249.6743   226      290.8945      199.0416   314532   31.58%
   2968  1130      249.9993   135      290.8945      211.1534   544307   27.41%
Elapsed time = 4.97 sec. (6856.91 ticks, tree = 3.79 MB, solutions = 2)
   3758  1470      258.1445   265      290.8945      222.7568   704757   23.42%
   4544  2120        cutoff            290.8945      236.0713   986390   18.85%
   5943  2319        cutoff            290.8945      243.0062  1174064   16.46%
   6985  2582      261.5226   125      290.8945      244.4448  1317934   15.97%

Performing restart 1

Repeating presolve.
Tried aggregator 2 times.
MIP Presolve eliminated 20 rows and 55 columns.
MIP Presolve modified 6127 coefficients.
Aggregator did 1 substitutions.
Reduced MIP has 1133 rows, 2527 columns, and 20400 nonzeros.
Reduced MIP has 2506 binaries, 0 generals, 0 SOSs, and 0 indicators.
Presolve time = 0.02 sec. (39.62 ticks)
Tried aggregator 1 time.
MIP Presolve eliminated 7 rows and 6 columns.
MIP Presolve modified 10 coefficients.
Reduced MIP has 1126 rows, 2521 columns, and 20311 nonzeros.
Reduced MIP has 2500 binaries, 0 generals, 0 SOSs, and 0 indicators.
Presolve time = 0.01 sec. (17.94 ticks)
Represolve time = 0.10 sec. (150.63 ticks)
   6987     0      197.5971   405      290.8945      Cuts: 19  1383389   15.13%
   6987     0      197.7444   401      290.8945      Cuts: 22  1384328   15.13%
   6987     0      199.1433   446      290.8945      Cuts: 19  1386634   15.13%
   6987     0      199.5866   401      290.8945      Cuts: 24  1387274   15.13%
   6987     0      199.6760   422      290.8945      Cuts: 24  1388057   15.13%
   6987     0      200.6820   405      290.8945      Cuts: 30  1389270   15.13%
   6987     0      200.8472   374      290.8945      Cuts: 25  1389683   15.13%
   6987     0      200.9015   424      290.8945      Cuts: 21  1390556   15.13%
   6987     0      200.9312   423      290.8945       Cuts: 6  1391609   15.13%
   6987     2      200.9312   423      290.8945      246.8842  1391609   15.13%
   6991     4      237.2389   194      290.8945      246.8842  1393718   15.13%
   7021    10      221.2613   214      290.8945      246.8842  1399291   15.13%
   7210    16      265.8804   119      290.8945      246.8842  1454168   15.13%
   7922    37      270.1827   145      290.8945      246.8842  1502382   15.13%
   8617    14      269.4833   105      290.8945      246.8842  1561591   15.13%
Elapsed time = 17.82 sec. (25558.40 ticks, tree = 0.07 MB, solutions = 2)
   9267   145      284.8011   204      290.8945      246.8842  1587293   15.13%
  10033    44      253.7517   197      290.8945      246.8842  1643207   15.13%
  11233   109      285.2365   288      290.8945      246.8842  1712338   15.13%
  11581   381        cutoff            290.8945      246.8842  1853915   15.13%
  12073   311      245.5493   200      290.8945      246.8842  1907633   15.13%
  14381   883      265.7419   132      290.8945      246.8842  2015720   15.13%
  14759  1413      277.9859   124      290.8945      246.8842  2137342   15.13%
* 14984  1421      integral     0      289.2904      246.8842  2161123   14.66%
  16679  1671      281.7260    27      289.2904      246.8842  2243584   14.66%
  17776  1334        cutoff            289.2904      246.8842  2380310   14.66%
  19240    91      251.0686   157      289.2904      246.8842  2430545   14.66%
Elapsed time = 27.83 sec. (35111.45 ticks, tree = 0.38 MB, solutions = 3)
  19381    14      283.1305    40      289.2904      246.8842  2466513   14.66%
  19481    11      212.0444   357      289.2904      246.8842  2488002   14.66%
  19536    11      270.4770   249      289.2904      246.8842  2489661   14.66%
  19592    12      264.3006   186      289.2904      246.8842  2520553   14.66%
  20298    55      261.0838   173      289.2904      246.8842  2538488   14.66%
  21097   507        cutoff            289.2904      246.8842  2658367   14.66%
  21677    25      269.0034    88      289.2904      246.8842  2769732   14.66%

GUB cover cuts applied:  2
Cover cuts applied:  3
Mixed integer rounding cuts applied:  7
Zero-half cuts applied:  51
Lift and project cuts applied:  7
Gomory fractional cuts applied:  3

Root node processing (before b&c):
  Real time             =    1.98 sec. (3632.99 ticks)
Parallel b&c, 20 threads:
  Real time             =   31.40 sec. (39090.65 ticks)
  Sync time (average)   =   11.82 sec.
  Wait time (average)   =    0.01 sec.
                          ------------
Total (root+branch&cut) =   33.38 sec. (42723.64 ticks)
Feasible solution found!
Truck nodes:
Stage 1 at customer 0 with arrival time is: 0
Stage 1 at customer 0 with departure time is: 0
Stage 2 at customer 1 with arrival time is: 19.6198
Stage 2 at customer 1 with departure time is: 19.6198
Stage 3 at customer 3 with arrival time is: 53.1568
Stage 3 at customer 3 with departure time is: 53.1568
Stage 4 at customer 2 with arrival time is: 75.3754
Stage 4 at customer 2 with departure time is: 75.3754
Stage 5 at customer 9 with arrival time is: 135.234
Stage 5 at customer 9 with departure time is: 135.234
Stage 6 at customer 10 with arrival time is: 146.521
Stage 6 at customer 10 with departure time is: 146.521
Stage 7 at customer 7 with arrival time is: 200.804
Stage 7 at customer 7 with departure time is: 200.804
Stage 8 at customer 8 with arrival time is: 213.908
Stage 8 at customer 8 with departure time is: 213.908
Stage 9 at customer 4 with arrival time is: 240.842
Stage 9 at customer 4 with departure time is: 241.842
Stage 10 at customer 5 with arrival time is: 243.055
Stage 10 at customer 5 with departure time is: 253.593
Stage 11 at customer 11 with arrival time is: 289.29
Stage 11 at customer 11 with departure time is: 289.29
Truck arcs:
Arc 1 connecting 0 and 1 with cost 19.6198 
Arc 2 connecting 1 and 3 with cost 33.537 
Arc 3 connecting 3 and 2 with cost 22.2186 
Arc 4 connecting 2 and 9 with cost 59.8588 
Arc 5 connecting 9 and 10 with cost 11.287 
Arc 6 connecting 10 and 7 with cost 54.2829 
Arc 7 connecting 7 and 8 with cost 13.1036 
Arc 8 connecting 8 and 4 with cost 26.9343 
Arc 9 connecting 4 and 5 with cost 1.2133 
Arc 10 connecting 5 and 11 with cost 35.697 
Customer 6 served by drone.
Drone fly from 4 at stage 9 to serve 6 and then fly back to 5 at stage 10. 
Truck arcs during this sortie: 4--->5
Truck travel time from stage 9 to 10 is: 1.2133
Total drone travel time: 10.7514
Drone arrival time: 252.593
Truck arrival time: 243.055
Truck departure time = max(d/a, t/a) plus (sl/sr): 253.593
Done!
-------------------------Re-calculated objective-----------------------
289.29
------------------------------------------------------------------------
Solve time: 33.38
OBJECTIVE VALUE: 289.29, NUMBER OF SORTIES: 1.
Number of revisit: 0
In write mode
