Instance name: /home/cuong/CLionProjects/uMV-FSTSP/rand_generated_instances/v16
Write arg val: 1

drone speed: 1 miles/minute
uav non-eligible customer: 2 12 
Printing tau:
0 9.33476 14.8542 8.12963 6.80276 7.5048 21.4812 12.4539 9.44431 19.4472 19.8768 0 
9.33476 0 10.482 3.75743 3.5119 16.8396 17.6493 12.0182 1.13512 21.4616 29.2116 9.33476 
14.8542 10.482 0 6.72461 13.9939 13.7422 11.2589 5.6278 11.6172 15.0712 22.8212 14.8542 
8.12963 3.75743 6.72461 0 7.26933 13.8137 14.6234 8.99231 4.89254 18.4357 26.1857 8.12963 
6.80276 3.5119 13.9939 7.26933 0 14.3076 20.6209 11.5936 2.64155 18.9296 26.6796 6.80276 
7.5048 16.8396 13.7422 13.8137 14.3076 0 20.3692 11.3418 16.9491 18.3352 12.372 7.5048 
21.4812 17.6493 11.2589 14.6234 20.6209 20.3692 0 9.02734 18.2441 3.81233 11.5623 21.4812 
12.4539 12.0182 5.6278 8.99231 11.5936 11.3418 9.02734 0 12.1277 9.44342 17.1934 12.4539 
9.44431 1.13512 11.6172 4.89254 2.64155 16.9491 18.2441 12.1277 0 21.5711 29.3212 9.44431 
19.4472 21.4616 15.0712 18.4357 18.9296 18.3352 3.81233 9.44342 21.5711 0 7.75001 19.4472 
19.8768 29.2116 22.8212 26.1857 26.6796 12.372 11.5623 17.1934 29.3212 7.75001 0 19.8768 
0 0 0 0 0 0 0 0 0 0 0 0 
Printing tau_prime:
0 3.64441 5.35395 3.63822 2.4243 2.68232 8.14382 4.50416 3.52976 8.1029 8.20088 0 
3.64441 0 4.34037 1.70566 1.53071 6.06423 8.69062 5.12043 0.403189 9.27265 10.6702 3.64441 
5.35395 4.34037 0 2.65849 5.13222 6.10361 4.61897 2.16315 4.70648 5.57042 8.13333 5.35395 
3.63822 1.70566 2.65849 0 2.57602 5.47796 7.00097 3.52776 2.0545 7.64824 9.35637 3.63822 
2.4243 1.53071 5.13222 2.57602 0 5.05927 9.03987 5.29621 1.25633 9.37953 10.2159 2.4243 
2.68232 6.06423 6.10361 5.47796 5.05927 0 7.20727 4.35721 6.03933 6.68526 5.81655 2.68232 
8.14382 8.69062 4.61897 7.00097 9.03987 7.20727 0 3.76168 9.00156 1.5277 5.29643 8.14382 
4.50416 5.12043 2.16315 3.52776 5.29621 4.35721 3.76168 0 5.38553 4.15459 6.08134 4.50416 
3.52976 0.403189 4.70648 2.0545 1.25633 6.03933 9.00156 5.38553 0 9.53994 10.8152 3.52976 
8.1029 9.27265 5.57042 7.64824 9.37953 6.68526 1.5277 4.15459 9.53994 0 3.81086 8.1029 
8.20088 10.6702 8.13333 9.35637 10.2159 5.81655 5.29643 6.08134 10.8152 3.81086 0 8.20088 
0 0 0 0 0 0 0 0 0 0 0 0 
Printing number of nodes: 11

Version identifier: 22.1.1.0 | 2022-11-28 | 9160aff4d
CPXPARAM_ClockType                               0
CPXPARAM_Emphasis_MIP                            2
CPXPARAM_MIP_Tolerances_Integrality              0
Tried aggregator 2 times.
MIP Presolve eliminated 451 rows and 541 columns.
MIP Presolve modified 1889 coefficients.
Aggregator did 2 substitutions.
Reduced MIP has 5677 rows, 1172 columns, and 164513 nonzeros.
Reduced MIP has 1163 binaries, 0 generals, 0 SOSs, and 0 indicators.
Presolve time = 0.07 sec. (204.96 ticks)
Found incumbent of value 199.888110 after 0.14 sec. (348.02 ticks)
Probing fixed 130 vars, tightened 0 bounds.
Probing changed sense of 18 constraints.
Probing time = 0.04 sec. (49.75 ticks)
Tried aggregator 1 time.
MIP Presolve eliminated 31 rows and 148 columns.
MIP Presolve modified 90 coefficients.
Reduced MIP has 5646 rows, 1024 columns, and 163792 nonzeros.
Reduced MIP has 1015 binaries, 0 generals, 0 SOSs, and 0 indicators.
Presolve time = 0.07 sec. (187.72 ticks)
Probing time = 0.01 sec. (14.73 ticks)
Tried aggregator 1 time.
Detecting symmetries...
Reduced MIP has 5646 rows, 1024 columns, and 163792 nonzeros.
Reduced MIP has 1015 binaries, 0 generals, 0 SOSs, and 0 indicators.
Presolve time = 0.04 sec. (89.04 ticks)
Probing time = 0.01 sec. (14.64 ticks)
Clique table members: 81906.
MIP emphasis: optimality.
MIP search method: dynamic search.
Parallel mode: deterministic, using up to 20 threads.
Root relaxation solution time = 0.16 sec. (220.39 ticks)

        Nodes                                         Cuts/
   Node  Left     Objective  IInf  Best Integer    Best Bound    ItCnt     Gap

*     0+    0                          199.8881      -10.0000           105.00%
      0     0       46.8358   105      199.8881       46.8358      900   76.57%
*     0+    0                           73.3719       46.8358            36.17%
*     0+    0                           57.9029       46.8358            19.11%
      0     0       48.2111   117       57.9029      Cuts: 37     1269   16.74%
      0     0       48.2167   110       57.9029      Cuts: 10     1476   16.73%
      0     0       48.2307   110       57.9029      Cuts: 12     1538   16.70%
      0     0       48.2321   116       57.9029       Cuts: 9     1564   16.70%
      0     0       48.2918   132       57.9029      Cuts: 14     1689   16.60%
Detecting symmetries...
      0     0       48.3246   121       57.9029      Cuts: 10     1797   16.54%
      0     0       48.3491   141       57.9029      Cuts: 15     1863   16.50%
      0     0       48.3844   149       57.9029      Cuts: 11     1970   16.44%
      0     0       48.3946   143       57.9029       Cuts: 5     2014   16.42%
      0     0       48.4050   155       57.9029       Cuts: 6     2067   16.40%
      0     0       48.4191   155       57.9029       Cuts: 8     2144   16.38%
      0     0       48.4275   125       57.9029       Cuts: 8     2178   16.36%
      0     0       48.4413   149       57.9029   ZeroHalf: 8     2252   16.34%
      0     0       48.4413   150       57.9029   ZeroHalf: 2     2256   16.34%
*     0+    0                           53.0075       48.4413             8.61%
Detecting symmetries...
      0     2       48.4413   150       53.0075       48.4413     2256    8.61%
Elapsed time = 1.97 sec. (4273.07 ticks, tree = 0.02 MB, solutions = 4)
*    43    11      integral     0       52.3544       48.4419     4683    7.47%
*    47+   10                           51.9501       48.4419             6.75%
     54    12       51.2923    82       51.9501       48.4419     3773    6.75%
*   124    21      integral     0       51.3438       48.7597     7969    5.03%
    207    10       50.5427    93       51.3438       49.6680    12185    3.26%
    263     4       50.5359    28       51.3438       50.5359    16273    1.57%

Clique cuts applied:  1
Cover cuts applied:  7
Implied bound cuts applied:  17
Mixed integer rounding cuts applied:  2
Zero-half cuts applied:  23
Gomory fractional cuts applied:  2

Root node processing (before b&c):
  Real time             =    1.88 sec. (4233.14 ticks)
Parallel b&c, 20 threads:
  Real time             =    0.90 sec. (887.65 ticks)
  Sync time (average)   =    0.66 sec.
  Wait time (average)   =    0.00 sec.
                          ------------
Total (root+branch&cut) =    2.79 sec. (5120.79 ticks)
Truck arcs:
0 5
1 8
2 3
3 1
4 11
5 7
7 2
8 4
51.3438
In write mode
