Instance name: /home/cuong/CLionProjects/uMV-FSTSP/rand_generated_instances/v19
Write arg val: 1

drone speed: 1 miles/minute
uav non-eligible customer: 12 
Printing tau:
0 0.747408 3.87361 7.57988 2.02789 18.5634 9.06715 21.4529 18.5448 6.95961 18.9916 0 
0.747408 0 3.1262 8.32729 1.28048 19.3108 9.81456 21.118 18.2099 6.2122 18.6567 0.747408 
3.87361 3.1262 0 11.4535 1.84572 22.437 12.9408 19.5166 16.6085 3.88959 17.0552 3.87361 
7.57988 8.32729 11.4535 0 9.60776 10.9835 4.55574 19.7454 16.8373 14.5395 17.2841 7.57988 
2.02789 1.28048 1.84572 9.60776 0 20.5913 11.095 20.1698 17.2617 4.93172 17.7084 2.02789 
18.5634 19.3108 22.437 10.9835 20.5913 0 9.49624 11.2552 14.3105 25.523 8.79378 18.5634 
9.06715 9.81456 12.9408 4.55574 11.095 9.49624 0 15.1897 12.2816 16.0268 12.7283 9.06715 
21.4529 21.118 19.5166 19.7454 20.1698 11.2552 15.1897 0 4.82149 16.034 2.46138 21.4529 
18.5448 18.2099 16.6085 16.8373 17.2617 14.3105 12.2816 4.82149 0 12.7189 6.64731 18.5448 
6.95961 6.2122 3.88959 14.5395 4.93172 25.523 16.0268 16.034 12.7189 0 17.8598 6.95961 
18.9916 18.6567 17.0552 17.2841 17.7084 8.79378 12.7283 2.46138 6.64731 17.8598 0 18.9916 
0 0 0 0 0 0 0 0 0 0 0 0 
Printing tau_prime:
0 0.289564 1.53111 2.74705 0.848442 7.48828 3.89618 8.23539 6.72679 3.20893 7.74188 0 
0.289564 0 1.24186 2.98387 0.563341 7.66635 4.05387 8.23437 6.67649 2.93136 7.77607 0.289564 
1.53111 1.24186 0 4.05023 0.69222 8.45333 4.82423 8.2806 6.53721 1.75543 7.97767 1.53111 
2.74705 2.98387 4.05023 0 3.40017 4.90819 1.69436 7.00104 6.06799 5.34273 6.22257 2.74705 
0.848442 0.563341 0.69222 3.40017 0 7.93309 4.29972 8.14002 6.49435 2.37062 7.75179 0.848442 
7.48828 7.66635 8.45333 4.90819 7.93309 0 3.6342 5.20481 5.8573 9.15517 4.12395 7.48828 
3.89618 4.05387 4.82423 1.69436 4.29972 3.6342 0 5.37037 4.66388 5.66842 4.54657 3.89618 
8.23539 8.23437 8.2806 7.00104 8.14002 5.20481 5.37037 0 1.99073 7.9159 1.08351 8.23539 
6.72679 6.67649 6.53721 6.06799 6.49435 5.8573 4.66388 1.99073 0 5.99468 2.35548 6.72679 
3.20893 2.93136 1.75543 5.34273 2.37062 9.15517 5.66842 7.9159 5.99468 0 7.84463 3.20893 
7.74188 7.77607 7.97767 6.22257 7.75179 4.12395 4.54657 1.08351 2.35548 7.84463 0 7.74188 
0 0 0 0 0 0 0 0 0 0 0 0 
Printing number of nodes: 11

Version identifier: 22.1.1.0 | 2022-11-28 | 9160aff4d
CPXPARAM_ClockType                               0
CPXPARAM_Emphasis_MIP                            2
CPXPARAM_MIP_Tolerances_Integrality              0
Tried aggregator 1 time.
MIP Presolve eliminated 261 rows and 374 columns.
MIP Presolve modified 1962 coefficients.
Reduced MIP has 5725 rows, 1341 columns, and 167726 nonzeros.
Reduced MIP has 1331 binaries, 0 generals, 0 SOSs, and 0 indicators.
Presolve time = 0.06 sec. (162.99 ticks)
Found incumbent of value 165.052508 after 0.13 sec. (288.71 ticks)
Probing fixed 147 vars, tightened 0 bounds.
Probing time = 0.25 sec. (58.30 ticks)
Tried aggregator 1 time.
MIP Presolve eliminated 10 rows and 147 columns.
MIP Presolve modified 92 coefficients.
Reduced MIP has 5715 rows, 1194 columns, and 167009 nonzeros.
Reduced MIP has 1184 binaries, 0 generals, 0 SOSs, and 0 indicators.
Presolve time = 0.05 sec. (158.81 ticks)
Probing time = 0.03 sec. (14.86 ticks)
Tried aggregator 1 time.
Detecting symmetries...
Reduced MIP has 5715 rows, 1194 columns, and 167009 nonzeros.
Reduced MIP has 1184 binaries, 0 generals, 0 SOSs, and 0 indicators.
Presolve time = 0.04 sec. (92.44 ticks)
Probing time = 0.06 sec. (14.93 ticks)
Clique table members: 82850.
MIP emphasis: optimality.
MIP search method: dynamic search.
Parallel mode: deterministic, using up to 20 threads.
Root relaxation solution time = 0.20 sec. (243.50 ticks)

        Nodes                                         Cuts/
   Node  Left     Objective  IInf  Best Integer    Best Bound    ItCnt     Gap

*     0+    0                          165.0525      -10.0000           106.06%
*     0+    0                          124.6039      -10.0000           108.03%
      0     0       34.7529   152      124.6039       34.7529     1010   72.11%
*     0+    0                           54.4232       34.7529            36.14%
      0     0       36.1964   173       54.4232      Cuts: 53     1756   33.49%
      0     0       37.3565   196       54.4232      Cuts: 26     2336   31.36%
      0     0       37.3832   202       54.4232      Cuts: 16     2474   31.31%
      0     0       37.3986   208       54.4232       Cuts: 6     2528   31.28%
      0     0       37.4083   220       54.4232      Cuts: 14     2581   31.26%
Detecting symmetries...
      0     0       37.4288   222       54.4232       Cuts: 8     2661   31.23%
      0     0       37.4322   235       54.4232       Cuts: 5     2702   31.22%
      0     0       37.4366   226       54.4232       Cuts: 9     2755   31.21%
      0     0       37.4491   231       54.4232       Cuts: 7     2822   31.19%
      0     0       37.4633   225       54.4232       Cuts: 7     2915   31.16%
      0     0       37.4747   208       54.4232       Cuts: 5     2984   31.14%
      0     0       37.5057   207       54.4232       Cuts: 8     3077   31.09%
      0     0       37.5683   202       54.4232      Cuts: 11     3237   30.97%
      0     0       37.6242   206       54.4232       Cuts: 6     3361   30.87%
      0     0       37.7634   211       54.4232      Cuts: 13     3549   30.61%
      0     0       37.8156   215       54.4232      Cuts: 14     3676   30.52%
      0     0       37.8401   217       54.4232       Cuts: 7     3764   30.47%
      0     0       37.8457   207       54.4232       Cuts: 9     3805   30.46%
      0     0       37.8460   212       54.4232       Cuts: 2     3816   30.46%
*     0+    0                           49.8993       37.8460            24.16%
      0     0  -1.00000e+75     0       49.8993       37.8460     3816   24.16%
Detecting symmetries...
      0     2       37.8460   209       49.8993       37.8460     3816   24.16%
Elapsed time = 3.45 sec. (6864.28 ticks, tree = 0.02 MB, solutions = 4)
      4     3       42.4144   220       49.8993       38.5648     5372   22.71%
     16     6       48.8308    47       49.8993       42.9903     6494   13.85%
     85     8        cutoff             49.8993       47.8611    13613    4.08%

Clique cuts applied:  2
Cover cuts applied:  6
Implied bound cuts applied:  17
Flow cuts applied:  1
Mixed integer rounding cuts applied:  3
Zero-half cuts applied:  28
Gomory fractional cuts applied:  2

Root node processing (before b&c):
  Real time             =    3.39 sec. (6794.23 ticks)
Parallel b&c, 20 threads:
  Real time             =    1.20 sec. (1065.51 ticks)
  Sync time (average)   =    0.96 sec.
  Wait time (average)   =    0.00 sec.
                          ------------
Total (root+branch&cut) =    4.59 sec. (7859.73 ticks)
Truck arcs:
0 3
1 11
2 4
3 6
4 1
6 8
8 9
9 2
49.8993
In write mode
