Instance name: /home/cuong/CLionProjects/uMV-FSTSP/rand_generated_instances_3p_settings/v20
Write arg val: 1

drone speed: 1 miles/minute
uav non-eligible customer: 7 10 12 
Printing tau:
0 4.04399 8.74836 4.38778 8.63955 14.8331 24.6143 22.0561 24.1065 6.10196 14.5555 0 
4.04399 0 12.4064 1.73295 4.98151 11.175 20.9563 18.3981 20.4485 2.05797 10.8975 4.04399 
8.74836 12.4064 0 13.1361 17.3879 23.5814 33.3627 30.8045 32.8549 13.1215 23.3039 8.74836 
4.38778 1.73295 13.1361 0 4.25177 10.4453 20.2266 17.6683 19.7187 3.79092 10.1677 4.38778 
8.63955 4.98151 17.3879 4.25177 0 6.19351 15.9748 13.4165 15.467 4.26641 5.91595 8.63955 
14.8331 11.175 23.5814 10.4453 6.19351 0 9.78127 7.22304 9.27347 10.4599 9.05462 14.8331 
24.6143 20.9563 33.3627 20.2266 15.9748 9.78127 0 2.55823 5.36003 20.2412 10.0588 24.6143 
22.0561 18.3981 30.8045 17.6683 13.4165 7.22304 2.55823 0 5.67813 17.683 9.36627 22.0561 
24.1065 20.4485 32.8549 19.7187 15.467 9.27347 5.36003 5.67813 0 19.7334 9.55102 24.1065 
6.10196 2.05797 13.1215 3.79092 4.26641 10.4599 20.2412 17.683 19.7334 0 10.1824 6.10196 
14.5555 10.8975 23.3039 10.1677 5.91595 9.05462 10.0588 9.36627 9.55102 10.1824 0 14.5555 
0 0 0 0 0 0 0 0 0 0 0 0 
Printing tau_prime:
0 1.92792 3.41346 1.75334 3.33604 6.01788 9.18869 8.37758 8.58791 2.6542 5.1522 0 
1.92792 0 4.38635 0.664796 1.76345 4.23395 7.5634 6.70632 7.23937 0.770277 4.20294 1.92792 
3.41346 4.38635 0 4.68644 6.14841 8.47252 11.8912 11.0105 11.6225 4.69369 8.41141 3.41346 
1.75334 0.664796 4.68644 0 1.59199 4.2655 7.4623 6.63779 6.97567 1.3403 3.74976 1.75334 
3.33604 1.76345 6.14841 1.59199 0 2.71817 5.87242 5.04589 5.47592 1.71503 2.62786 3.33604 
6.01788 4.23395 8.47252 4.2655 2.71817 0 3.4582 2.55611 3.78808 3.78248 3.2028 6.01788 
9.18869 7.5634 11.8912 7.4623 5.87242 3.4582 0 0.911438 1.90354 7.20004 4.78343 9.18869 
8.37758 6.70632 11.0105 6.63779 5.04589 2.55611 0.911438 0 2.1344 6.31696 4.24243 8.37758 
8.58791 7.23937 11.6225 6.97567 5.47592 3.78808 1.90354 2.1344 0 7.06346 3.61981 8.58791 
2.6542 0.770277 4.69369 1.3403 1.71503 3.78248 7.20004 6.31696 7.06346 0 4.33055 2.6542 
5.1522 4.20294 8.41141 3.74976 2.62786 3.2028 4.78343 4.24243 3.61981 4.33055 0 5.1522 
0 0 0 0 0 0 0 0 0 0 0 0 
Warning:  Output names have been modified due to duplicate names or characters invalid in LP format.
Version identifier: 22.1.1.0 | 2022-11-28 | 9160aff4d
CPXPARAM_MIP_Tolerances_Integrality              0
Tried aggregator 2 times.
MIP Presolve eliminated 727 rows and 1468 columns.
MIP Presolve modified 2381 coefficients.
Aggregator did 24 substitutions.
Reduced MIP has 1006 rows, 3284 columns, and 31171 nonzeros.
Reduced MIP has 3263 binaries, 0 generals, 0 SOSs, and 0 indicators.
Presolve time = 0.02 sec. (46.69 ticks)
Found incumbent of value 12715.828370 after 0.04 sec. (77.46 ticks)
Probing fixed 24 vars, tightened 0 bounds.
Probing time = 0.04 sec. (106.71 ticks)
Tried aggregator 2 times.
Detecting symmetries...
MIP Presolve eliminated 20 rows and 24 columns.
MIP Presolve modified 120 coefficients.
Aggregator did 2 substitutions.
Reduced MIP has 984 rows, 3258 columns, and 30972 nonzeros.
Reduced MIP has 3237 binaries, 0 generals, 0 SOSs, and 0 indicators.
Presolve time = 0.02 sec. (20.96 ticks)
Probing time = 0.00 sec. (6.59 ticks)
Clique table members: 15411.
MIP emphasis: balance optimality and feasibility.
MIP search method: dynamic search.
Parallel mode: deterministic, using up to 20 threads.
Root relaxation solution time = 0.07 sec. (163.30 ticks)

        Nodes                                         Cuts/
   Node  Left     Objective  IInf  Best Integer    Best Bound    ItCnt     Gap

*     0+    0                        12715.8284        4.0440            99.97%
      0     0       39.4524   225    12715.8284       39.4524       18   99.69%
*     0+    0                           82.0171       39.4524            51.90%
      0     0       40.9783   136       82.0171      Cuts: 10      540   50.04%
*     0+    0                           68.3395       40.9783            40.04%
      0     0       41.5126   160       68.3395      Cuts: 17     1248   39.26%
*     0+    0                           59.7288       41.5126            30.50%
      0     0       42.7477   185       59.7288      Cuts: 15     1996   28.43%
*     0+    0                           56.4830       42.7477            24.32%
      0     0       42.7484   195       56.4830      Cuts: 11     2240   24.32%
      0     0       43.5993   159       56.4830      Cuts: 10     2705   22.81%
Detecting symmetries...
*     0+    0                           54.0298       43.5993            19.31%
      0     0       43.6274   188       54.0298      Cuts: 23     3486   19.25%
      0     0       43.6384   222       54.0298  ZeroHalf: 15     3911   19.23%
      0     0       44.2546   166       54.0298      Cuts: 10     4915   16.63%
      0     0       44.2942   204       54.0298      Cuts: 14     5440   16.63%
*     0+    0                           53.0013       45.0439            15.01%
*     0+    0                           52.7067       48.3698             8.23%
      0     0  -1.00000e+75     0       52.7067       48.3698     5440    8.23%
Detecting symmetries...
      0     2       44.2942   187       52.7067       48.3698     5440    8.23%
Elapsed time = 1.46 sec. (2183.68 ticks, tree = 0.02 MB, solutions = 8)
    228    16    infeasible             52.7067       48.3698    25837    8.23%
    478    10       50.1728   165       52.7067       48.3698    60620    8.23%

Implied bound cuts applied:  13
Zero-half cuts applied:  15
Lift and project cuts applied:  1
Gomory fractional cuts applied:  2

Root node processing (before b&c):
  Real time             =    1.43 sec. (2148.84 ticks)
Parallel b&c, 20 threads:
  Real time             =    0.55 sec. (591.58 ticks)
  Sync time (average)   =    0.35 sec.
  Wait time (average)   =    0.00 sec.
                          ------------
Total (root+branch&cut) =    1.98 sec. (2740.42 ticks)
Feasible solution found!
Truck nodes:
Stage 1 at customer 0 with arrival time is: 0
Stage 1 at customer 0 with departure time is: 0
Stage 2 at customer 3 with arrival time is: 4.38778
Stage 2 at customer 3 with departure time is: 4.38778
Stage 3 at customer 10 with arrival time is: 14.5555
Stage 3 at customer 10 with departure time is: 15.5555
Stage 4 at customer 7 with arrival time is: 24.9217
Stage 4 at customer 7 with departure time is: 25.9217
Stage 5 at customer 5 with arrival time is: 33.1448
Stage 5 at customer 5 with departure time is: 35.1448
Stage 6 at customer 4 with arrival time is: 41.3383
Stage 6 at customer 4 with departure time is: 41.3383
Stage 7 at customer 9 with arrival time is: 45.6047
Stage 7 at customer 9 with departure time is: 45.6047
Stage 8 at customer 1 with arrival time is: 47.6627
Stage 8 at customer 1 with departure time is: 47.6627
Stage 9 at customer 11 with arrival time is: 51.7067
Stage 9 at customer 11 with departure time is: 52.7067
Truck arcs:
Arc 1 connecting 0 and 3 with cost 4.38778 
Arc 2 connecting 3 and 10 with cost 10.1677 
Arc 3 connecting 10 and 7 with cost 9.36627 
Arc 4 connecting 7 and 5 with cost 7.22304 
Arc 5 connecting 5 and 4 with cost 6.19351 
Arc 6 connecting 4 and 9 with cost 4.26641 
Arc 7 connecting 9 and 1 with cost 2.05797 
Arc 8 connecting 1 and 11 with cost 4.04399 
Drone served customers
Drone flies from stage 1 to stage 3
Drone flies from stage 4 to stage 5
Drone flies from stage 5 to stage 9
Drone flies from stage 1 to stage 3 to serve customer 2
Drone flies from stage 5 to stage 9 to serve customer 6
Drone flies from stage 4 to stage 5 to serve customer 8
1
Customer 2 served by drone.
Y_val: 1
W_val: 1
Drone fly from 0 at stage 1 to serve 2 and then fly back to 10 at stage 3. 
Truck travel time from stage 1 to 3 is: 14.5555
Start arc cost: 3.41346, end arc cost: 8.41141. Total drone travel time: 11.8249
Drone arrival time: 11.8249
Truck arrival time: 14.5555
Truck departure time = max(d/a, t/a) plus (sl/sr): 15.5555
1
Customer 6 served by drone.
Y_val: 1
W_val: 1
Drone fly from 5 at stage 5 to serve 6 and then fly back to 11 at stage 9. 
Truck travel time from stage 5 to 9 is: 16.5619
Start arc cost: 3.4582, end arc cost: 9.18869. Total drone travel time: 12.6469
Drone arrival time: 47.7917
Truck arrival time: 51.7067
Truck departure time = max(d/a, t/a) plus (sl/sr): 52.7067
1
Customer 8 served by drone.
Y_val: 1
W_val: 1
Drone fly from 7 at stage 4 to serve 8 and then fly back to 5 at stage 5. 
Truck travel time from stage 4 to 5 is: 7.22304
Start arc cost: 2.1344, end arc cost: 3.78808. Total drone travel time: 5.92248
Drone arrival time: 31.8442
Truck arrival time: 33.1448
Truck departure time = max(d/a, t/a) plus (sl/sr): 35.1448
Done!
-------------------------Re-calculated objective-----------------------
52.7067
------------------------------------------------------------------------
Solve time: 1.983
OBJECTIVE VALUE: 52.7067, NUMBER OF SORTIES: 3.
In write mode
