Instance name: /home/cuong/CLionProjects/uMV-FSTSP/rand_generated_instances/v31
Write arg val: 1

drone speed: 1 miles/minute
uav non-eligible customer: 12 
Printing tau:
0 12.6608 0.445502 11.5753 0.645428 13.846 20.8113 15.2048 20.6861 5.88217 2.68138 0 
12.6608 0 12.2168 6.11223 13.3063 12.945 33.4721 16.1058 33.347 18.543 10.637 12.6608 
0.445502 12.2168 0 11.1312 1.08946 13.4005 21.2553 15.6503 21.1302 6.3262 2.23588 0.445502 
11.5753 6.11223 11.1312 0 12.2207 9.31652 32.3866 22.218 32.2614 17.4574 9.55139 11.5753 
0.645428 13.3063 1.08946 12.2207 0 14.0012 20.1659 15.0496 20.0407 5.23674 2.83655 0.645428 
13.846 12.945 13.4005 9.31652 14.0012 0 23.07 29.0508 22.9449 18.5105 11.1646 13.846 
20.8113 33.4721 21.2553 32.3866 20.1659 23.07 0 20.4549 0.405576 14.9291 22.8352 20.8113 
15.2048 16.1058 15.6503 22.218 15.0496 29.0508 20.4549 0 20.3297 10.5403 17.8862 15.2048 
20.6861 33.347 21.1302 32.2614 20.0407 22.9449 0.405576 20.3297 0 14.804 22.71 20.6861 
5.88217 18.543 6.3262 17.4574 5.23674 18.5105 14.9291 10.5403 14.804 0 7.90604 5.88217 
2.68138 10.637 2.23588 9.55139 2.83655 11.1646 22.8352 17.8862 22.71 7.90604 0 2.68138 
0 0 0 0 0 0 0 0 0 0 0 0 
Printing tau_prime:
0 4.48761 0.222385 4.78503 0.234694 4.96001 7.41738 5.37719 7.39309 2.65419 1.18774 0 
4.48761 0 4.3223 2.19482 4.71927 5.8713 11.8504 7.32159 11.8146 6.84488 3.81305 4.48761 
0.222385 4.3223 0 4.56945 0.439847 4.78104 7.55526 5.54045 7.52749 2.87518 0.967927 0.222385 
4.78503 2.19482 4.56945 0 5.00913 4.0848 11.5538 8.91631 11.4916 7.42573 3.708 4.78503 
0.234694 4.71927 0.439847 5.00913 0 5.05553 7.19843 5.32183 7.17591 2.44331 1.3771 0.234694 
4.96001 5.8713 4.78104 4.0848 5.05553 0 9.06603 10.3125 8.9643 7.14943 3.94816 4.96001 
7.41738 11.8504 7.55526 11.5538 7.19843 9.06603 0 9.59981 0.150064 5.87796 8.07346 7.41738 
5.37719 7.32159 5.54045 8.91631 5.32183 10.3125 9.59981 0 9.66175 4.2076 6.37947 5.37719 
7.39309 11.8146 7.52749 11.4916 7.17591 8.9643 0.150064 9.66175 0 5.90319 8.0303 7.39309 
2.65419 6.84488 2.87518 7.42573 2.44331 7.14943 5.87796 4.2076 5.90319 0 3.81556 2.65419 
1.18774 3.81305 0.967927 3.708 1.3771 3.94816 8.07346 6.37947 8.0303 3.81556 0 1.18774 
0 0 0 0 0 0 0 0 0 0 0 0 
Printing number of nodes: 11

Version identifier: 22.1.1.0 | 2022-11-28 | 9160aff4d
CPXPARAM_ClockType                               0
CPXPARAM_Emphasis_MIP                            2
CPXPARAM_MIP_Tolerances_Integrality              0
Tried aggregator 2 times.
MIP Presolve eliminated 280 rows and 574 columns.
MIP Presolve modified 1839 coefficients.
Aggregator did 1 substitutions.
Reduced MIP has 5705 rows, 1140 columns, and 166698 nonzeros.
Reduced MIP has 1130 binaries, 0 generals, 0 SOSs, and 0 indicators.
Presolve time = 0.11 sec. (374.88 ticks)
Found incumbent of value 178.255910 after 0.18 sec. (501.73 ticks)
Probing fixed 100 vars, tightened 0 bounds.
Probing time = 0.04 sec. (48.61 ticks)
Tried aggregator 1 time.
Detecting symmetries...
MIP Presolve eliminated 8 rows and 100 columns.
MIP Presolve modified 93 coefficients.
Reduced MIP has 5697 rows, 1040 columns, and 166209 nonzeros.
Reduced MIP has 1030 binaries, 0 generals, 0 SOSs, and 0 indicators.
Presolve time = 0.06 sec. (145.72 ticks)
Probing time = 0.01 sec. (14.79 ticks)
Clique table members: 84533.
MIP emphasis: optimality.
MIP search method: dynamic search.
Parallel mode: deterministic, using up to 20 threads.
Root relaxation solution time = 0.20 sec. (236.47 ticks)

        Nodes                                         Cuts/
   Node  Left     Objective  IInf  Best Integer    Best Bound    ItCnt     Gap

*     0+    0                          178.2559      -10.0000           105.61%
*     0+    0                          151.4767      -10.0000           106.60%
      0     0       46.1367   139      151.4767       46.1367      996   69.54%
*     0+    0                           86.9271       46.1367            46.92%
      0     0       49.3401   171       86.9271      Cuts: 69     2108   42.37%
      0     0       49.5453   168       86.9271      Cuts: 29     2324   42.37%
      0     0       49.8110   167       86.9271      Cuts: 25     2546   42.37%
*     0+    0                           78.6365       50.0946            36.30%
      0     0  -1.00000e+75     0       78.6365       50.0946     2546   36.30%
*     0+    0                           60.5749       50.0946            17.30%
      0     0       49.8298   199       60.5749      Cuts: 17     2610   17.23%
      0     0       49.8638   202       60.5749       Cuts: 8     2653   17.23%
Detecting symmetries...
      0     0       49.9101   200       60.5749      Cuts: 11     2719   17.23%
      0     0       49.9530   201       60.5749       Cuts: 7     2760   17.23%
      0     0       49.9573   198       60.5749      Cuts: 14     2778   17.23%
*     0+    0                           57.8369       50.1402            13.31%
Detecting symmetries...
      0     2       49.9573   198       57.8369       50.3586     2778   12.93%
Elapsed time = 2.27 sec. (5162.16 ticks, tree = 0.02 MB, solutions = 6)
      6     6       50.8904   259       57.8369       50.3586     3506   12.93%
     60    34       53.4704   231       57.8369       50.7939     7952   12.18%
    200   112        cutoff             57.8369       51.1243    19704   11.61%
    302   118       57.1695   227       57.8369       51.1322    26106   11.59%
    517   181       56.8142    55       57.8369       51.1322    39762   11.59%
    803   328       56.9487   163       57.8369       51.3827    59559   11.16%
   1113   404       54.4327   170       57.8369       51.4079    70131   11.12%
   1354   527       57.7972    71       57.8369       53.2914    84644    7.86%
   1532   524       55.3082   199       57.8369       53.6814    97323    7.18%
   3315   271       57.6159    76       57.8369       57.1025   150136    1.27%
Elapsed time = 7.60 sec. (8294.43 ticks, tree = 0.24 MB, solutions = 6)

Clique cuts applied:  25
Cover cuts applied:  32
Implied bound cuts applied:  58
Flow cuts applied:  3
Mixed integer rounding cuts applied:  7
Zero-half cuts applied:  28
Gomory fractional cuts applied:  3

Root node processing (before b&c):
  Real time             =    2.24 sec. (5110.26 ticks)
Parallel b&c, 20 threads:
  Real time             =    5.59 sec. (3277.16 ticks)
  Sync time (average)   =    2.18 sec.
  Wait time (average)   =    0.00 sec.
                          ------------
Total (root+branch&cut) =    7.83 sec. (8387.42 ticks)
Truck arcs:
0 9
1 3
2 4
3 10
4 11
7 1
9 7
10 2
57.8369
In write mode
