Instance name: /home/cuong/CLionProjects/uMV-FSTSP/rand_generated_instances/v32
Write arg val: 1

drone speed: 1 miles/minute
uav non-eligible customer: 12 
Printing tau:
0 5.83553 2.28062 6.046 9.26658 23.0167 13.9785 11.0214 21.3531 9.34872 14.4451 0 
5.83553 0 8.11615 3.50094 3.43104 24.5368 15.4987 5.18591 22.8732 3.51318 20.2806 5.83553 
2.28062 8.11615 0 8.32662 11.5472 21.5475 12.5093 13.3021 19.8839 11.6293 12.1645 2.28062 
6.046 3.50094 8.32662 0 6.5147 21.0359 11.9977 4.97544 19.3723 6.27377 20.4911 6.046 
9.26658 3.43104 11.5472 6.5147 0 27.5506 18.5124 1.95839 25.887 0.240925 23.7116 9.26658 
23.0167 24.5368 21.5475 21.0359 27.5506 0 9.03815 25.5922 4.71854 27.3096 16.6593 23.0167 
13.9785 15.4987 12.5093 11.9977 18.5124 9.03815 0 16.554 7.37456 18.2715 13.6792 13.9785 
11.0214 5.18591 13.3021 4.97544 1.95839 25.5922 16.554 0 23.9286 1.71746 25.4665 11.0214 
21.3531 22.8732 19.8839 19.3723 25.887 4.71854 7.37456 23.9286 0 25.646 12.8061 21.3531 
9.34872 3.51318 11.6293 6.27377 0.240925 27.3096 18.2715 1.71746 25.646 0 23.7938 9.34872 
14.4451 20.2806 12.1645 20.4911 23.7116 16.6593 13.6792 25.4665 12.8061 23.7938 0 14.4451 
0 0 0 0 0 0 0 0 0 0 0 0 
Printing tau_prime:
0 2.13203 0.959146 2.24938 3.64736 8.17519 4.94956 4.00165 7.60119 3.6371 5.93413 0 
2.13203 0 3.05794 1.24 1.61457 8.76904 5.95595 1.87108 8.60768 1.58237 8.00508 2.13203 
0.959146 3.05794 0 2.94946 4.60129 7.78217 4.45502 4.91559 7.03046 4.58862 4.97581 0.959146 
2.24938 1.24 2.94946 0 2.56937 7.55968 4.87784 2.38524 7.48659 2.50669 7.60755 2.24938 
3.64736 1.61457 4.60129 2.56937 0 10.0547 7.44445 0.929707 10.0542 0.0899942 9.57439 3.64736 
8.17519 8.76904 7.78217 7.55968 10.0547 0 3.36469 9.569 1.7689 9.97946 7.80148 8.17519 
4.94956 5.95595 4.45502 4.87784 7.44445 3.36469 0 7.18485 2.67877 7.3837 5.20363 4.94956 
4.00165 1.87108 4.91559 2.38524 0.929707 9.569 7.18485 0 9.71804 0.847621 9.82505 4.00165 
7.60119 8.60768 7.03046 7.48659 10.0542 1.7689 2.67877 9.71804 0 9.98883 6.1905 7.60119 
3.6371 1.58237 4.58862 2.50669 0.0899942 9.97946 7.3837 0.847621 9.98883 0 9.55908 3.6371 
5.93413 8.00508 4.97581 7.60755 9.57439 7.80148 5.20363 9.82505 6.1905 9.55908 0 5.93413 
0 0 0 0 0 0 0 0 0 0 0 0 
Printing number of nodes: 11

Version identifier: 22.1.1.0 | 2022-11-28 | 9160aff4d
CPXPARAM_ClockType                               0
CPXPARAM_Emphasis_MIP                            2
CPXPARAM_MIP_Tolerances_Integrality              0
Tried aggregator 1 time.
MIP Presolve eliminated 282 rows and 574 columns.
MIP Presolve modified 1623 coefficients.
Reduced MIP has 5704 rows, 1141 columns, and 166708 nonzeros.
Reduced MIP has 1131 binaries, 0 generals, 0 SOSs, and 0 indicators.
Presolve time = 0.06 sec. (192.99 ticks)
Probing fixed 121 vars, tightened 0 bounds.
Probing time = 0.04 sec. (48.08 ticks)
Tried aggregator 1 time.
MIP Presolve eliminated 9 rows and 121 columns.
MIP Presolve modified 70 coefficients.
Reduced MIP has 5695 rows, 1020 columns, and 166118 nonzeros.
Reduced MIP has 1010 binaries, 0 generals, 0 SOSs, and 0 indicators.
Presolve time = 0.05 sec. (156.93 ticks)
Probing time = 0.44 sec. (14.67 ticks)
Tried aggregator 1 time.
Detecting symmetries...
Reduced MIP has 5695 rows, 1020 columns, and 166118 nonzeros.
Reduced MIP has 1010 binaries, 0 generals, 0 SOSs, and 0 indicators.
Presolve time = 0.04 sec. (91.57 ticks)
Probing time = 0.01 sec. (14.64 ticks)
Clique table members: 84810.
MIP emphasis: optimality.
MIP search method: dynamic search.
Parallel mode: deterministic, using up to 20 threads.
Root relaxation solution time = 0.20 sec. (250.98 ticks)

        Nodes                                         Cuts/
   Node  Left     Objective  IInf  Best Integer    Best Bound    ItCnt     Gap

*     0+    0                          141.5995      -10.0000           107.06%
      0     0       39.6050   152      141.5995       39.6050     1094   72.03%
*     0+    0                           64.8239       39.6050            38.90%
      0     0       42.0545   185       64.8239     Cuts: 101     3529   35.13%
      0     0       42.0987   197       64.8239      Cuts: 10     3588   35.06%
      0     0       42.1107   201       64.8239   ZeroHalf: 5     3625   35.04%
      0     0       42.5748   196       64.8239       Cuts: 5     3829   34.32%
      0     0       42.5962   190       64.8239       Cuts: 8     3884   34.29%
Detecting symmetries...
      0     0       42.6236   210       64.8239      Cuts: 14     3946   34.25%
      0     0       42.6345   209       64.8239      Cuts: 12     3986   34.23%
      0     0       42.6481   209       64.8239      Cuts: 17     4011   34.21%
      0     0       42.6572   216       64.8239       Cuts: 6     4032   34.20%
      0     0       42.6624   200       64.8239       Cuts: 3     4056   34.19%
      0     0       42.7078   197       64.8239       Cuts: 5     4113   34.12%
      0     0       42.7845   226       64.8239       Cuts: 5     4186   34.00%
      0     0       42.7953   221       64.8239       Cuts: 8     4226   33.98%
      0     0       42.8039   220       64.8239       Cuts: 6     4261   33.97%
      0     0       42.8118   231       64.8239       Cuts: 7     4293   33.96%
      0     0       42.8223   229       64.8239       Cuts: 8     4331   33.94%
      0     0       42.8261   235       64.8239    MIRcuts: 4     4345   33.93%
      0     0       42.8344   226       64.8239       Cuts: 3     4369   33.92%
      0     0       42.8346   231       64.8239    MIRcuts: 1     4375   33.92%
*     0+    0                           57.6173       42.8346            25.66%
Detecting symmetries...
      0     2       42.8346   230       57.6173       42.8346     4375   25.66%
Elapsed time = 2.97 sec. (5859.82 ticks, tree = 0.02 MB, solutions = 3)
*     7+    2                           56.6173       43.0767            23.92%
      7     4       46.4887   226       56.6173       43.0767     5594   23.92%
*    12+    6                           49.1246       43.0767            12.31%
*    21    12      integral     0       48.3111       43.0966     7073   10.79%
     50    14       47.9880   125       48.3111       43.8393    11298    9.26%
*    90    12      integral     0       47.9880       44.0559    11365    8.19%

Clique cuts applied:  10
Cover cuts applied:  2
Implied bound cuts applied:  14
Flow cuts applied:  6
Mixed integer rounding cuts applied:  11
Zero-half cuts applied:  21
Gomory fractional cuts applied:  1

Root node processing (before b&c):
  Real time             =    2.92 sec. (5781.76 ticks)
Parallel b&c, 20 threads:
  Real time             =    0.70 sec. (839.40 ticks)
  Sync time (average)   =    0.46 sec.
  Wait time (average)   =    0.00 sec.
                          ------------
Total (root+branch&cut) =    3.62 sec. (6621.15 ticks)
Truck arcs:
0 2
1 11
2 6
3 7
4 1
6 3
7 9
9 4
47.988
In write mode
