Instance name: /home/cuong/CLionProjects/uMV-FSTSP/rand_generated_instances/v34
Write arg val: 1

drone speed: 1 miles/minute
uav non-eligible customer: 4 12 
Printing tau:
0 13.6208 16.8217 8.81708 6.37692 19.0043 21.443 17.5468 7.90025 15.3429 19.9946 0 
13.6208 0 3.20094 7.83058 9.14453 20.9712 23.41 19.5137 5.72051 17.3098 21.9616 13.6208 
16.8217 3.20094 0 11.0315 12.3455 19.3078 21.7466 18.5517 8.92144 15.6465 20.2982 16.8217 
8.81708 7.83058 11.0315 0 2.44016 27.8213 30.2601 26.3639 6.55211 24.16 28.8117 8.81708 
6.37692 9.14453 12.3455 2.44016 0 25.3812 27.8199 23.9237 4.11196 21.7198 26.3715 6.37692 
19.0043 20.9712 19.3078 27.8213 25.3812 0 15.1162 18.7227 21.2692 8.07147 7.71407 19.0043 
21.443 23.41 21.7466 30.2601 27.8199 15.1162 0 3.89625 23.708 7.04471 7.40211 21.443 
17.5468 19.5137 18.5517 26.3639 23.9237 18.7227 3.89625 0 19.8117 10.6512 11.0086 17.5468 
7.90025 5.72051 8.92144 6.55211 4.11196 21.2692 23.708 19.8117 0 17.6079 22.2596 7.90025 
15.3429 17.3098 15.6465 24.16 21.7198 8.07147 7.04471 10.6512 17.6079 0 4.65172 15.3429 
19.9946 21.9616 20.2982 28.8117 26.3715 7.71407 7.40211 11.0086 22.2596 4.65172 0 19.9946 
0 0 0 0 0 0 0 0 0 0 0 0 
Printing tau_prime:
0 4.86562 5.94834 3.72939 2.75458 9.01326 7.61023 6.2338 2.90568 6.27487 7.79324 0 
4.86562 0 1.27538 3.67836 3.5894 7.50966 9.25983 8.77804 2.02525 6.34149 7.91489 4.86562 
5.94834 1.27538 0 4.92664 4.86436 6.82662 9.32922 9.10221 3.22954 6.19708 7.65601 5.94834 
3.72939 3.67836 4.92664 0 0.979849 10.6038 10.7877 9.69282 2.43369 8.61327 10.2609 3.72939 
2.75458 3.5894 4.86436 0.979849 0 10.0054 9.87869 8.73829 1.89183 7.83827 9.47708 2.75458 
9.01326 7.50966 6.82662 10.6038 10.0054 0 5.41348 6.63949 8.1781 3.13357 2.74972 9.01326 
7.61023 9.25983 9.32922 10.7877 9.87869 5.41348 0 1.87709 8.64837 3.29468 2.66667 7.61023 
6.2338 8.77804 9.10221 9.69282 8.73829 6.63949 1.87709 0 7.78819 3.84554 3.98719 6.2338 
2.90568 2.02525 3.22954 2.43369 1.89183 8.1781 8.64837 7.78819 0 6.23577 7.88502 2.90568 
6.27487 6.34149 6.19708 8.61327 7.83827 3.13357 3.29468 3.84554 6.23577 0 1.64948 6.27487 
7.79324 7.91489 7.65601 10.2609 9.47708 2.74972 2.66667 3.98719 7.88502 1.64948 0 7.79324 
0 0 0 0 0 0 0 0 0 0 0 0 
Printing number of nodes: 11

Version identifier: 22.1.1.0 | 2022-11-28 | 9160aff4d
CPXPARAM_ClockType                               0
CPXPARAM_Emphasis_MIP                            2
CPXPARAM_MIP_Tolerances_Integrality              0
Tried aggregator 2 times.
MIP Presolve eliminated 476 rows and 746 columns.
MIP Presolve modified 1491 coefficients.
Aggregator did 2 substitutions.
Reduced MIP has 5652 rows, 967 columns, and 163446 nonzeros.
Reduced MIP has 958 binaries, 0 generals, 0 SOSs, and 0 indicators.
Presolve time = 0.08 sec. (267.80 ticks)
Found incumbent of value 231.757350 after 0.13 sec. (383.57 ticks)
Probing fixed 99 vars, tightened 0 bounds.
Probing changed sense of 18 constraints.
Probing time = 0.22 sec. (41.12 ticks)
Tried aggregator 1 time.
MIP Presolve eliminated 31 rows and 117 columns.
MIP Presolve modified 90 coefficients.
Reduced MIP has 5621 rows, 850 columns, and 162879 nonzeros.
Reduced MIP has 841 binaries, 0 generals, 0 SOSs, and 0 indicators.
Presolve time = 0.07 sec. (181.40 ticks)
Probing time = 0.01 sec. (14.43 ticks)
Tried aggregator 1 time.
Detecting symmetries...
Reduced MIP has 5621 rows, 850 columns, and 162879 nonzeros.
Reduced MIP has 841 binaries, 0 generals, 0 SOSs, and 0 indicators.
Presolve time = 0.04 sec. (88.10 ticks)
Probing time = 0.01 sec. (13.41 ticks)
Clique table members: 83345.
MIP emphasis: optimality.
MIP search method: dynamic search.
Parallel mode: deterministic, using up to 20 threads.
Root relaxation solution time = 0.18 sec. (220.74 ticks)

        Nodes                                         Cuts/
   Node  Left     Objective  IInf  Best Integer    Best Bound    ItCnt     Gap

*     0+    0                          231.7574        3.7538            98.38%
      0     0       49.5502   160      231.7574       49.5502      950   78.62%
*     0+    0                           72.5537       49.5502            31.71%
      0     0       50.2279   214       72.5537      Cuts: 83     1826   28.61%
      0     0       50.6735   207       72.5537      Cuts: 27     2094   28.61%
*     0+    0                           71.9374       51.7946            28.00%
      0     0       50.9461   179       71.9374      Cuts: 21     2277   28.00%
      0     0       51.1147   210       71.9374      Cuts: 18     2382   28.00%
      0     0       51.1930   222       71.9374      Cuts: 15     2443   28.00%
Detecting symmetries...
      0     0       51.2467   214       71.9374      Cuts: 15     2491   28.00%
      0     0       51.2873   228       71.9374      Cuts: 10     2550   28.00%
      0     0       51.3248   237       71.9374      Cuts: 10     2618   28.00%
*     0+    0                           67.6626       51.7946            23.45%
Detecting symmetries...
      0     2       51.3248   237       67.6626       59.4082     2618   12.20%
Elapsed time = 2.20 sec. (4317.34 ticks, tree = 0.02 MB, solutions = 4)
      5     3       53.4316   207       67.6626       59.4082     3754   12.20%
     12     5       65.5010   228       67.6626       59.4082     5092   12.20%
     91    24    infeasible             67.6626       61.2199    14342    9.52%
    265    30    infeasible             67.6626       62.2801    25188    7.96%
*   343+   32                           67.0872       62.2801             7.17%
    533    25        cutoff             67.0872       62.3432    36395    7.07%
    667     9        cutoff             67.0872       65.5845    48187    2.24%

Clique cuts applied:  17
Cover cuts applied:  13
Implied bound cuts applied:  88
Mixed integer rounding cuts applied:  6
Zero-half cuts applied:  28

Root node processing (before b&c):
  Real time             =    2.17 sec. (4271.68 ticks)
Parallel b&c, 20 threads:
  Real time             =    1.79 sec. (1748.17 ticks)
  Sync time (average)   =    1.07 sec.
  Wait time (average)   =    0.00 sec.
                          ------------
Total (root+branch&cut) =    3.96 sec. (6019.84 ticks)
Truck arcs:
0 7
4 11
6 9
7 6
8 4
9 8
67.0872
In write mode
