Instance name: /home/cuong/CLionProjects/uMV-FSTSP/rand_generated_instances/v43
Write arg val: 1

drone speed: 1 miles/minute
uav non-eligible customer: 1 9 12 
Printing tau:
0 6.26658 8.71697 11.8624 8.44954 24.6746 6.86208 10.6177 3.84152 22.003 9.73025 0 
6.26658 0 2.45039 9.81316 5.93013 18.408 11.4671 10.3314 4.68317 15.7364 5.2254 6.26658 
8.71697 2.45039 0 8.55256 4.66954 15.9576 13.9175 9.07085 7.13356 13.286 3.96481 8.71697 
11.8624 9.81316 8.55256 0 3.88302 14.8211 17.0629 1.24467 10.279 16.5642 4.58776 11.8624 
8.44954 5.93013 4.66954 3.88302 0 16.2251 13.6501 4.40131 6.86612 13.5534 1.28071 8.44954 
24.6746 18.408 15.9576 14.8211 16.2251 0 29.8751 15.3394 23.0912 2.67167 14.9444 24.6746 
6.86208 11.4671 13.9175 17.0629 13.6501 29.8751 0 15.8183 6.78394 27.2035 14.9308 6.86208 
10.6177 10.3314 9.07085 1.24467 4.40131 15.3394 15.8183 0 9.68082 17.0824 5.10605 10.6177 
3.84152 4.68317 7.13356 10.279 6.86612 23.0912 6.78394 9.68082 0 20.4195 8.14683 3.84152 
22.003 15.7364 13.286 16.5642 13.5534 2.67167 27.2035 17.0824 20.4195 0 12.2727 22.003 
9.73025 5.2254 3.96481 4.58776 1.28071 14.9444 14.9308 5.10605 8.14683 12.2727 0 9.73025 
0 0 0 0 0 0 0 0 0 0 0 0 
Printing tau_prime:
0 2.72602 3.28688 4.5966 3.03032 9.34805 3.04413 4.28418 1.46903 8.73598 3.44992 0 
2.72602 0 0.974262 3.99392 2.23416 6.74477 4.13991 3.96345 1.67165 6.05402 2.21647 2.72602 
3.28688 0.974262 0 3.2218 1.65364 6.06157 5.08524 3.27668 2.5313 5.48524 1.44682 3.28688 
4.5966 3.99392 3.2218 0 1.82776 6.92656 7.41258 0.476685 4.86839 6.8666 1.78863 4.5966 
3.03032 2.23416 1.65364 1.82776 0 6.91822 5.64818 1.73467 3.0622 6.56226 0.516825 3.03032 
9.34805 6.74477 6.06157 6.92656 6.91822 0 10.6036 7.35606 8.40553 1.12783 6.40367 9.34805 
3.04413 4.13991 5.08524 7.41258 5.64818 10.6036 0 7.17236 2.62549 9.74181 5.92259 3.04413 
4.28418 3.96345 3.27668 0.476685 1.73467 7.35606 7.17236 0 4.68157 7.25804 1.83233 4.28418 
1.46903 1.67165 2.5313 4.86839 3.0622 8.40553 2.62549 4.68157 0 7.67904 3.3034 1.46903 
8.73598 6.05402 5.48524 6.8666 6.56226 1.12783 9.74181 7.25804 7.67904 0 6.06273 8.73598 
3.44992 2.21647 1.44682 1.78863 0.516825 6.40367 5.92259 1.83233 3.3034 6.06273 0 3.44992 
0 0 0 0 0 0 0 0 0 0 0 0 
Printing number of nodes: 11

Version identifier: 22.1.1.0 | 2022-11-28 | 9160aff4d
CPXPARAM_ClockType                               0
CPXPARAM_Emphasis_MIP                            2
CPXPARAM_MIP_Tolerances_Integrality              0
Tried aggregator 2 times.
MIP Presolve eliminated 879 rows and 547 columns.
MIP Presolve modified 1739 coefficients.
Aggregator did 2 substitutions.
Reduced MIP has 5393 rows, 1166 columns, and 153000 nonzeros.
Reduced MIP has 1158 binaries, 0 generals, 0 SOSs, and 0 indicators.
Presolve time = 0.07 sec. (195.78 ticks)
Found incumbent of value 147.542110 after 0.13 sec. (308.13 ticks)
Probing fixed 140 vars, tightened 0 bounds.
Probing changed sense of 32 constraints.
Probing time = 0.06 sec. (47.35 ticks)
Tried aggregator 1 time.
MIP Presolve eliminated 48 rows and 172 columns.
MIP Presolve modified 73 coefficients.
Reduced MIP has 5345 rows, 994 columns, and 152155 nonzeros.
Reduced MIP has 986 binaries, 0 generals, 0 SOSs, and 0 indicators.
Presolve time = 0.07 sec. (171.31 ticks)
Probing time = 0.04 sec. (14.38 ticks)
Tried aggregator 1 time.
Detecting symmetries...
Reduced MIP has 5345 rows, 994 columns, and 152155 nonzeros.
Reduced MIP has 986 binaries, 0 generals, 0 SOSs, and 0 indicators.
Presolve time = 0.04 sec. (82.65 ticks)
Probing time = 0.01 sec. (14.35 ticks)
Clique table members: 76293.
MIP emphasis: optimality.
MIP search method: dynamic search.
Parallel mode: deterministic, using up to 20 threads.
Root relaxation solution time = 0.05 sec. (87.29 ticks)

        Nodes                                         Cuts/
   Node  Left     Objective  IInf  Best Integer    Best Bound    ItCnt     Gap

*     0+    0                          147.5421       -0.3170           100.21%
      0     0       53.0059    74      147.5421       53.0059      570   64.07%
*     0+    0                           60.3624       53.0059            12.19%
      0     0       53.0059    82       60.3624       Cuts: 3      795   12.19%
*     0+    0                           57.5808       53.0059             7.95%
      0     0       53.0059    53       57.5808   ZeroHalf: 1      935    7.95%
      0     0       53.0059    83       57.5808      Cuts: 14     1089    7.95%
*     0+    0                           55.2922       53.0059             4.13%
Detecting symmetries...

Repeating presolve.
Tried aggregator 1 time.
MIP Presolve eliminated 4253 rows and 391 columns.
MIP Presolve modified 2669 coefficients.
Reduced MIP has 1092 rows, 603 columns, and 14193 nonzeros.
Reduced MIP has 595 binaries, 0 generals, 0 SOSs, and 0 indicators.
Presolve time = 0.10 sec. (312.41 ticks)
Probing changed sense of 17 constraints.
Probing time = 0.01 sec. (11.98 ticks)
Tried aggregator 1 time.
MIP Presolve eliminated 18 rows and 13 columns.
MIP Presolve modified 385 coefficients.
Reduced MIP has 1074 rows, 590 columns, and 13851 nonzeros.
Reduced MIP has 582 binaries, 0 generals, 0 SOSs, and 0 indicators.
Presolve time = 0.02 sec. (48.33 ticks)
Probing time = 0.00 sec. (4.30 ticks)
Tried aggregator 1 time.
Detecting symmetries...
Reduced MIP has 1074 rows, 590 columns, and 13851 nonzeros.
Reduced MIP has 582 binaries, 0 generals, 0 SOSs, and 0 indicators.
Presolve time = 0.01 sec. (17.75 ticks)
Represolve time = 0.15 sec. (409.79 ticks)
Probing time = 0.00 sec. (4.30 ticks)
Clique table members: 33397.
MIP emphasis: optimality.
MIP search method: dynamic search.
Parallel mode: deterministic, using up to 20 threads.
Root relaxation solution time = 0.02 sec. (13.71 ticks)

        Nodes                                         Cuts/
   Node  Left     Objective  IInf  Best Integer    Best Bound    ItCnt     Gap

*     0+    0                           55.2922       53.0059             4.13%
      0     0       53.0059    33       55.2922       53.0059     1414    4.13%
      0     0       53.0059    63       55.2922       Cuts: 2     1485    4.13%
      0     0       53.0059    59       55.2922       Cuts: 4     1594    4.13%
      0     0       53.0059    73       55.2922       Cuts: 7     1698    4.13%
*     0+    0                           53.2640       53.0059             0.48%
      0     0        cutoff             53.2640       53.2640     1698    0.00%
Elapsed time = 1.49 sec. (2386.47 ticks, tree = 0.01 MB, solutions = 5)

Zero-half cuts applied:  3

Root node processing (before b&c):
  Real time             =    1.49 sec. (2386.61 ticks)
Parallel b&c, 20 threads:
  Real time             =    0.00 sec. (0.00 ticks)
  Sync time (average)   =    0.00 sec.
  Wait time (average)   =    0.00 sec.
                          ------------
Total (root+branch&cut) =    1.49 sec. (2386.61 ticks)
Truck arcs:
0 1
1 2
2 9
4 8
8 11
9 10
10 4
53.264
In write mode
