Instance name: /home/cuong/CLionProjects/uMV-FSTSP/rand_generated_instances/v45
Write arg val: 1

drone speed: 1 miles/minute
uav non-eligible customer: 12 
Printing tau:
0 4.23764 5.67295 2.88735 10.5109 16.5121 4.29174 2.87114 14.2957 7.23231 23.4943 0 
4.23764 0 1.43531 2.13516 6.27323 16.7458 4.058 6.73817 14.5294 7.46604 23.728 4.23764 
5.67295 1.43531 0 2.7856 4.83791 17.221 4.24507 8.17349 15.0046 7.94126 24.2033 5.67295 
2.88735 2.13516 2.7856 0 7.62352 14.6106 6.19317 5.38788 12.3942 5.33088 21.5929 2.88735 
10.5109 6.27323 4.83791 7.62352 0 16.1722 9.08298 13.0114 13.9558 9.50524 23.1544 10.5109 
16.5121 16.7458 17.221 14.6106 16.1722 0 20.8038 13.6409 11.0599 9.27976 6.98223 16.5121 
4.29174 4.058 4.24507 6.19317 9.08298 20.8038 0 7.16288 18.5874 11.524 27.786 4.29174 
2.87114 6.73817 8.17349 5.38788 13.0114 13.6409 7.16288 0 15.8563 4.36117 20.6232 2.87114 
14.2957 14.5294 15.0046 12.3942 13.9558 11.0599 18.5874 15.8563 0 12.3501 14.8719 14.2957 
7.23231 7.46604 7.94126 5.33088 9.50524 9.27976 11.524 4.36117 12.3501 0 16.262 7.23231 
23.4943 23.728 24.2033 21.5929 23.1544 6.98223 27.786 20.6232 14.8719 16.262 0 23.4943 
0 0 0 0 0 0 0 0 0 0 0 0 
Printing tau_prime:
0 1.50051 2.02129 1.2223 3.7181 5.89406 1.59914 1.34611 6.91685 2.58161 8.32377 0 
1.50051 0 0.534551 0.893182 2.22717 5.9602 1.74507 2.62305 6.06469 2.87636 8.63225 1.50051 
2.02129 0.534551 0 1.34971 1.7502 6.20451 1.96395 3.15482 5.95991 3.25668 8.92665 2.02129 
1.2223 0.893182 1.34971 0 2.75128 5.16987 2.24959 1.93551 5.7359 1.99872 7.79136 1.2223 
3.7181 2.22717 1.7502 2.75128 0 6.41312 3.60473 4.68647 5.03558 4.15113 9.2248 3.7181 
5.89406 5.9602 6.20451 5.16987 6.41312 0 7.36166 5.11225 3.988 3.31245 2.81255 5.89406 
1.59914 1.74507 1.96395 2.24959 3.60473 7.36166 0 2.88832 7.80837 4.0771 9.87884 1.59914 
1.34611 2.62305 3.15482 1.93551 4.68647 5.11225 2.88832 0 6.90961 1.97841 7.29969 1.34611 
6.91685 6.06469 5.95991 5.7359 5.03558 3.988 7.80837 6.90961 0 5.03012 6.18253 6.91685 
2.58161 2.87636 3.25668 1.99872 4.15113 3.31245 4.0771 1.97841 5.03012 0 5.8182 2.58161 
8.32377 8.63225 8.92665 7.79136 9.2248 2.81255 9.87884 7.29969 6.18253 5.8182 0 8.32377 
0 0 0 0 0 0 0 0 0 0 0 0 
Printing number of nodes: 11

Version identifier: 22.1.1.0 | 2022-11-28 | 9160aff4d
CPXPARAM_ClockType                               0
CPXPARAM_Emphasis_MIP                            2
CPXPARAM_MIP_Tolerances_Integrality              0
Tried aggregator 1 time.
MIP Presolve eliminated 260 rows and 373 columns.
MIP Presolve modified 2398 coefficients.
Reduced MIP has 5726 rows, 1342 columns, and 167692 nonzeros.
Reduced MIP has 1332 binaries, 0 generals, 0 SOSs, and 0 indicators.
Presolve time = 0.08 sec. (246.10 ticks)
Found incumbent of value 113.207410 after 0.15 sec. (393.86 ticks)
Probing fixed 132 vars, tightened 0 bounds.
Probing time = 0.04 sec. (57.47 ticks)
Tried aggregator 1 time.
Detecting symmetries...
MIP Presolve eliminated 10 rows and 132 columns.
MIP Presolve modified 85 coefficients.
Reduced MIP has 5716 rows, 1210 columns, and 167033 nonzeros.
Reduced MIP has 1200 binaries, 0 generals, 0 SOSs, and 0 indicators.
Presolve time = 0.06 sec. (172.38 ticks)
Probing time = 0.01 sec. (14.95 ticks)
Clique table members: 82081.
MIP emphasis: optimality.
MIP search method: dynamic search.
Parallel mode: deterministic, using up to 20 threads.
Root relaxation solution time = 0.19 sec. (281.62 ticks)

        Nodes                                         Cuts/
   Node  Left     Objective  IInf  Best Integer    Best Bound    ItCnt     Gap

*     0+    0                          113.2074      -10.0000           108.83%
      0     0       36.7718   124      113.2074       36.7718     1299   67.52%
*     0+    0                           55.2617       36.7718            33.46%
*     0+    0                           45.8832       36.7718            19.86%
      0     0       37.6163   145       45.8832      Cuts: 23     2106   18.02%
      0     0       37.7986   136       45.8832      Cuts: 19     2515   17.62%
      0     0       37.8120   145       45.8832       Cuts: 8     2567   17.59%
      0     0       38.0147   149       45.8832      Cuts: 12     2806   16.79%
      0     0       38.1547   173       45.8832       Cuts: 9     2924   16.79%
Detecting symmetries...
      0     0       38.1611   191       45.8832       Cuts: 3     2955   16.79%
      0     0       38.1635   197       45.8832    MIRcuts: 2     2974   16.79%
      0     0       38.1695   200       45.8832   ZeroHalf: 2     2994   16.79%
      0     0       38.1722   196       45.8832   ZeroHalf: 1     3013   16.79%
*     0+    0                           45.4943       38.1780            16.08%
      0     0  -1.00000e+75     0       45.4943       38.1780     3013   16.08%
Detecting symmetries...
      0     2       38.1722   196       45.4943       38.1780     3013   16.08%
Elapsed time = 2.38 sec. (4733.52 ticks, tree = 0.02 MB, solutions = 4)
     10     4       38.8043   235       45.4943       38.5632     4143   15.24%
     19     5       45.4028    97       45.4943       38.5632     5077   15.24%
     42     6       39.2465   101       45.4943       39.2364    10210   13.76%
*   103+   18                           42.6242       39.2887             7.83%
*   127+   27                           42.2219       39.2887             6.95%
    139    40       41.5075   199       42.2219       39.2887    15949    6.95%
    477    74       41.4896    97       42.2219       39.8218    28648    5.68%
    804    19       41.3335   116       42.2219       39.8218    36186    5.68%

Clique cuts applied:  3
Cover cuts applied:  2
Implied bound cuts applied:  15
Flow cuts applied:  2
Mixed integer rounding cuts applied:  3
Zero-half cuts applied:  14
Gomory fractional cuts applied:  1

Root node processing (before b&c):
  Real time             =    2.34 sec. (4680.95 ticks)
Parallel b&c, 20 threads:
  Real time             =    1.96 sec. (1745.54 ticks)
  Sync time (average)   =    1.11 sec.
  Wait time (average)   =    0.00 sec.
                          ------------
Total (root+branch&cut) =    4.29 sec. (6426.49 ticks)
Truck arcs:
0 6
1 3
2 4
3 2
4 9
6 1
7 11
9 7
42.2219
In write mode
