Instance name: /home/cuong/CLionProjects/uMV-FSTSP/rand_generated_instances/v48
Write arg val: 1

drone speed: 1 miles/minute
uav non-eligible customer: 12 
Printing tau:
0 14.4109 8.02126 5.59975 9.25908 21.9441 7.1362 19.4724 21.9077 12.3436 20.2249 0 
14.4109 0 10.9028 14.1553 5.15179 23.552 7.27467 12.2636 23.5156 13.9514 21.8328 14.4109 
8.02126 10.9028 0 3.25251 5.75101 29.9654 10.3489 18.677 29.929 20.3648 28.2462 8.02126 
5.59975 14.1553 3.25251 0 9.00352 27.5439 7.92738 19.2169 27.5075 17.9433 25.8247 5.59975 
9.25908 5.15179 5.75101 9.00352 0 26.825 7.20846 15.5365 26.7886 17.2244 25.1057 9.25908 
21.9441 23.552 29.9654 27.5439 26.825 0 19.6165 11.4696 2.63459 9.60057 1.71922 21.9441 
7.1362 7.27467 10.3489 7.92738 7.20846 19.6165 0 12.3362 19.5801 10.0159 17.8973 7.1362 
19.4724 12.2636 18.677 19.2169 15.5365 11.4696 12.3362 0 11.252 11.0873 11.8079 19.4724 
21.9077 23.5156 29.929 27.5075 26.7886 2.63459 19.5801 11.252 0 9.56418 2.9729 21.9077 
12.3436 13.9514 20.3648 17.9433 17.2244 9.60057 10.0159 11.0873 9.56418 0 7.88135 12.3436 
20.2249 21.8328 28.2462 25.8247 25.1057 1.71922 17.8973 11.8079 2.9729 7.88135 0 20.2249 
0 0 0 0 0 0 0 0 0 0 0 0 
Printing tau_prime:
0 5.12663 3.0953 1.98187 3.70056 8.25825 2.65385 7.84793 8.61034 5.27582 7.64683 0 
5.12663 0 4.47217 5.19985 2.15793 8.6296 2.92423 4.69061 8.42039 5.37298 8.07917 5.12663 
3.0953 4.47217 0 1.43364 2.31669 10.7129 3.87722 8.68684 10.8776 7.40365 10.0941 3.0953 
1.98187 5.19985 1.43364 0 3.19336 10.1161 3.71124 8.89893 10.395 6.96467 9.49872 1.98187 
3.70056 2.15793 2.31669 3.19336 0 9.49445 2.6568 6.57359 9.48372 6.09757 8.89411 3.70056 
8.25825 8.6296 10.7129 10.1161 9.49445 0 6.94224 5.68969 0.931559 3.397 0.619491 8.25825 
2.65385 2.92423 3.87722 3.71124 2.6568 6.94224 0 5.26236 7.03242 3.56859 6.3304 2.65385 
7.84793 4.69061 8.68684 8.89893 6.57359 5.68969 5.26236 0 5.05799 3.9651 5.37351 7.84793 
8.61034 8.42039 10.8776 10.395 9.48372 0.931559 7.03242 5.05799 0 3.47394 1.20779 8.61034 
5.27582 5.37298 7.40365 6.96467 6.09757 3.397 3.56859 3.9651 3.47394 0 2.7981 5.27582 
7.64683 8.07917 10.0941 9.49872 8.89411 0.619491 6.3304 5.37351 1.20779 2.7981 0 7.64683 
0 0 0 0 0 0 0 0 0 0 0 0 
Printing number of nodes: 11

Version identifier: 22.1.1.0 | 2022-11-28 | 9160aff4d
CPXPARAM_ClockType                               0
CPXPARAM_Emphasis_MIP                            2
CPXPARAM_MIP_Tolerances_Integrality              0
Tried aggregator 1 time.
MIP Presolve eliminated 286 rows and 613 columns.
MIP Presolve modified 1816 coefficients.
Reduced MIP has 5700 rows, 1102 columns, and 166444 nonzeros.
Reduced MIP has 1092 binaries, 0 generals, 0 SOSs, and 0 indicators.
Presolve time = 0.11 sec. (333.78 ticks)
Found incumbent of value 230.958300 after 0.16 sec. (453.19 ticks)
Probing fixed 90 vars, tightened 0 bounds.
Probing time = 0.04 sec. (47.00 ticks)
Tried aggregator 1 time.
Detecting symmetries...
MIP Presolve eliminated 9 rows and 90 columns.
MIP Presolve modified 60 coefficients.
Reduced MIP has 5691 rows, 1012 columns, and 166018 nonzeros.
Reduced MIP has 1002 binaries, 0 generals, 0 SOSs, and 0 indicators.
Presolve time = 0.06 sec. (167.61 ticks)
Probing time = 0.01 sec. (14.73 ticks)
Clique table members: 83612.
MIP emphasis: optimality.
MIP search method: dynamic search.
Parallel mode: deterministic, using up to 20 threads.
Root relaxation solution time = 0.18 sec. (234.72 ticks)

        Nodes                                         Cuts/
   Node  Left     Objective  IInf  Best Integer    Best Bound    ItCnt     Gap

*     0+    0                          230.9583      -10.0000           104.33%
*     0+    0                          145.2699      -10.0000           106.88%
      0     0       44.9385   177      145.2699       44.9385     1888   69.07%
      0     0       46.9920   203      145.2699      Cuts: 77     2772   67.65%
*     0+    0                           72.6579       46.9920            35.32%
      0     0       46.9920   213       72.6579      Cuts: 19     3369   35.32%
      0     0       46.9920   200       72.6579       Cuts: 4     3665   35.32%
*     0+    0                           64.3900       46.9920            27.02%
      0     0       46.9920   211       64.3900      Cuts: 11     4002   27.02%
Detecting symmetries...
      0     2       46.9920   209       64.3900       46.9920     4002   27.02%
Elapsed time = 2.20 sec. (4215.37 ticks, tree = 0.02 MB, solutions = 4)
      1     3       46.9963   201       64.3900       46.9920     4835   27.02%
*     8+    4                           63.7744       47.0153            26.28%
      9     4       60.4345   273       63.7744       47.0153     5587   26.28%
*    11+    5                           62.5310       47.0153            24.81%
*    31    11      integral     0       62.3032       47.2129    12443   24.22%
     33    11        cutoff             62.3032       47.2129    13191   24.22%
     39     9       47.2477   160       62.3032       47.2129     7894   24.22%
     49     5       60.9467    96       62.3032       47.3682    18937   23.97%
     56     5       60.7888   155       62.3032       47.3682    19013   23.97%
    101    13       61.8862     3       62.3032       48.7730    27964   21.72%
*   105    15      integral     0       61.8862       48.7730    28058   21.19%
    137     6       61.1428   113       61.8862       49.2781    33508   20.37%
    181    26       56.0206   223       61.8862       55.9551    38933    9.58%
*   201+   26                           61.4957       55.9551             9.01%
*   218+   18                           60.8899       55.9551             8.10%
*   304+   66                           59.5387       56.0206             5.91%
*   323+   77                           59.5106       56.0206             5.86%
*   324+   39                           58.6502       56.0206             4.48%

Clique cuts applied:  9
Cover cuts applied:  10
Implied bound cuts applied:  60
Flow cuts applied:  1
Mixed integer rounding cuts applied:  1
Zero-half cuts applied:  17
Lift and project cuts applied:  1
Gomory fractional cuts applied:  3

Root node processing (before b&c):
  Real time             =    2.00 sec. (4161.95 ticks)
Parallel b&c, 20 threads:
  Real time             =    2.52 sec. (3286.94 ticks)
  Sync time (average)   =    1.68 sec.
  Wait time (average)   =    0.00 sec.
                          ------------
Total (root+branch&cut) =    4.52 sec. (7448.88 ticks)
Truck arcs:
0 3
1 6
2 4
3 2
4 1
6 9
9 11
58.6502
In write mode
