Instance name: /home/cuong/CLionProjects/uMV-FSTSP/rand_generated_instances/v53
Write arg val: 1

drone speed: 1 miles/minute
uav non-eligible customer: 3 12 
Printing tau:
0 7.48879 4.39455 6.06673 7.72301 7.7799 12.7094 16.9336 19.8401 15.5814 16.237 0 
7.48879 0 6.6701 2.6429 6.00602 10.0748 19.7708 18.6506 21.5571 17.2983 23.7258 7.48879 
4.39455 6.6701 0 5.24804 12.1176 3.40474 13.1006 12.539 15.4456 11.1868 17.0557 4.39455 
6.06673 2.6429 5.24804 0 8.64893 8.65278 18.3487 16.0077 18.9142 14.6554 22.3038 6.06673 
7.72301 6.00602 12.1176 8.64893 0 15.5029 20.4324 24.6566 27.5631 23.3044 21.1882 7.72301 
7.7799 10.0748 3.40474 8.65278 15.5029 0 9.69591 10.4784 12.0602 7.96423 13.651 7.7799 
12.7094 19.7708 13.1006 18.3487 20.4324 9.69591 0 20.1743 7.13071 17.6601 4.62412 12.7094 
16.9336 18.6506 12.539 16.0077 24.6566 10.4784 20.1743 0 13.6752 2.51413 24.1293 16.9336 
19.8401 21.5571 15.4456 18.9142 27.5631 12.0602 7.13071 13.6752 0 11.161 11.7548 19.8401 
15.5814 17.2983 11.1868 14.6554 23.3044 7.96423 17.6601 2.51413 11.161 0 21.6152 15.5814 
16.237 23.7258 17.0557 22.3038 21.1882 13.651 4.62412 24.1293 11.7548 21.6152 0 16.237 
0 0 0 0 0 0 0 0 0 0 0 0 
Printing tau_prime:
0 2.71639 1.58044 2.16975 3.24344 2.89859 6.24876 6.60526 7.30643 5.82777 6.413 0 
2.71639 0 3.19846 1.06108 2.30521 4.89506 8.65306 6.59552 8.95018 6.16124 9.07606 2.71639 
1.58044 3.19846 0 2.22411 4.52649 1.69753 5.48593 5.08999 5.93871 4.27103 6.16968 1.58044 
2.16975 1.06108 2.22411 0 3.08319 3.90269 7.70978 5.69626 7.89113 5.1872 8.28187 2.16975 
3.24344 2.30521 4.52649 3.08319 0 6.09457 9.45029 8.77923 10.4579 8.24072 9.3464 3.24344 
2.89859 4.89506 1.69753 3.90269 6.09457 0 3.84563 4.91917 4.41119 3.94163 4.82756 2.89859 
6.24876 8.65306 5.48593 7.70978 9.45029 3.84563 0 7.28736 3.41111 6.32583 2.15131 6.24876 
6.60526 6.59552 5.08999 5.69626 8.77923 4.91917 7.28736 0 4.9429 1.00929 9.08651 6.60526 
7.30643 8.95018 5.93871 7.89113 10.4579 4.41119 3.41111 4.9429 0 4.22353 5.56176 7.30643 
5.82777 6.16124 4.27103 5.1872 8.24072 3.94163 6.32583 1.00929 4.22353 0 8.08864 5.82777 
6.413 9.07606 6.16968 8.28187 9.3464 4.82756 2.15131 9.08651 5.56176 8.08864 0 6.413 
0 0 0 0 0 0 0 0 0 0 0 0 
Printing number of nodes: 11

Version identifier: 22.1.1.0 | 2022-11-28 | 9160aff4d
CPXPARAM_ClockType                               0
CPXPARAM_Emphasis_MIP                            2
CPXPARAM_MIP_Tolerances_Integrality              0
Tried aggregator 2 times.
MIP Presolve eliminated 453 rows and 551 columns.
MIP Presolve modified 1914 coefficients.
Aggregator did 2 substitutions.
Reduced MIP has 5675 rows, 1162 columns, and 164442 nonzeros.
Reduced MIP has 1153 binaries, 0 generals, 0 SOSs, and 0 indicators.
Presolve time = 0.07 sec. (204.36 ticks)
Found incumbent of value 186.030920 after 0.13 sec. (327.02 ticks)
Probing fixed 124 vars, tightened 0 bounds.
Probing changed sense of 18 constraints.
Probing time = 0.09 sec. (47.91 ticks)
Tried aggregator 1 time.
MIP Presolve eliminated 31 rows and 142 columns.
MIP Presolve modified 71 coefficients.
Reduced MIP has 5644 rows, 1020 columns, and 163757 nonzeros.
Reduced MIP has 1011 binaries, 0 generals, 0 SOSs, and 0 indicators.
Presolve time = 0.07 sec. (184.86 ticks)
Probing time = 0.01 sec. (14.75 ticks)
Tried aggregator 1 time.
Detecting symmetries...
Reduced MIP has 5644 rows, 1020 columns, and 163757 nonzeros.
Reduced MIP has 1011 binaries, 0 generals, 0 SOSs, and 0 indicators.
Presolve time = 0.04 sec. (88.94 ticks)
Probing time = 0.01 sec. (14.24 ticks)
Clique table members: 82215.
MIP emphasis: optimality.
MIP search method: dynamic search.
Parallel mode: deterministic, using up to 20 threads.
Root relaxation solution time = 0.17 sec. (226.70 ticks)

        Nodes                                         Cuts/
   Node  Left     Objective  IInf  Best Integer    Best Bound    ItCnt     Gap

*     0+    0                          186.0309       -0.2109           100.11%
      0     0       45.6085   146      186.0309       45.6085      933   75.48%
*     0+    0                           66.0380       45.6085            30.94%
      0     0       46.1554   197       66.0380      Cuts: 79     1596   30.11%
      0     0       46.2539   182       66.0380      Cuts: 16     1796   29.96%
      0     0       46.3163   204       66.0380      Cuts: 19     1900   29.86%
      0     0       46.3806   199       66.0380      Cuts: 12     2016   29.77%
      0     0       46.4411   181       66.0380      Cuts: 12     2242   29.68%
Detecting symmetries...
      0     0       46.4508   189       66.0380       Cuts: 9     2321   29.66%
      0     0       46.6528   188       66.0380       Cuts: 9     2520   29.35%
      0     0       46.6963   200       66.0380   ZeroHalf: 8     2619   29.29%
      0     0       46.7304   195       66.0380   ZeroHalf: 3     2673   29.24%
      0     0       46.9000   202       66.0380   ZeroHalf: 6     2770   28.98%
      0     0       46.9222   192       66.0380       Cuts: 6     2824   28.95%
      0     0       47.0458   208       66.0380      Cuts: 13     2877   28.76%
      0     0       47.1411   207       66.0380       Cuts: 9     2934   28.62%
      0     0       47.2009   217       66.0380       Cuts: 5     3000   28.52%
      0     0       47.2481   209       66.0380       Cuts: 9     3057   28.45%
      0     0       47.2820   210       66.0380      Cuts: 10     3085   28.40%
      0     0       47.3079   205       66.0380       Cuts: 4     3155   28.36%
      0     0       47.3278   206       66.0380       Cuts: 4     3212   28.33%
      0     0       47.3443   221       66.0380       Cuts: 5     3252   28.31%
      0     0       47.3483   225       66.0380   ZeroHalf: 1     3266   28.30%
*     0+    0                           56.6782       47.3483            16.46%
      0     0       47.3506   224       56.6782       Cuts: 2     3279   16.46%
Detecting symmetries...
      0     2       47.3506   224       56.6782       47.3506     3279   16.46%
Elapsed time = 2.30 sec. (4393.93 ticks, tree = 0.02 MB, solutions = 3)
      2     3       49.3521    73       56.6782       47.3506     3766   16.46%
      7     8       50.8758   227       56.6782       47.9393     6681   15.42%
     61    28        cutoff             56.6782       47.9393    12464   15.42%
*    86    32      integral     0       56.4621       47.9393    14249   15.09%
*    87    37      integral     0       54.8740       47.9393    15829   12.64%
*   194+   72                           54.6183       49.1028            10.10%
    198    54       51.5109   105       54.6183       49.1028    24945   10.10%
*   310+   96                           54.3826       49.1028             9.71%
    345   121       54.1417   202       54.3826       49.1028    36552    9.71%
*   500+  168                           54.3569       49.1028             9.67%
    545   186       52.1593   170       54.3569       49.1028    49727    9.67%
    759   290       52.6455    75       54.3569       49.7061    61543    8.56%
*   790+  316                           54.1110       49.7061             8.14%
    926   326        cutoff             54.1110       50.6452    70324    6.40%
*  1238+  365                           53.7121       51.5063             4.11%
   1549   309       53.4563   162       53.7121       52.5789   117659    2.11%
Elapsed time = 6.41 sec. (7371.89 ticks, tree = 2.26 MB, solutions = 14)
*  1552+  327                           53.4562       52.5789             1.64%
   2070     6        cutoff             53.4562       53.1770   147812    0.52%

Clique cuts applied:  2
Cover cuts applied:  33
Implied bound cuts applied:  65
Flow cuts applied:  5
Mixed integer rounding cuts applied:  5
Zero-half cuts applied:  32
Gomory fractional cuts applied:  1

Root node processing (before b&c):
  Real time             =    2.08 sec. (4331.94 ticks)
Parallel b&c, 20 threads:
  Real time             =    5.30 sec. (4011.75 ticks)
  Sync time (average)   =    2.57 sec.
  Wait time (average)   =    0.00 sec.
                          ------------
Total (root+branch&cut) =    7.37 sec. (8343.68 ticks)
Truck arcs:
0 3
1 5
2 11
3 1
5 9
7 2
9 7
53.4562
In write mode
