Instance name: /home/cuong/CLionProjects/uMV-FSTSP/rand_generated_instances/v55
Write arg val: 1

drone speed: 1 miles/minute
uav non-eligible customer: 1 10 12 
Printing tau:
0 8.15882 8.43945 2.34311 5.9685 20.4383 7.60444 22.2162 0.903889 15.077 6.01547 0 
8.15882 0 7.95483 5.92965 9.59572 28.5971 15.7633 30.375 9.06271 23.2358 11.0953 8.15882 
8.43945 7.95483 0 6.09634 2.47096 28.8777 16.0439 30.6556 9.34334 23.5165 3.48281 8.43945 
2.34311 5.92965 6.09634 0 3.66607 22.7814 9.94755 24.5593 3.247 17.4201 5.16561 2.34311 
5.9685 9.59572 2.47096 3.66607 0 26.4068 13.5729 28.1847 6.87239 21.0455 1.49954 5.9685 
20.4383 28.5971 28.8777 22.7814 26.4068 0 12.8338 1.77791 19.5344 5.36124 25.3949 20.4383 
7.60444 15.7633 16.0439 9.94755 13.5729 12.8338 0 14.6117 6.70055 7.47258 12.5611 7.60444 
22.2162 30.375 30.6556 24.5593 28.1847 1.77791 14.6117 0 21.3123 7.13915 27.1728 22.2162 
0.903889 9.06271 9.34334 3.247 6.87239 19.5344 6.70055 21.3123 0 14.1731 6.18502 0.903889 
15.077 23.2358 23.5165 17.4201 21.0455 5.36124 7.47258 7.13915 14.1731 0 20.0337 15.077 
6.01547 11.0953 3.48281 5.16561 1.49954 25.3949 12.5611 27.1728 6.18502 20.0337 0 6.01547 
0 0 0 0 0 0 0 0 0 0 0 0 
Printing tau_prime:
0 3.39799 3.15219 0.881223 2.64614 7.22625 3.04701 7.85851 0.325147 5.41251 2.75577 0 
3.39799 0 2.81421 2.93648 3.47986 10.2589 6.4414 10.8502 3.64423 8.65824 4.08287 3.39799 
3.15219 2.81421 0 2.2712 1.0487 10.2662 5.68771 10.9119 3.47433 8.3147 1.65802 3.15219 
0.881223 2.93648 2.2712 0 1.82289 8.06239 3.69509 8.70032 1.20324 6.1919 2.04677 0.881223 
2.64614 3.47986 1.0487 1.82289 0 9.48165 4.80152 10.1341 2.94074 7.46977 0.639576 2.64614 
7.22625 10.2589 10.2662 8.06239 9.48165 0 4.77632 0.656715 6.90644 2.14134 9.2404 7.22625 
3.04701 6.4414 5.68771 3.69509 4.80152 4.77632 0 5.43287 2.80062 2.688 4.49476 3.04701 
7.85851 10.8502 10.9119 8.70032 10.1341 0.656715 5.43287 0 7.53737 2.78898 9.89619 7.85851 
0.325147 3.64423 3.47433 1.20324 2.94074 6.90644 2.80062 7.53737 0 5.10945 3.01248 0.325147 
5.41251 8.65824 8.3147 6.1919 7.46977 2.14134 2.688 2.78898 5.10945 0 7.18197 5.41251 
2.75577 4.08287 1.65802 2.04677 0.639576 9.2404 4.49476 9.89619 3.01248 7.18197 0 2.75577 
0 0 0 0 0 0 0 0 0 0 0 0 
Printing number of nodes: 11

Version identifier: 22.1.1.0 | 2022-11-28 | 9160aff4d
CPXPARAM_ClockType                               0
CPXPARAM_Emphasis_MIP                            2
CPXPARAM_MIP_Tolerances_Integrality              0
Tried aggregator 2 times.
MIP Presolve eliminated 903 rows and 743 columns.
MIP Presolve modified 1469 coefficients.
Aggregator did 2 substitutions.
Reduced MIP has 5369 rows, 970 columns, and 151985 nonzeros.
Reduced MIP has 962 binaries, 0 generals, 0 SOSs, and 0 indicators.
Presolve time = 0.09 sec. (193.71 ticks)
Found incumbent of value 193.271519 after 0.17 sec. (303.61 ticks)
Probing fixed 94 vars, tightened 0 bounds.
Probing changed sense of 32 constraints.
Probing time = 0.08 sec. (41.17 ticks)
Tried aggregator 1 time.
MIP Presolve eliminated 48 rows and 126 columns.
MIP Presolve modified 32 coefficients.
Reduced MIP has 5321 rows, 844 columns, and 151374 nonzeros.
Reduced MIP has 836 binaries, 0 generals, 0 SOSs, and 0 indicators.
Presolve time = 0.07 sec. (168.70 ticks)
Probing time = 0.08 sec. (13.47 ticks)
Tried aggregator 1 time.
Detecting symmetries...
Reduced MIP has 5321 rows, 844 columns, and 151374 nonzeros.
Reduced MIP has 836 binaries, 0 generals, 0 SOSs, and 0 indicators.
Presolve time = 0.03 sec. (82.11 ticks)
Probing time = 0.01 sec. (13.22 ticks)
Clique table members: 77456.
MIP emphasis: optimality.
MIP search method: dynamic search.
Parallel mode: deterministic, using up to 20 threads.
Root relaxation solution time = 0.11 sec. (141.40 ticks)

        Nodes                                         Cuts/
   Node  Left     Objective  IInf  Best Integer    Best Bound    ItCnt     Gap

*     0+    0                          193.2715      -10.0000           105.17%
      0     0       39.5251   115      193.2715       39.5251     1158   79.55%
*     0+    0                           66.3176       39.5251            40.40%
      0     0       45.3636    70       66.3176      Cuts: 70     2126   31.60%
*     0+    0                           52.3046       45.3636            13.27%
*     0+    0                           49.7618       45.3636             8.84%
      0     0       45.3636    77       49.7618       Cuts: 5     2212    8.84%
*     0+    0                           46.0570       45.3636             1.51%
      0     0       45.3636    35       46.0570   ZeroHalf: 1     2224    1.51%
Detecting symmetries...

Repeating presolve.
Tried aggregator 2 times.
MIP Presolve eliminated 4794 rows and 344 columns.
MIP Presolve modified 1135 coefficients.
Aggregator did 2 substitutions.
Reduced MIP has 525 rows, 498 columns, and 4927 nonzeros.
Reduced MIP has 491 binaries, 0 generals, 0 SOSs, and 0 indicators.
Presolve time = 0.07 sec. (127.97 ticks)
Probing fixed 11 vars, tightened 0 bounds.
Probing changed sense of 35 constraints.
Probing time = 0.01 sec. (15.68 ticks)
Tried aggregator 1 time.
MIP Presolve eliminated 61 rows and 54 columns.
MIP Presolve added 2 rows and 0 columns.
MIP Presolve modified 29 coefficients.
Reduced MIP has 466 rows, 444 columns, and 4671 nonzeros.
Reduced MIP has 437 binaries, 0 generals, 0 SOSs, and 0 indicators.
Presolve time = 0.00 sec. (7.41 ticks)
Probing time = 0.00 sec. (3.04 ticks)
Tried aggregator 1 time.
Detecting symmetries...
MIP Presolve eliminated 5 rows and 0 columns.
Reduced MIP has 461 rows, 444 columns, and 4639 nonzeros.
Reduced MIP has 437 binaries, 0 generals, 0 SOSs, and 0 indicators.
Presolve time = 0.00 sec. (3.76 ticks)
Represolve time = 0.10 sec. (170.14 ticks)
Probing time = 0.00 sec. (3.02 ticks)
Clique table members: 18530.
MIP emphasis: optimality.
MIP search method: dynamic search.
Parallel mode: deterministic, using up to 20 threads.
Root relaxation solution time = 0.02 sec. (34.82 ticks)

        Nodes                                         Cuts/
   Node  Left     Objective  IInf  Best Integer    Best Bound    ItCnt     Gap

*     0+    0                           46.0570       45.3636             1.51%
      0     0       45.3636    65       46.0570       45.3636     3213    1.51%
      0     0       45.3636    45       46.0570       Cuts: 5     3258    1.51%
      0     0       45.3636    68       46.0570      Cuts: 21     3304    1.51%
      0     0        cutoff             46.0570       46.0570     3304    0.00%
Elapsed time = 2.08 sec. (2944.74 ticks, tree = 0.01 MB, solutions = 5)

Mixed integer rounding cuts applied:  1
Zero-half cuts applied:  3
Lift and project cuts applied:  1
Gomory fractional cuts applied:  7

Root node processing (before b&c):
  Real time             =    2.08 sec. (2944.86 ticks)
Parallel b&c, 20 threads:
  Real time             =    0.00 sec. (0.00 ticks)
  Sync time (average)   =    0.00 sec.
  Wait time (average)   =    0.00 sec.
                          ------------
Total (root+branch&cut) =    2.08 sec. (2944.86 ticks)
Truck arcs:
0 3
1 2
2 4
3 1
4 10
6 8
8 11
10 6
46.057
In write mode
