Instance name: /home/cuong/CLionProjects/uMV-FSTSP/rand_generated_instances/v6
Write arg val: 1

drone speed: 1 miles/minute
uav non-eligible customer: 12 
Printing tau:
0 6.55792 5.47267 2.70322 5.94636 15.2453 3.30047 22.3934 2.60723 9.6747 2.51076 0 
6.55792 0 12.0306 5.63448 3.53747 18.1765 9.85839 25.3247 6.77703 16.2326 7.34082 6.55792 
5.47267 12.0306 0 7.2407 11.419 20.4171 2.17219 24.1483 5.25356 4.20203 4.68977 5.47267 
2.70322 5.63448 7.2407 0 4.17833 13.1764 5.0685 19.6902 1.98714 11.4427 2.55093 2.70322 
5.94636 3.53747 11.419 4.17833 0 14.6391 9.24683 21.7872 6.16547 15.6211 6.72925 5.94636 
15.2453 18.1765 20.4171 13.1764 14.6391 0 18.2449 17.2164 15.1635 24.6191 15.7273 15.2453 
3.30047 9.85839 2.17219 5.0685 9.24683 18.2449 0 23.6029 3.81672 6.37422 3.72025 3.30047 
22.3934 25.3247 24.1483 19.6902 21.7872 17.2164 23.6029 0 19.7862 20.1828 19.8826 22.3934 
2.60723 6.77703 5.25356 1.98714 6.16547 15.1635 3.81672 19.7862 0 9.45559 0.563788 2.60723 
9.6747 16.2326 4.20203 11.4427 15.6211 24.6191 6.37422 20.1828 9.45559 0 8.8918 9.6747 
2.51076 7.34082 4.68977 2.55093 6.72925 15.7273 3.72025 19.8826 0.563788 8.8918 0 2.51076 
0 0 0 0 0 0 0 0 0 0 0 0 
Printing tau_prime:
0 2.53965 2.03192 1.142 2.11325 7.54779 1.24278 7.95791 0.925044 3.50867 0.929842 0 
2.53965 0 4.27374 2.61463 1.26924 7.07743 3.53823 9.48226 3.09441 6.02014 3.23077 2.53965 
2.03192 4.27374 0 3.00629 4.12263 9.39323 0.791824 8.61237 2.41423 2.04273 2.24136 2.03192 
1.142 2.61463 3.00629 0 1.65287 6.43156 2.26382 7.10656 0.703379 4.04936 0.904452 1.142 
2.11325 1.26924 4.12263 1.65287 0 6.07523 3.33168 8.23274 2.29175 5.55193 2.4726 2.11325 
7.54779 7.07743 9.39323 6.43156 6.07523 0 8.68644 6.59073 6.97901 9.84888 7.15468 7.54779 
1.24278 3.53823 0.791824 2.26382 3.33168 8.68644 0 8.3528 1.73429 2.55753 1.58818 1.24278 
7.95791 9.48226 8.61237 7.10656 8.23274 6.59073 8.3528 0 7.03302 7.60054 7.04926 7.95791 
0.925044 3.09441 2.41423 0.703379 2.29175 6.97901 1.73429 7.03302 0 3.346 0.202226 0.925044 
3.50867 6.02014 2.04273 4.04936 5.55193 9.84888 2.55753 7.60054 3.346 0 3.14552 3.50867 
0.929842 3.23077 2.24136 0.904452 2.4726 7.15468 1.58818 7.04926 0.202226 3.14552 0 0.929842 
0 0 0 0 0 0 0 0 0 0 0 0 
Printing number of nodes: 11

Version identifier: 22.1.1.0 | 2022-11-28 | 9160aff4d
CPXPARAM_ClockType                               0
CPXPARAM_Emphasis_MIP                            2
CPXPARAM_MIP_Tolerances_Integrality              0
Tried aggregator 2 times.
MIP Presolve eliminated 266 rows and 423 columns.
MIP Presolve modified 2037 coefficients.
Aggregator did 2 substitutions.
Reduced MIP has 5718 rows, 1290 columns, and 167448 nonzeros.
Reduced MIP has 1280 binaries, 0 generals, 0 SOSs, and 0 indicators.
Presolve time = 0.11 sec. (383.66 ticks)
Found incumbent of value 122.507268 after 0.18 sec. (512.10 ticks)
Probing fixed 130 vars, tightened 0 bounds.
Probing time = 0.04 sec. (54.66 ticks)
Tried aggregator 1 time.
MIP Presolve eliminated 13 rows and 132 columns.
MIP Presolve modified 85 coefficients.
Reduced MIP has 5705 rows, 1158 columns, and 166795 nonzeros.
Reduced MIP has 1148 binaries, 0 generals, 0 SOSs, and 0 indicators.
Presolve time = 0.07 sec. (192.90 ticks)
Probing time = 0.01 sec. (14.73 ticks)
Tried aggregator 1 time.
Detecting symmetries...
Reduced MIP has 5705 rows, 1158 columns, and 166795 nonzeros.
Reduced MIP has 1148 binaries, 0 generals, 0 SOSs, and 0 indicators.
Presolve time = 0.04 sec. (92.66 ticks)
Probing time = 0.01 sec. (14.49 ticks)
Clique table members: 83597.
MIP emphasis: optimality.
MIP search method: dynamic search.
Parallel mode: deterministic, using up to 20 threads.
Root relaxation solution time = 0.16 sec. (259.15 ticks)

        Nodes                                         Cuts/
   Node  Left     Objective  IInf  Best Integer    Best Bound    ItCnt     Gap

*     0+    0                          122.5073      -10.0000           108.16%
      0     0       34.9594    57      122.5073       34.9594     2199   71.46%
*     0+    0                           49.8042       34.9594            29.81%
      0     0       35.6160   126       49.8042      Cuts: 16     2426   28.49%
      0     0       35.8004   131       49.8042      Cuts: 10     2570   28.12%
      0     0       35.8629   110       49.8042      Cuts: 10     2623   27.99%
*     0+    0                           38.3911       35.8629             6.59%
      0     0  -1.00000e+75     0       38.3911       35.8629     2623    6.59%
      0     0       35.9061   140       38.3911      Cuts: 11     2684    6.47%
      0     0       35.9076   150       38.3911       Cuts: 3     2694    6.47%
Detecting symmetries...
      0     0       35.9098   146       38.3911   ZeroHalf: 1     2717    6.46%
      0     0       35.9102   138       38.3911       Cuts: 8     2756    6.46%
      0     0       35.9127   141       38.3911   ZeroHalf: 3     2777    6.46%
Detecting symmetries...
      0     2       35.9127   141       38.3911       35.9127     2777    6.46%
Elapsed time = 1.57 sec. (3076.83 ticks, tree = 0.02 MB, solutions = 3)
     13     3       35.9127   140       38.3911       35.9127     2874    6.46%
    168    16        cutoff             38.3911       36.1944    12699    5.72%
    266    14        cutoff             38.3911       36.2216    18270    5.65%
    296     6       37.5443    68       38.3911       36.3015    24454    5.44%
    323     3        cutoff             38.3911       36.5371    25816    4.83%

GUB cover cuts applied:  2
Clique cuts applied:  2
Implied bound cuts applied:  5
Flow cuts applied:  2
Mixed integer rounding cuts applied:  2
Zero-half cuts applied:  14
Gomory fractional cuts applied:  3

Root node processing (before b&c):
  Real time             =    1.41 sec. (3044.88 ticks)
Parallel b&c, 20 threads:
  Real time             =    1.22 sec. (1303.96 ticks)
  Sync time (average)   =    0.77 sec.
  Wait time (average)   =    0.00 sec.
                          ------------
Total (root+branch&cut) =    2.63 sec. (4348.84 ticks)
Truck arcs:
0 6
1 11
2 9
3 4
4 1
6 2
8 3
9 10
10 8
38.3911
In write mode
