Instance name: /home/cuong/CLionProjects/uMV-FSTSP/rand_generated_instances_3p_settings/v60
Write arg val: 1

drone speed: 1 miles/minute
uav non-eligible customer: 7 12 
Printing tau:
0 3.27145 1.83476 7.84134 6.7 15.3377 19.734 22.6912 13.8567 1.85811 13.2516 0 
3.27145 0 3.12673 5.08778 3.42855 15.7465 20.1428 23.1 14.2655 3.69129 9.98017 3.27145 
1.83476 3.12673 0 7.69662 6.55528 13.503 17.8993 20.8565 12.022 3.69287 13.1069 1.83476 
7.84134 5.08778 7.69662 0 1.97719 20.8343 25.2306 28.1878 19.3533 8.26119 6.97494 7.84134 
6.7 3.42855 6.55528 1.97719 0 18.8571 23.2534 26.2106 17.3761 7.11985 6.55162 6.7 
15.3377 15.7465 13.503 20.8343 18.8571 0 4.39632 7.35352 5.61553 17.1958 13.8593 15.3377 
19.734 20.1428 17.8993 25.2306 23.2534 4.39632 0 4.72608 5.8773 21.5922 18.2557 19.734 
22.6912 23.1 20.8565 28.1878 26.2106 7.35352 4.72608 0 8.83449 24.5494 21.2129 22.6912 
13.8567 14.2655 12.022 19.3533 17.3761 5.61553 5.8773 8.83449 0 15.7149 12.3784 13.8567 
1.85811 3.69129 3.69287 8.26119 7.11985 17.1958 21.5922 24.5494 15.7149 0 13.6715 1.85811 
13.2516 9.98017 13.1069 6.97494 6.55162 13.8593 18.2557 21.2129 12.3784 13.6715 0 13.2516 
0 0 0 0 0 0 0 0 0 0 0 0 
Printing tau_prime:
0 1.16563 0.650701 3.38561 2.67572 6.29081 7.56825 8.12115 5.04474 0.673503 4.71422 0 
1.16563 0 1.3606 2.41789 1.63672 5.92653 7.33963 8.16776 5.04384 1.40206 3.59105 1.16563 
0.650701 1.3606 0 3.75809 2.99246 5.7128 6.95341 7.47256 4.40383 1.3208 4.6357 0.650701 
3.38561 2.41789 3.75809 0 0.80715 7.37779 8.9218 10.0798 7.01999 3.1915 3.12091 3.38561 
2.67572 1.63672 2.99246 0.80715 0 6.71722 8.24062 9.33276 6.25294 2.58486 2.91336 2.67572 
6.29081 5.92653 5.7128 7.37779 6.71722 0 1.57533 3.23631 2.05327 6.93537 5.12339 6.29081 
7.56825 7.33963 6.95341 8.9218 8.24062 1.57533 0 1.97107 2.70322 8.23223 6.68809 7.56825 
8.12115 8.16776 7.47256 10.0798 9.33276 3.23631 1.97107 0 3.124 8.79329 8.24435 8.12115 
5.04474 5.04384 4.40383 7.01999 6.25294 2.05327 2.70322 3.124 0 5.71814 5.59244 5.04474 
0.673503 1.40206 1.3208 3.1915 2.58486 6.93537 8.23223 8.79329 5.71814 0 4.97545 0.673503 
4.71422 3.59105 4.6357 3.12091 2.91336 5.12339 6.68809 8.24435 5.59244 4.97545 0 4.71422 
0 0 0 0 0 0 0 0 0 0 0 0 
Warning:  Output names have been modified due to duplicate names or characters invalid in LP format.
Version identifier: 22.1.1.0 | 2022-11-28 | 9160aff4d
CPXPARAM_MIP_Tolerances_Integrality              0
Tried aggregator 2 times.
MIP Presolve eliminated 694 rows and 1204 columns.
MIP Presolve modified 2905 coefficients.
Aggregator did 24 substitutions.
Reduced MIP has 1038 rows, 3548 columns, and 33844 nonzeros.
Reduced MIP has 3527 binaries, 0 generals, 0 SOSs, and 0 indicators.
Presolve time = 0.03 sec. (55.22 ticks)
Found incumbent of value 12595.522760 after 0.05 sec. (90.56 ticks)
Probing fixed 17 vars, tightened 0 bounds.
Probing time = 0.04 sec. (92.54 ticks)
Tried aggregator 2 times.
Detecting symmetries...
MIP Presolve eliminated 19 rows and 17 columns.
MIP Presolve modified 120 coefficients.
Aggregator did 2 substitutions.
Reduced MIP has 1017 rows, 3529 columns, and 33700 nonzeros.
Reduced MIP has 3508 binaries, 0 generals, 0 SOSs, and 0 indicators.
Presolve time = 0.01 sec. (23.59 ticks)
Probing time = 0.00 sec. (6.88 ticks)
Clique table members: 16691.
MIP emphasis: balance optimality and feasibility.
MIP search method: dynamic search.
Parallel mode: deterministic, using up to 20 threads.
Root relaxation solution time = 0.07 sec. (175.78 ticks)

        Nodes                                         Cuts/
   Node  Left     Objective  IInf  Best Integer    Best Bound    ItCnt     Gap

*     0+    0                        12595.5228        1.8348            99.99%
      0     0       36.5621   240    12595.5228       36.5621       23   99.71%
*     0+    0                           76.1520       36.5621            51.99%
      0     0       44.2941   106       76.1520      Cuts: 30      760   41.83%
      0     0       50.9973   125       76.1520       Cuts: 9     1092   33.03%
*     0+    0                           66.2851       50.9973            23.06%
      0     0       50.9973   115       66.2851       Cuts: 9     1327   23.06%
      0     0       51.1633   159       66.2851  ZeroHalf: 16     1933   22.81%
      0     0       51.1713   161       66.2851   ZeroHalf: 7     2129   22.80%
Detecting symmetries...
      0     0       51.2909   164       66.2851       Cuts: 6     2610   22.62%
      0     0       51.2909   157       66.2851       Cuts: 9     2981   22.62%
      0     0       51.2909   153       66.2851      Cuts: 12     3309   22.62%
      0     0       51.2969   191       66.2851   ZeroHalf: 2     3366   22.61%
      0     0       51.2969   191       66.2851       Cuts: 3     3434   22.61%
*     0+    0                           58.3636       51.2969            12.11%
Detecting symmetries...
      0     2       51.2969   171       58.3636       51.2969     3434   12.11%
Elapsed time = 1.28 sec. (1875.07 ticks, tree = 0.02 MB, solutions = 4)
*   139+    3                           58.1095       51.3951            11.55%
*   538    48      integral     0       57.9848       51.3951    22241   11.36%
*   627    16      integral     0       57.8676       51.3951    29148   11.18%
    663    18        cutoff             57.8676       51.3951    30873   11.18%
    798     6       51.8403   162       57.8676       51.6474    40819   10.75%
    803     3       57.8676    39       57.8676       53.4674    45128    7.60%
    818     9       56.1514    47       57.8676       54.5660    50548    5.71%
*   837+    9                           57.0024       56.1514             1.49%
   1394    14        cutoff             57.0024       56.1514    65917    1.49%

GUB cover cuts applied:  1
Clique cuts applied:  2
Cover cuts applied:  2
Implied bound cuts applied:  29
Mixed integer rounding cuts applied:  1
Zero-half cuts applied:  16
Lift and project cuts applied:  1
Gomory fractional cuts applied:  5

Root node processing (before b&c):
  Real time             =    1.18 sec. (1849.05 ticks)
Parallel b&c, 20 threads:
  Real time             =    1.07 sec. (1391.52 ticks)
  Sync time (average)   =    0.73 sec.
  Wait time (average)   =    0.00 sec.
                          ------------
Total (root+branch&cut) =    2.24 sec. (3240.56 ticks)
Feasible solution found!
Truck nodes:
Stage 1 at customer 0 with arrival time is: 0
Stage 1 at customer 0 with departure time is: 0
Stage 2 at customer 2 with arrival time is: 1.83476
Stage 2 at customer 2 with departure time is: 3.9943
Stage 3 at customer 5 with arrival time is: 17.4973
Stage 3 at customer 5 with departure time is: 19.4973
Stage 4 at customer 6 with arrival time is: 23.8936
Stage 4 at customer 6 with departure time is: 23.8936
Stage 5 at customer 7 with arrival time is: 28.6197
Stage 5 at customer 7 with departure time is: 28.6197
Stage 6 at customer 8 with arrival time is: 37.4542
Stage 6 at customer 8 with departure time is: 39.4542
Stage 7 at customer 2 with arrival time is: 51.4762
Stage 7 at customer 2 with departure time is: 53.4762
Stage 8 at customer 11 with arrival time is: 55.311
Stage 8 at customer 11 with departure time is: 57.0024
Truck arcs:
Arc 1 connecting 0 and 2 with cost 1.83476 
Arc 2 connecting 2 and 5 with cost 13.503 
Arc 3 connecting 5 and 6 with cost 4.39632 
Arc 4 connecting 6 and 7 with cost 4.72608 
Arc 5 connecting 7 and 8 with cost 8.83449 
Arc 6 connecting 8 and 2 with cost 12.022 
Arc 7 connecting 2 and 11 with cost 1.83476 
Drone served customers
Drone flies from stage 1 to stage 2
Drone flies from stage 2 to stage 3
Drone flies from stage 3 to stage 6
Drone flies from stage 6 to stage 7
Drone flies from stage 7 to stage 8
Drone flies from stage 7 to stage 8 to serve customer 1
Drone flies from stage 6 to stage 7 to serve customer 3
Drone flies from stage 3 to stage 6 to serve customer 4
Drone flies from stage 1 to stage 2 to serve customer 9
Drone flies from stage 2 to stage 3 to serve customer 10
1
Customer 1 served by drone.
Y_val: 1
W_val: 1
Drone fly from 2 at stage 7 to serve 1 and then fly back to 11 at stage 8. 
Truck travel time from stage 7 to 8 is: 1.83476
Start arc cost: 1.3606, end arc cost: 1.16563. Total drone travel time: 2.52623
Drone arrival time: 56.0024
Truck arrival time: 55.311
Truck departure time = max(d/a, t/a) plus (sl/sr): 57.0024
1
Customer 3 served by drone.
Y_val: 1
W_val: 1
Drone fly from 8 at stage 6 to serve 3 and then fly back to 2 at stage 7. 
Truck travel time from stage 6 to 7 is: 12.022
Start arc cost: 7.01999, end arc cost: 3.75809. Total drone travel time: 10.7781
Drone arrival time: 50.2323
Truck arrival time: 51.4762
Truck departure time = max(d/a, t/a) plus (sl/sr): 53.4762
1
Customer 4 served by drone.
Y_val: 1
W_val: 1
Drone fly from 5 at stage 3 to serve 4 and then fly back to 8 at stage 6. 
Truck travel time from stage 3 to 6 is: 17.9569
Start arc cost: 6.71722, end arc cost: 6.25294. Total drone travel time: 12.9702
Drone arrival time: 32.4675
Truck arrival time: 37.4542
Truck departure time = max(d/a, t/a) plus (sl/sr): 39.4542
1
Customer 9 served by drone.
Y_val: 1
W_val: 1
Drone fly from 0 at stage 1 to serve 9 and then fly back to 2 at stage 2. 
Truck travel time from stage 1 to 2 is: 1.83476
Start arc cost: 0.673503, end arc cost: 1.3208. Total drone travel time: 1.9943
Drone arrival time: 1.9943
Truck arrival time: 1.83476
Truck departure time = max(d/a, t/a) plus (sl/sr): 3.9943
1
Customer 10 served by drone.
Y_val: 1
W_val: 1
Drone fly from 2 at stage 2 to serve 10 and then fly back to 5 at stage 3. 
Truck travel time from stage 2 to 3 is: 13.503
Start arc cost: 4.6357, end arc cost: 5.12339. Total drone travel time: 9.75909
Drone arrival time: 13.7534
Truck arrival time: 17.4973
Truck departure time = max(d/a, t/a) plus (sl/sr): 19.4973
Done!
-------------------------Re-calculated objective-----------------------
57.0024
------------------------------------------------------------------------
Solve time: 2.248
Node 2was revisited 1 times!
OBJECTIVE VALUE: 57.0024, NUMBER OF SORTIES: 5.
In write mode
