Instance name: /home/cuong/CLionProjects/uMV-FSTSP/rand_generated_instances/v68
Write arg val: 1

drone speed: 1 miles/minute
uav non-eligible customer: 12 
Printing tau:
0 7.11539 2.31392 0.752943 3.51637 6.80311 22.0685 23.0631 13.827 11.8405 16.8482 0 
7.11539 0 7.22872 6.9903 3.59903 13.9185 20.4992 18.1483 8.91223 18.9558 23.8379 7.11539 
2.31392 7.22872 0 3.06686 3.83208 7.10916 24.3824 25.3771 16.141 13.1039 19.1622 2.31392 
0.752943 6.9903 3.06686 0 3.39128 6.9282 21.3155 22.3102 13.0741 11.9655 16.8476 0.752943 
3.51637 3.59903 3.83208 3.39128 0 10.3195 20.5503 21.545 12.3089 15.3568 20.2388 3.51637 
6.80311 13.9185 7.10916 6.9282 10.3195 0 17.2732 18.2679 9.03179 5.9947 12.053 6.80311 
22.0685 20.4992 24.3824 21.3155 20.5503 17.2732 0 16.1487 13.7342 11.2785 5.22024 22.0685 
23.0631 18.1483 25.3771 22.3102 21.545 18.2679 16.1487 0 9.2361 14.6053 19.4873 23.0631 
13.827 8.91223 16.141 13.0741 12.3089 9.03179 13.7342 9.2361 0 12.1908 17.0728 13.827 
11.8405 18.9558 13.1039 11.9655 15.3568 5.9947 11.2785 14.6053 12.1908 0 6.0583 11.8405 
16.8482 23.8379 19.1622 16.8476 20.2388 12.053 5.22024 19.4873 17.0728 6.0583 0 16.8482 
0 0 0 0 0 0 0 0 0 0 0 0 
Printing tau_prime:
0 3.05745 0.818366 0.269854 1.35414 2.94272 9.12514 8.21243 4.89016 5.66369 8.39274 0 
3.05745 0 3.60098 2.87631 1.74965 4.92111 9.45031 6.59819 3.9559 7.01642 9.42504 3.05745 
0.818366 3.60098 0 1.08627 1.85314 3.46435 9.82366 9.02755 5.70853 6.22994 8.978 0.818366 
0.269854 2.87631 1.08627 0 1.22914 2.83593 8.92219 7.94287 4.62308 5.52173 8.23786 0.269854 
1.35414 1.74965 1.85314 1.22914 0 3.82804 9.407 7.62193 4.4935 6.3423 8.97651 1.35414 
2.94272 4.92111 3.46435 2.83593 3.82804 0 6.5352 7.29093 4.07347 2.76838 5.51893 2.94272 
9.12514 9.45031 9.82366 8.92219 9.407 6.5352 0 5.72024 5.66293 4.02473 2.19081 9.12514 
8.21243 6.59819 9.02755 7.94287 7.62193 7.29093 5.72024 0 3.37519 6.74487 7.2317 8.21243 
4.89016 3.9559 5.70853 4.62308 4.4935 4.07347 5.66293 3.37519 0 4.44185 6.12994 4.89016 
5.66369 7.01642 6.22994 5.52173 6.3423 2.76838 4.02473 6.74487 4.44185 0 2.75084 5.66369 
8.39274 9.42504 8.978 8.23786 8.97651 5.51893 2.19081 7.2317 6.12994 2.75084 0 8.39274 
0 0 0 0 0 0 0 0 0 0 0 0 
Printing number of nodes: 11

Version identifier: 22.1.1.0 | 2022-11-28 | 9160aff4d
CPXPARAM_ClockType                               0
CPXPARAM_Emphasis_MIP                            2
CPXPARAM_MIP_Tolerances_Integrality              0
Tried aggregator 2 times.
MIP Presolve eliminated 270 rows and 466 columns.
MIP Presolve modified 1989 coefficients.
Aggregator did 1 substitutions.
Reduced MIP has 5715 rows, 1248 columns, and 167229 nonzeros.
Reduced MIP has 1238 binaries, 0 generals, 0 SOSs, and 0 indicators.
Presolve time = 0.10 sec. (314.23 ticks)
Found incumbent of value 194.649410 after 0.17 sec. (440.67 ticks)
Probing fixed 120 vars, tightened 0 bounds.
Probing time = 0.04 sec. (53.74 ticks)
Tried aggregator 1 time.
Detecting symmetries...
MIP Presolve eliminated 9 rows and 120 columns.
MIP Presolve modified 75 coefficients.
Reduced MIP has 5706 rows, 1128 columns, and 166647 nonzeros.
Reduced MIP has 1118 binaries, 0 generals, 0 SOSs, and 0 indicators.
Presolve time = 0.06 sec. (171.57 ticks)
Probing time = 0.01 sec. (14.90 ticks)
Clique table members: 82628.
MIP emphasis: optimality.
MIP search method: dynamic search.
Parallel mode: deterministic, using up to 20 threads.
Root relaxation solution time = 0.21 sec. (260.43 ticks)

        Nodes                                         Cuts/
   Node  Left     Objective  IInf  Best Integer    Best Bound    ItCnt     Gap

*     0+    0                          194.6494      -10.0000           105.14%
*     0+    0                          108.8770      -10.0000           109.18%
      0     0       39.1737   147      108.8770       39.1737     1143   64.02%
*     0+    0                           59.0860       39.1737            33.70%
      0     0       41.3934   189       59.0860      Cuts: 63     2481   29.50%
      0     0       41.5634   205       59.0860      Cuts: 14     2742   29.50%
      0     0       41.6766   208       59.0860       Cuts: 8     2865   29.46%
      0     0       41.6842   200       59.0860       Cuts: 4     2900   29.45%
      0     0       41.6860   213       59.0860    MIRcuts: 2     2930   29.45%
Detecting symmetries...
      0     0       41.6927   205       59.0860    MIRcuts: 4     2966   29.44%
      0     0       41.6971   202       59.0860    MIRcuts: 2     2979   29.43%
      0     0       41.6985   205       59.0860    MIRcuts: 2     2990   29.43%
*     0+    0                           51.8068       41.6985            19.51%
*     0+    0                           51.6495       41.6985            19.27%
      0     0  -1.00000e+75     0       51.6495       41.6985     2990   19.27%
Detecting symmetries...
      0     2       41.6985   205       51.6495       41.7107     2990   19.24%
Elapsed time = 2.37 sec. (5382.00 ticks, tree = 0.02 MB, solutions = 5)
      2     3       41.7450   186       51.6495       41.7107     3106   19.24%
      8     3       48.2319   296       51.6495       42.7573     4269   17.22%
     38    23       50.3410   238       51.6495       43.9025     8423   15.00%
*   137    43      integral     0       48.6441       44.0803    15083    9.38%
    181     4       48.1945   236       48.6441       45.8784    21893    5.69%

Clique cuts applied:  6
Cover cuts applied:  1
Implied bound cuts applied:  23
Flow cuts applied:  1
Mixed integer rounding cuts applied:  13
Zero-half cuts applied:  16
Gomory fractional cuts applied:  3

Root node processing (before b&c):
  Real time             =    2.34 sec. (5326.98 ticks)
Parallel b&c, 20 threads:
  Real time             =    1.16 sec. (1516.96 ticks)
  Sync time (average)   =    0.77 sec.
  Wait time (average)   =    0.00 sec.
                          ------------
Total (root+branch&cut) =    3.50 sec. (6843.94 ticks)
Truck arcs:
3 4
4 1
5 11
8 9
9 5
48.6441
In write mode
