Instance name: /home/cuong/CLionProjects/uMV-FSTSP/rand_generated_instances/v90
Write arg val: 1

drone speed: 1 miles/minute
uav non-eligible customer: 12 
Printing tau:
0 8.91774 14.8569 11.3111 0.609347 19.2917 17.6092 11.7594 8.97852 16.8146 19.1942 0 
8.91774 0 5.9392 2.39336 9.12768 14.3409 12.6584 10.722 11.4279 11.8638 14.2434 8.91774 
14.8569 5.9392 0 3.54585 15.0669 19.11 17.4275 16.6612 17.3671 16.6329 19.0125 14.8569 
11.3111 2.39336 3.54585 0 11.521 15.7086 14.0261 13.1154 13.8212 13.2315 15.611 11.3111 
0.609347 9.12768 15.0669 11.521 0 18.6824 16.9998 11.1501 8.36918 16.2053 18.5848 0.609347 
19.2917 14.3409 19.11 15.7086 18.6824 0 6.33793 8.22956 10.3132 8.67633 1.95305 19.2917 
17.6092 12.6584 17.4275 14.0261 16.9998 6.33793 0 14.5675 15.2733 2.3384 8.29098 17.6092 
11.7594 10.722 16.6612 13.1154 11.1501 8.22956 14.5675 0 2.78091 16.9059 7.43473 11.7594 
8.97852 11.4279 17.3671 13.8212 8.36918 10.3132 15.2733 2.78091 0 17.6117 10.2156 8.97852 
16.8146 11.8638 16.6329 13.2315 16.2053 8.67633 2.3384 16.9059 17.6117 0 10.6294 16.8146 
19.1942 14.2434 19.0125 15.611 18.5848 1.95305 8.29098 7.43473 10.2156 10.6294 0 19.1942 
0 0 0 0 0 0 0 0 0 0 0 0 
Printing tau_prime:
0 3.60618 5.25311 4.19493 0.227865 7.189 7.68914 4.20624 3.29611 7.99054 6.96793 0 
3.60618 0 2.69301 0.974597 3.57356 5.14628 4.67737 4.49054 4.28396 4.7301 5.27536 3.60618 
5.25311 2.69301 0 1.7372 5.32909 7.38483 6.20586 7.17322 6.88295 5.88127 7.65928 5.25311 
4.19493 0.974597 1.7372 0 4.20681 5.81626 4.98547 5.46426 5.24567 4.86622 6.02572 4.19493 
0.227865 3.57356 5.32909 4.20681 0 7.00943 7.56056 3.98225 3.06867 7.88237 6.77604 0.227865 
7.189 5.14628 7.38483 5.81626 7.00943 0 2.31841 3.94431 4.82445 3.19011 0.691368 7.189 
7.68914 4.67737 6.20586 4.98547 7.56056 2.31841 0 5.55013 6.20245 0.873172 2.98439 7.68914 
4.20624 4.49054 7.17322 5.46426 3.98225 3.94431 5.55013 0 1.01437 6.23863 3.44002 4.20624 
3.29611 4.28396 6.88295 5.24567 3.06867 4.82445 6.20245 1.01437 0 6.81522 4.37482 3.29611 
7.99054 4.7301 5.88127 4.86622 7.88237 3.19011 0.873172 6.23863 6.81522 0 3.85107 7.99054 
6.96793 5.27536 7.65928 6.02572 6.77604 0.691368 2.98439 3.44002 4.37482 3.85107 0 6.96793 
0 0 0 0 0 0 0 0 0 0 0 0 
Printing number of nodes: 11

Version identifier: 22.1.1.0 | 2022-11-28 | 9160aff4d
CPXPARAM_ClockType                               0
CPXPARAM_Emphasis_MIP                            2
CPXPARAM_MIP_Tolerances_Integrality              0
Tried aggregator 1 time.
MIP Presolve eliminated 253 rows and 287 columns.
MIP Presolve modified 2241 coefficients.
Reduced MIP has 5733 rows, 1428 columns, and 168103 nonzeros.
Reduced MIP has 1418 binaries, 0 generals, 0 SOSs, and 0 indicators.
Presolve time = 0.17 sec. (351.29 ticks)
Found incumbent of value 159.521160 after 0.23 sec. (472.47 ticks)
Probing fixed 156 vars, tightened 0 bounds.
Probing time = 0.05 sec. (62.50 ticks)
Tried aggregator 1 time.
MIP Presolve eliminated 11 rows and 156 columns.
MIP Presolve modified 61 coefficients.
Reduced MIP has 5722 rows, 1272 columns, and 167329 nonzeros.
Reduced MIP has 1262 binaries, 0 generals, 0 SOSs, and 0 indicators.
Presolve time = 0.05 sec. (154.30 ticks)
Probing time = 0.01 sec. (15.10 ticks)
Tried aggregator 1 time.
Detecting symmetries...
Reduced MIP has 5722 rows, 1272 columns, and 167329 nonzeros.
Reduced MIP has 1262 binaries, 0 generals, 0 SOSs, and 0 indicators.
Presolve time = 0.05 sec. (93.28 ticks)
Probing time = 0.01 sec. (14.99 ticks)
Clique table members: 82288.
MIP emphasis: optimality.
MIP search method: dynamic search.
Parallel mode: deterministic, using up to 20 threads.
Root relaxation solution time = 0.24 sec. (315.92 ticks)

        Nodes                                         Cuts/
   Node  Left     Objective  IInf  Best Integer    Best Bound    ItCnt     Gap

*     0+    0                          159.5212      -10.0000           106.27%
*     0+    0                          119.7278      -10.0000           108.35%
      0     0       36.6745   152      119.7278       36.6745     1440   69.37%
*     0+    0                           55.3661       36.6745            33.76%
      0     0       38.2811   198       55.3661      Cuts: 63     2961   30.86%
      0     0       38.4692   194       55.3661      Cuts: 14     3158   30.52%
      0     0       38.5218   203       55.3661      Cuts: 13     3258   30.42%
*     0+    0                           51.6382       38.5218            25.40%
      0     0       38.6580   220       51.6382      Cuts: 15     3437   25.14%
      0     0       38.6980   224       51.6382       Cuts: 9     3547   25.06%
Detecting symmetries...
      0     0       38.7120   228       51.6382       Cuts: 3     3592   25.03%
*     0+    0                           51.6381       38.7120            25.03%
Detecting symmetries...
      0     2       38.7120   228       51.6381       38.7120     3592   25.03%
Elapsed time = 2.89 sec. (5887.16 ticks, tree = 0.02 MB, solutions = 5)
      2     3       38.8691   198       51.6381       38.7120     3784   25.03%
     23    10       50.2396   250       51.6381       38.8768     5735   24.71%
     48     7       50.1843   269       51.6381       40.3440     7543   21.87%
*    66     9      integral     0       51.4059       40.3461     9126   21.51%
    140    12       50.9514   225       51.4059       40.3461    15611   21.51%
    203     9       51.1592   144       51.4059       40.3461    10303   21.51%
    214     9       50.4127   215       51.4059       41.7374    23809   18.81%
    218     8       50.9548   101       51.4059       41.7374    24662   18.81%
    225     7       42.5694   193       51.4059       41.7374    24615   18.81%
    229     6        cutoff             51.4059       42.5694    25957   17.19%
    522    16       50.7488    87       51.4059       45.9829    53566   10.55%
Elapsed time = 5.34 sec. (9217.48 ticks, tree = 0.07 MB, solutions = 6)
    615     6       47.4208   243       51.4059       46.4537    67504    9.63%
    796    20        cutoff             51.4059       48.7893    84883    5.09%

Cover cuts applied:  11
Implied bound cuts applied:  5
Flow cuts applied:  2
Mixed integer rounding cuts applied:  3
Zero-half cuts applied:  28
Gomory fractional cuts applied:  1

Root node processing (before b&c):
  Real time             =    2.72 sec. (5820.74 ticks)
Parallel b&c, 20 threads:
  Real time             =    4.36 sec. (5947.17 ticks)
  Sync time (average)   =    3.13 sec.
  Wait time (average)   =    0.00 sec.
                          ------------
Total (root+branch&cut) =    7.08 sec. (11767.91 ticks)
Truck arcs:
0 1
1 5
4 11
5 10
7 8
8 4
10 7
51.4059
In write mode
