Instance name: /home/cuong/CLionProjects/uMV-FSTSP/rand_generated_instances/v93
Write arg val: 1

drone speed: 1 miles/minute
uav non-eligible customer: 12 
Printing tau:
0 7.48311 4.32152 7.07363 8.08769 13.4605 4.79977 16.5858 13.2669 14.8875 13.7647 0 
7.48311 0 4.66975 8.89484 3.7145 17.7671 12.2829 20.8924 17.5735 19.1941 18.0713 7.48311 
4.32152 4.66975 0 7.43681 3.76617 13.0973 9.12129 16.2227 12.9038 14.5244 13.4015 4.32152 
7.07363 8.89484 7.43681 0 9.49942 20.5341 7.18907 23.6595 20.3406 21.9612 20.8383 7.07363 
8.08769 3.7145 3.76617 9.49942 0 14.0526 12.8875 17.1779 13.859 16.8174 15.5396 8.08769 
13.4605 17.7671 13.0973 20.5341 14.0526 0 13.345 6.63673 3.64137 7.27383 5.99599 13.4605 
4.79977 12.2829 9.12129 7.18907 12.8875 13.345 0 16.4704 13.1515 14.7721 13.6493 4.79977 
16.5858 20.8924 16.2227 23.6595 17.1779 6.63673 16.4704 0 10.2781 1.69829 2.82113 16.5858 
13.2669 17.5735 12.9038 20.3406 13.859 3.64137 13.1515 10.2781 0 10.9152 9.63737 13.2669 
14.8875 19.1941 14.5244 21.9612 16.8174 7.27383 14.7721 1.69829 10.9152 0 1.27783 14.8875 
13.7647 18.0713 13.4015 20.8383 15.5396 5.99599 13.6493 2.82113 9.63737 1.27783 0 13.7647 
0 0 0 0 0 0 0 0 0 0 0 0 
Printing tau_prime:
0 3.05253 1.53327 2.55023 2.86708 4.78676 1.69746 6.52476 4.75379 6.10171 5.53396 0 
3.05253 0 1.99381 3.29345 1.33055 7.03184 4.61551 9.21341 6.48935 8.88306 8.28873 3.05253 
1.53327 1.99381 0 3.31994 1.37371 5.0611 3.22605 7.22223 4.62425 6.90373 6.30688 1.53327 
2.55023 3.29345 3.31994 0 4.06586 7.25992 2.80984 8.69198 7.30307 8.18418 7.67072 2.55023 
2.86708 1.33055 1.37371 4.06586 0 6.00577 4.56327 8.34328 5.32574 8.08118 7.47993 2.86708 
4.78676 7.03184 5.0611 7.25992 6.00577 0 4.86405 2.5936 1.28924 2.62071 2.12263 4.78676 
1.69746 4.61551 3.22605 2.80984 4.56327 4.86405 0 5.9384 5.26493 5.40439 4.916 1.69746 
6.52476 9.21341 7.22223 8.69198 8.34328 2.5936 5.9384 0 3.81861 0.641296 1.02282 6.52476 
4.75379 6.48935 4.62425 7.30307 5.32574 1.28924 5.26493 3.81861 0 3.90141 3.41187 4.75379 
6.10171 8.88306 6.90373 8.18418 8.08118 2.62071 5.40439 0.641296 3.90141 0 0.601417 6.10171 
5.53396 8.28873 6.30688 7.67072 7.47993 2.12263 4.916 1.02282 3.41187 0.601417 0 5.53396 
0 0 0 0 0 0 0 0 0 0 0 0 
Printing number of nodes: 11

Version identifier: 22.1.1.0 | 2022-11-28 | 9160aff4d
CPXPARAM_ClockType                               0
CPXPARAM_Emphasis_MIP                            2
CPXPARAM_MIP_Tolerances_Integrality              0
Tried aggregator 1 time.
MIP Presolve eliminated 258 rows and 330 columns.
MIP Presolve modified 2388 coefficients.
Reduced MIP has 5728 rows, 1385 columns, and 167893 nonzeros.
Reduced MIP has 1375 binaries, 0 generals, 0 SOSs, and 0 indicators.
Presolve time = 0.12 sec. (390.57 ticks)
Found incumbent of value 154.747870 after 0.17 sec. (512.50 ticks)
Probing fixed 157 vars, tightened 0 bounds.
Probing time = 0.04 sec. (58.79 ticks)
Tried aggregator 1 time.
MIP Presolve eliminated 10 rows and 157 columns.
MIP Presolve modified 98 coefficients.
Reduced MIP has 5718 rows, 1228 columns, and 167136 nonzeros.
Reduced MIP has 1218 binaries, 0 generals, 0 SOSs, and 0 indicators.
Presolve time = 0.05 sec. (159.83 ticks)
Probing time = 0.02 sec. (15.01 ticks)
Tried aggregator 1 time.
Detecting symmetries...
Reduced MIP has 5718 rows, 1228 columns, and 167136 nonzeros.
Reduced MIP has 1218 binaries, 0 generals, 0 SOSs, and 0 indicators.
Presolve time = 0.04 sec. (92.65 ticks)
Probing time = 0.02 sec. (14.55 ticks)
Clique table members: 82592.
MIP emphasis: optimality.
MIP search method: dynamic search.
Parallel mode: deterministic, using up to 20 threads.
Root relaxation solution time = 0.25 sec. (313.66 ticks)

        Nodes                                         Cuts/
   Node  Left     Objective  IInf  Best Integer    Best Bound    ItCnt     Gap

*     0+    0                          154.7479      -10.0000           106.46%
*     0+    0                          109.1929      -10.0000           109.16%
      0     0       39.8538   166      109.1929       39.8538     1507   63.50%
*     0+    0                           59.2681       39.8538            32.76%
      0     0       42.6340   158       59.2681      Cuts: 45     3477   28.07%
      0     0       42.6340   160       59.2681       Cuts: 8     3613   28.07%
*     0+    0                           55.3646       42.6340            22.99%
Detecting symmetries...
      0     2       42.6340   121       55.3646       42.6340     3613   22.99%
Elapsed time = 2.52 sec. (5656.25 ticks, tree = 0.02 MB, solutions = 4)
      1     3       49.1947   133       55.3646       42.6340     5283   22.99%
      9    11       49.6046   128       55.3646       42.6632     6904   22.94%
*    31+   14                           53.9065       42.6632            20.86%
    157    44       50.0695   226       53.9065       42.6632    15980   20.86%
*   211+   68                           51.5985       42.6632            17.32%
    286    65        cutoff             51.5985       42.6632    38894   17.32%
*   463+   92                           51.4113       43.0768            16.21%
    487   116       50.8892   226       51.4113       43.0768    56557   16.21%
*   632   126      integral     0       51.2441       43.0768    62133   15.94%
    798    69       50.8143   120       51.2441       43.0768    79998   15.94%
    986    34       50.0590   211       51.2441       43.0768    97885   15.94%
   1186    35       50.8144    44       51.2441       44.1201   116419   13.90%
   1362    13        cutoff             51.2441       46.1000   155729   10.04%

Clique cuts applied:  2
Cover cuts applied:  10
Implied bound cuts applied:  15
Flow cuts applied:  1
Mixed integer rounding cuts applied:  1
Zero-half cuts applied:  14
Gomory fractional cuts applied:  1

Root node processing (before b&c):
  Real time             =    2.48 sec. (5595.98 ticks)
Parallel b&c, 20 threads:
  Real time             =    3.16 sec. (2827.87 ticks)
  Sync time (average)   =    1.49 sec.
  Wait time (average)   =    0.00 sec.
                          ------------
Total (root+branch&cut) =    5.65 sec. (8423.85 ticks)
Truck arcs:
0 2
2 10
5 8
7 5
8 11
9 7
10 9
51.2441
In write mode
