Instance name: /home/cuong/CLionProjects/uMV-FSTSP/rand_generated_instances/v94
Write arg val: 1

drone speed: 1 miles/minute
uav non-eligible customer: 12 
Printing tau:
0 4.47208 7.35274 4.96289 5.1683 13.7946 14.776 10.8252 23.0428 12.9795 10.2471 0 
4.47208 0 11.8248 9.43497 9.64038 9.91426 10.3039 9.37029 18.5707 10.0987 14.7192 4.47208 
7.35274 11.8248 0 4.03368 2.18444 21.1473 22.1288 10.0987 30.3955 20.3323 2.89437 7.35274 
4.96289 9.43497 4.03368 0 5.57196 18.7575 19.7389 14.1324 28.0057 17.9424 5.28423 4.96289 
5.1683 9.64038 2.18444 5.57196 0 18.9629 19.9443 8.56042 28.2111 18.1478 5.07881 5.1683 
13.7946 9.91426 21.1473 18.7575 18.9629 0 17.8477 15.2967 12.3849 20.013 24.0417 13.7946 
14.776 10.3039 22.1288 19.7389 19.9443 17.8477 0 17.3037 8.26679 2.16525 25.0231 14.776 
10.8252 9.37029 10.0987 14.1324 8.56042 15.2967 17.3037 0 24.5449 19.469 9.77629 10.8252 
23.0428 18.5707 30.3955 28.0057 28.2111 12.3849 8.26679 24.5449 0 10.0633 33.2899 23.0428 
12.9795 10.0987 20.3323 17.9424 18.1478 20.013 2.16525 19.469 10.0633 0 23.2267 12.9795 
10.2471 14.7192 2.89437 5.28423 5.07881 24.0417 25.0231 9.77629 33.2899 23.2267 0 10.2471 
0 0 0 0 0 0 0 0 0 0 0 0 
Printing tau_prime:
0 1.66268 2.61224 2.10856 1.995 6.32008 5.70419 3.86394 8.15477 5.51344 3.64183 0 
1.66268 0 4.18863 3.73658 3.42039 4.81147 4.5977 3.92895 6.62359 4.66852 5.206 1.66268 
2.61224 4.18863 0 1.65763 0.944596 8.37016 8.22796 4.12634 10.7641 7.91521 1.02964 2.61224 
2.10856 3.73658 1.65763 0 1.97132 8.4205 7.06825 5.14419 9.93459 6.61825 2.42122 2.10856 
1.995 3.42039 0.944596 1.97132 0 7.43708 7.6992 3.29245 10.0413 7.48616 1.84637 1.995 
6.32008 4.81147 8.37016 8.4205 7.43708 0 6.31965 5.41162 5.46483 7.08152 9.25008 6.32008 
5.70419 4.5977 8.22796 7.06825 7.6992 6.31965 0 8.39938 3.50325 0.994712 9.23864 5.70419 
3.86394 3.92895 4.12634 5.14419 3.29245 5.41162 8.39938 0 9.63497 8.57876 4.63749 3.86394 
8.15477 6.62359 10.7641 9.93459 10.0413 5.46483 3.50325 9.63497 0 4.46453 11.7924 8.15477 
5.51344 4.66852 7.91521 6.61825 7.48616 7.08152 0.994712 8.57876 4.46453 0 8.89822 5.51344 
3.64183 5.206 1.02964 2.42122 1.84637 9.25008 9.23864 4.63749 11.7924 8.89822 0 3.64183 
0 0 0 0 0 0 0 0 0 0 0 0 
Printing number of nodes: 11

Version identifier: 22.1.1.0 | 2022-11-28 | 9160aff4d
CPXPARAM_ClockType                               0
CPXPARAM_Emphasis_MIP                            2
CPXPARAM_MIP_Tolerances_Integrality              0
Tried aggregator 1 time.
MIP Presolve eliminated 275 rows and 509 columns.
MIP Presolve modified 2000 coefficients.
Reduced MIP has 5711 rows, 1206 columns, and 167012 nonzeros.
Reduced MIP has 1196 binaries, 0 generals, 0 SOSs, and 0 indicators.
Presolve time = 0.09 sec. (250.54 ticks)
Found incumbent of value 188.229920 after 0.15 sec. (377.25 ticks)
Probing fixed 129 vars, tightened 0 bounds.
Probing time = 0.10 sec. (50.06 ticks)
Tried aggregator 1 time.
MIP Presolve eliminated 10 rows and 129 columns.
MIP Presolve modified 54 coefficients.
Reduced MIP has 5701 rows, 1077 columns, and 166395 nonzeros.
Reduced MIP has 1067 binaries, 0 generals, 0 SOSs, and 0 indicators.
Presolve time = 0.06 sec. (155.60 ticks)
Probing time = 0.01 sec. (14.64 ticks)
Tried aggregator 1 time.
Detecting symmetries...
Reduced MIP has 5701 rows, 1077 columns, and 166395 nonzeros.
Reduced MIP has 1067 binaries, 0 generals, 0 SOSs, and 0 indicators.
Presolve time = 0.04 sec. (91.94 ticks)
Probing time = 0.05 sec. (14.49 ticks)
Clique table members: 84834.
MIP emphasis: optimality.
MIP search method: dynamic search.
Parallel mode: deterministic, using up to 20 threads.
Root relaxation solution time = 0.22 sec. (263.86 ticks)

        Nodes                                         Cuts/
   Node  Left     Objective  IInf  Best Integer    Best Bound    ItCnt     Gap

*     0+    0                          188.2299      -10.0000           105.31%
*     0+    0                          148.0988      -10.0000           106.75%
      0     0       43.7758   166      148.0988       43.7758     1202   70.44%
*     0+    0                           76.4159       43.7758            42.71%
      0     0       44.6318   211       76.4159      Cuts: 85     2088   41.59%
      0     0       44.7956   212       76.4159      Cuts: 21     2254   41.38%
      0     0       44.8940   210       76.4159      Cuts: 17     2367   41.25%
      0     0       44.9973   225       76.4159      Cuts: 14     2509   41.12%
      0     0       45.0754   227       76.4159      Cuts: 15     2650   41.01%
Detecting symmetries...
      0     0       45.1775   233       76.4159      Cuts: 10     2761   40.88%
      0     0       45.2426   227       76.4159       Cuts: 8     2831   40.79%
      0     0       45.2925   236       76.4159       Cuts: 7     2895   40.73%
      0     0       45.3070   249       76.4159       Cuts: 7     2949   40.71%
*     0+    0                           59.0448       45.3070            23.27%
      0     0       45.3078   238       59.0448       Cuts: 2     2959   23.27%
      0     0       45.3217   250       59.0448       Cuts: 3     3006   23.24%
*     0+    0                           53.9616       45.3217            16.01%
      0     0       45.3237   252       53.9616       Cuts: 2     3024   16.01%
      0     0       45.3306   253       53.9616   ZeroHalf: 1     3060   15.99%
      0     0       45.3651   256       53.9616       Cuts: 7     3116   15.93%
      0     0       45.3676   261       53.9616       Cuts: 4     3144   15.93%
Detecting symmetries...
      0     2       45.3676   261       53.9616       45.3676     3144   15.93%
Elapsed time = 2.64 sec. (5255.14 ticks, tree = 0.02 MB, solutions = 5)
      2     3       45.4452   247       53.9616       45.3676     3349   15.93%
      5     5       48.3095   152       53.9616       45.6396     5320   15.42%
     15     7       48.7861   270       53.9616       45.6396     8188   15.42%
*    16+    5                           53.6921       45.6396            15.00%
*    37+   13                           53.6921       45.6396            15.00%
*    40+   15                           53.2700       45.6396            14.32%
     77    10       48.8405   280       53.2700       48.5919    14022    8.78%
    138     8        cutoff             53.2700       50.2708    21110    5.63%
    209     5       53.1513   168       53.2700       52.8996    25197    0.70%

Clique cuts applied:  12
Cover cuts applied:  3
Implied bound cuts applied:  44
Flow cuts applied:  1
Mixed integer rounding cuts applied:  5
Zero-half cuts applied:  24
Gomory fractional cuts applied:  3

Root node processing (before b&c):
  Real time             =    2.57 sec. (5124.13 ticks)
Parallel b&c, 20 threads:
  Real time             =    1.74 sec. (2074.60 ticks)
  Sync time (average)   =    1.36 sec.
  Wait time (average)   =    0.00 sec.
                          ------------
Total (root+branch&cut) =    4.31 sec. (7198.73 ticks)
Truck arcs:
0 9
1 4
2 3
3 11
4 2
6 1
9 6
53.27
In write mode
