Instance name: /home/cuong/CLionProjects/uMV-FSTSP/rand_generated_instances/v99
Write arg val: 1

drone speed: 1 miles/minute
uav non-eligible customer: 12 
Printing tau:
0 7.15777 2.66034 7.78202 8.53594 16.8709 20.8689 18.5214 17.2721 6.93204 13.0785 0 
7.15777 0 8.04999 3.52321 7.8535 9.71312 13.7112 13.3084 11.8824 1.8102 15.4418 7.15777 
2.66034 8.04999 0 5.89392 6.64784 17.6233 18.9808 16.6333 19.9324 9.59238 11.1904 2.66034 
7.78202 3.52321 5.89392 0 4.33029 13.0965 13.0869 10.7394 15.4056 5.06559 11.9186 7.78202 
8.53594 7.8535 6.64784 4.33029 0 17.4268 12.333 9.98546 19.7359 9.39589 7.58827 8.53594 
16.8709 9.71312 17.6233 13.0965 17.4268 0 16.0282 22.8817 4.07521 11.5233 25.0151 16.8709 
20.8689 13.7112 18.9808 13.0869 12.333 16.0282 0 6.85355 18.3373 15.5214 8.98689 20.8689 
18.5214 13.3084 16.6333 10.7394 9.98546 22.8817 6.85355 0 25.1909 14.8508 5.44293 18.5214 
17.2721 11.8824 19.9324 15.4056 19.7359 4.07521 18.3373 25.1909 0 10.3401 27.3242 17.2721 
6.93204 1.8102 9.59238 5.06559 9.39589 11.5233 15.5214 14.8508 10.3401 0 16.9842 6.93204 
13.0785 15.4418 11.1904 11.9186 7.58827 25.0151 8.98689 5.44293 27.3242 16.9842 0 13.0785 
0 0 0 0 0 0 0 0 0 0 0 0 
Printing tau_prime:
0 3.16785 1.15338 2.82939 3.14111 7.97274 7.38789 7.1217 7.59979 3.09535 5.83193 0 
3.16785 0 3.40169 1.26504 2.81906 4.82173 5.35795 6.18715 4.64998 0.840816 5.84704 3.16785 
1.15338 3.40169 0 2.6275 2.35139 8.17821 6.73439 6.16764 8.03335 3.60524 4.74161 1.15338 
2.82939 1.26504 2.6275 0 1.55402 5.63612 4.7416 5.13669 5.7279 1.98704 4.61119 2.82939 
3.14111 2.81906 2.35139 1.55402 0 6.82976 4.38832 4.02284 7.13839 3.508 3.12683 3.14111 
7.97274 4.82173 8.17821 5.63612 6.82976 0 5.84046 8.11094 1.65603 4.96591 8.94523 7.97274 
7.38789 5.35795 6.73439 4.7416 4.38832 5.84046 0 2.5613 7.08374 6.17322 4.20499 7.38789 
7.1217 6.18715 6.16764 5.13669 4.02284 8.11094 2.5613 0 9.13348 7.01869 2.0669 7.1217 
7.59979 4.64998 8.03335 5.7279 7.13839 1.65603 7.08374 9.13348 0 4.50543 9.66108 7.59979 
3.09535 0.840816 3.60524 1.98704 3.508 4.96591 6.17322 7.01869 4.50543 0 6.59762 3.09535 
5.83193 5.84704 4.74161 4.61119 3.12683 8.94523 4.20499 2.0669 9.66108 6.59762 0 5.83193 
0 0 0 0 0 0 0 0 0 0 0 0 
Printing number of nodes: 11

Version identifier: 22.1.1.0 | 2022-11-28 | 9160aff4d
CPXPARAM_ClockType                               0
CPXPARAM_Emphasis_MIP                            2
CPXPARAM_MIP_Tolerances_Integrality              0
Tried aggregator 1 time.
MIP Presolve eliminated 257 rows and 326 columns.
MIP Presolve modified 2222 coefficients.
Reduced MIP has 5729 rows, 1389 columns, and 167949 nonzeros.
Reduced MIP has 1379 binaries, 0 generals, 0 SOSs, and 0 indicators.
Presolve time = 0.08 sec. (234.78 ticks)
Found incumbent of value 159.650440 after 0.14 sec. (358.37 ticks)
Probing fixed 163 vars, tightened 0 bounds.
Probing time = 0.04 sec. (58.60 ticks)
Tried aggregator 1 time.
MIP Presolve eliminated 10 rows and 163 columns.
MIP Presolve modified 60 coefficients.
Reduced MIP has 5719 rows, 1226 columns, and 167160 nonzeros.
Reduced MIP has 1216 binaries, 0 generals, 0 SOSs, and 0 indicators.
Presolve time = 0.05 sec. (157.69 ticks)
Probing time = 0.01 sec. (14.92 ticks)
Tried aggregator 1 time.
Detecting symmetries...
Reduced MIP has 5719 rows, 1226 columns, and 167160 nonzeros.
Reduced MIP has 1216 binaries, 0 generals, 0 SOSs, and 0 indicators.
Presolve time = 0.04 sec. (92.73 ticks)
Probing time = 0.01 sec. (14.95 ticks)
Clique table members: 82710.
MIP emphasis: optimality.
MIP search method: dynamic search.
Parallel mode: deterministic, using up to 20 threads.
Root relaxation solution time = 0.21 sec. (238.32 ticks)

        Nodes                                         Cuts/
   Node  Left     Objective  IInf  Best Integer    Best Bound    ItCnt     Gap

*     0+    0                          159.6504      -10.0000           106.26%
*     0+    0                          131.3342      -10.0000           107.61%
      0     0       41.2839   165      131.3342       41.2839      991   68.57%
*     0+    0                           64.4038       41.2839            35.90%
      0     0       42.2291   214       64.4038      Cuts: 52     1606   34.43%
      0     0       42.4598   216       64.4038      Cuts: 22     1797   34.07%
      0     0       42.7040   211       64.4038      Cuts: 15     1915   33.69%
*     0+    0                           63.4948       42.7040            32.74%
*     0+    0                           61.6073       42.7040            30.68%
      0     0  -1.00000e+75     0       61.6073       42.7040     1915   30.68%
      0     0       42.7952   219       61.6073       Cuts: 8     2017   30.54%
      0     0       42.8614   213       61.6073       Cuts: 5     2072   30.43%
Detecting symmetries...
      0     0       42.8789   211       61.6073       Cuts: 7     2107   30.40%
      0     0       42.9213   217       61.6073       Cuts: 5     2188   30.33%
      0     0       42.9586   223       61.6073   ZeroHalf: 9     2250   30.27%
      0     0       43.0044   230       61.6073       Cuts: 4     2324   30.20%
*     0+    0                           55.8733       43.0044            23.03%
      0     0       43.0132   229       55.8733       Cuts: 3     2351   23.02%
      0     0       43.0245   237       55.8733       Cuts: 6     2398   23.00%
      0     0       43.0648   235       55.8733       Cuts: 7     2454   22.92%
      0     0       43.0945   241       55.8733      Cuts: 12     2523   22.87%
      0     0       43.1345   242       55.8733      Cuts: 14     2604   22.80%
      0     0       43.1619   244       55.8733       Cuts: 4     2662   22.75%
      0     0       43.1838   243       55.8733       Cuts: 9     2707   22.71%
      0     0       43.2008   248       55.8733       Cuts: 7     2746   22.68%
*     0+    0                           55.3160       43.2008            21.90%
      0     0       43.3091   224       55.3160       Cuts: 7     2812   21.71%
      0     0       43.3228   218       55.3160       Cuts: 3     2839   21.68%
      0     0       43.3369   223       55.3160       Cuts: 2     2860   21.66%
      0     0       43.3513   223       55.3160       Cuts: 2     2887   21.63%
      0     0       43.3513   225       55.3160    MIRcuts: 1     2888   21.63%
*     0+    0                           53.3160       43.3513            18.69%
      0     0  -1.00000e+75     0       53.3160       43.3513     2888   18.69%
Detecting symmetries...
      0     2       43.3513   223       53.3160       43.3513     2888   18.69%
Elapsed time = 3.23 sec. (7209.63 ticks, tree = 0.02 MB, solutions = 8)
     10    10       50.1511   172       53.3160       43.7888     4917   17.87%
    113    78       52.8240   180       53.3160       44.1205    15073   17.25%
*   178   109      integral     0       53.1929       44.1205    18324   17.06%
*   244   161      integral     0       51.8749       44.1205    28833   14.95%
*   276   137      integral     0       50.8749       44.1205    29615   13.28%
*   290+  158                           50.3658       44.1205            12.40%
    405    15        cutoff             50.3658       44.1205    41031   12.40%
    557    10       50.1379    52       50.3658       45.7032    50874    9.26%
    680    24       47.9817    58       50.3658       45.7032    66702    9.26%
    921    27        cutoff             50.3658       46.6231    74592    7.43%
   1040    12       47.8946   270       50.3658       47.4566    88396    5.78%
   1068     8       49.4405   100       50.3658       48.2314    95271    4.24%

Clique cuts applied:  1
Cover cuts applied:  17
Implied bound cuts applied:  44
Flow cuts applied:  3
Mixed integer rounding cuts applied:  8
Zero-half cuts applied:  33
Gomory fractional cuts applied:  1

Root node processing (before b&c):
  Real time             =    3.17 sec. (7150.72 ticks)
Parallel b&c, 20 threads:
  Real time             =    2.49 sec. (2284.67 ticks)
  Sync time (average)   =    1.36 sec.
  Wait time (average)   =    0.00 sec.
                          ------------
Total (root+branch&cut) =    5.66 sec. (9435.39 ticks)
Truck arcs:
0 9
1 3
2 11
3 7
4 2
7 10
9 1
10 4
50.3657
In write mode
